29.5427
25.9233
22.1026
18.6074
14.7312
11.3237
8.34961
5.62931
3.59906
1.90486
0.60129
0.0291357
0.119896
0.984959
2.02794
3.77699
6.49325
9.12793
12.8314
15.4319
19.0092
22.9591
25.5029
29.5692
31.9765
34.4494
35.9832
38.634
39.7022
38.634
41.3476
39.151
38.634
37.5504
34.4494
31.9765
29.5692
26.8249
22.5404
18.6284
15.4319
12.5361
8.86464
6.49325
3.93984
2.02794
0.745137
0.0680765
0.089958
0.60129
2.021
3.76752
5.82774
8.34961
11.9054
15.0701
17.8784
20.9041
23.7605
26.7997
30.5047
32.921
35.4295
35.9539
37.0144
38.6037
37.5205
37.0144
35.9539
34.9377
32.4193
30.0217
27.6906
25.0371
22.1026
20.5268
15.74
12.5189
9.1132
5.42296
4.28593
2.54323
1.25819
0.184185
0.00192653
0.317288
1.07401
2.55101
4.47991
7.3923
8.6195
11.9222
14.1017
17.899
20.9264
24.2143
26.8249
29.0938
31.9765
30.0485
36.5117
37.0441
37.0441
37.0441
37.0441
35.9832
33.9361
30.9914
28.6483
25.0615
22.9591
20.1529
16.8222
13.468
10.4864
7.6329
5.43432
3.44349
1.67656
0.82284
0.0173387
0.150322
0.818422
2.021
3.59906
5.62931
8.09788
11.0302
14.4147
17.5091
20.5268
22.9357
25.0371
27.256
30.5047
31.4547
33.9077
35.4295
34.4208
33.9077
32.921
32.921
30.0217
30.5047
26.3472
24.5998
22.5172
18.2306
15.0701
12.8139
9.91019
6.92265
5.03275
3.1254
1.67025
0.671287
0.0460463
0.0680765
0.605077
1.46283
3.44349
5.43432
6.27149
9.12793
12.2272
15.089
17.899
20.5489
25.0615
26.8249
27.7163
31.482
32.447
33.9361
34.4494
35.9832
34.9666
33.9361
31.9765
30.0485
28.1804
26.3722
22.5404
20.1529
17.1639
13.1478
9.66607
8.86464
5.43432
3.77699
1.91159
0.745137
0.0914267
0.0167025
0.417562
1.16165
2.54323
4.28593
6.69361
9.38013
11.6044
14.4147
16.8022
19.7391
22.9357
24.5998
27.256
29.5427
30.5047
30.9643
31.4547
32.4193
31.4547
30.9643
30.0217
28.1545
26.3472
23.3345
21.7146
17.8784
15.74
13.1301
11.0302
7.86367
5.82774
3.93016
2.41273
1.25819
0.362763
0.00728393
0.538719
0.82284
1.91159
3.29136
4.84847
7.1686
9.92555
11.9222
15.7594
17.899
20.1529
22.9591
25.9481
26.3722
29.0938
31.482
31.9765
37.0441
32.447
30.9914
30.5047
28.6483
26.8249
25.0615
22.1256
20.1529
17.1639
14.1017
11.3401
9.12793
6.93549
4.65711
2.55101
1.46283
0.42072
0.0470988
0.223786
0.535146
1.56482
3.1254
4.64659
6.92265
9.38013
11.6044
14.4147
17.1437
19.7391
22.1026
24.1903
26.3472
28.1545
28.6222
30.0217
30.5047
30.5047
29.0675
28.6222
26.7997
25.4783
23.3345
21.3074
18.988
16.0902
14.0834
11.3237
8.85013
6.69361
4.64659
2.97213
1.56482
0.740933
0.118214
0.00770611
0.365707
1.16691
2.28567
3.77699
5.64089
7.87735
10.4864
12.8314
15.4319
17.5295
20.9264
22.1256
24.624
26.3722
28.1804
30.5047
31.482
30.5047
30.0485
28.6483
28.1804
27.2815
26.3722
23.7842
21.3299
18.2515
15.4319
12.8314
10.7566
8.6195
6.27149
4.11601
2.15488
0.984959
0.317288
0.0173387
0.0291357
0.476214
1.3529
3.1254
4.46959
6.04158
7.61943
10.1885
11.9054
15.0701
17.1437
19.7391
20.5268
22.1026
22.9357
25.0371
26.3472
27.256
26.7997
25.9233
25.0371
29.5427
25.0371
22.1026
19.7391
17.5091
14.7312
11.9054
10.1885
8.85013
6.69361
5.42296
2.97213
1.90486
0.818422
0.223786
0
0.0680765
0.479586
2.15488
2.83913
4.47991
6.49325
7.6329
9.39507
11.3401
13.468
16.1098
19.0092
20.9264
22.1256
22.1256
23.7842
25.0615
26.3722
25.9481
26.8249
24.2143
23.3581
20.5489
20.5489
18.2515
15.7594
13.468
11.3401
8.86464
6.93549
5.43432
3.44349
1.79215
0.984959
0.269767
0.0299741
0.089958
0.417562
1.3529
2.54323
4.10612
6.25928
9.1132
10.1885
11.6044
14.0834
16.0902
18.2306
20.9041
21.7146
23.3345
23.3345
25.0371
25.0371
24.5998
25.0371
23.3345
22.1026
20.9041
18.988
17.8784
16.0902
13.7559
11.0302
9.1132
6.92265
5.42296
3.93016
2.54323
1.25819
0.476214
0.118214
0.0299741
0.317288
0.82284
1.91159
2.98055
5.04369
6.70623
8.6195
10.4864
12.8314
14.75
17.1639
19.3724
22.1256
23.3581
25.9481
25.0615
25.5029
26.8249
26.3722
25.9481
25.5029
23.3581
22.1256
20.1529
19.3724
16.8222
15.089
12.5361
9.66607
7.6329
5.64089
3.77699
2.55101
1.57093
0.605077
0.0914267
0.0167025
0.362763
0.980125
2.14772
2.68515
5.42296
6.48083
8.60519
10.4706
12.8139
15.0701
16.8022
18.6074
21.3074
21.7146
22.5172
22.9357
24.1903
23.3345
24.1903
23.3345
22.9357
21.7146
19.7391
17.5091
15.74
13.7559
12.8139
9.91019
8.09788
5.82774
4.10612
2.83092
1.67025
0.818422
0.26724
0.00728393
0.152219
0.538719
1.46283
2.55101
4.11601
5.43432
6.93549
9.39507
11.3401
13.1478
15.089
17.1639
18.6284
20.5489
23.7842
22.1256
22.9591
23.3581
22.5404
22.5404
21.3299
20.5489
18.6284
16.8222
12.5361
13.774
11.621
9.92555
8.11176
6.05358
4.29603
2.83913
1.46283
0.675289
0.186284
0.00770611
0.150322
0.60129
1.45693
2.41273
3.76752
5.03275
6.92265
8.09788
10.4706
12.2102
13.7559
15.74
16.4443
17.5091
18.2306
19.7391
18.988
19.351
18.2306
17.5091
17.1437
16.4443
14.7312
12.8139
11.3237
10.1885
9.1132
6.69361
5.22046
3.59906
2.2783
1.06896
0.476214
0.06681
0.0299741
0.317288
1.07401
2.28567
3.60832
6.49325
8.6195
11.621
15.089
20.1529
23.7842
28.1804
35.4585
41.914
47.6888
55.0959
62.3809
70.0773
78.2644
89.3299
101.127
111.791
122.019
132.75
147.05
159.855
172.105
184.807
196.66
206.492
216.563
225.48
232.045
238.629
238.629
238.629
238.629
234.653
226.801
213.987
202.794
187.135
167.593
150.202
129.788
106.392
85.2747
66.5307
49.4904
32.949
19.7607
9.39507
3.29136
0.269767
0.671287
4.10612
11.0302
20.5268
33.9077
48.2291
64.3999
83.6611
99.3205
119.127
136.712
154.415
170.892
183.55
197.824
208.881
221.543
228.051
231.971
234.578
238.553
235.924
235.924
230.636
226.727
217.713
210.152
199.061
190.62
178.889
165.328
158.747
140.791
126.805
113.551
100.197
90.069
75.9519
64.3999
53.8004
42.9943
33.4266
24.5998
17.8784
12.5189
7.86367
3.93016
1.78563
0.314547
0.0470988
0.675289
1.26366
4.47991
7.6329
11.0464
15.089
18.6284
22.5404
26.8249
31.482
33.9361
34.9666
39.151
40.785
40.785
41.914
40.785
41.3476
39.151
37.5504
32.949
30.9914
25.9481
22.1256
18.2515
14.4333
11.0464
8.11176
4.65711
2.98055
0.984959
0.269767
0
0.26724
1.25819
2.97213
5.22046
7.15554
9.91019
11.9054
15.4128
17.5091
20.131
21.7146
22.9357
23.7605
24.1903
23.3345
22.5172
20.5268
18.6074
15.0701
12.5189
8.85013
6.04158
2.97213
0.980125
0.00728393
0.904396
4.11601
9.66607
18.2515
30.9914
45.9205
65.8166
90.9505
119.18
148.117
180.13
215.273
253.546
289.031
325.342
355.57
382.072
402.646
413.086
413.086
418.357
411.304
395.728
368.749
336.342
296.457
253.546
211.497
167.593
129.788
90.9505
53.8361
27.7163
10.4864
1.35858
0.899764
9.1132
25.4783
49.4561
79.7382
115.43
152.241
190.62
224.164
268.834
305.339
337.864
365.385
387.141
399.034
412.987
416.463
418.257
409.526
397.379
378.648
373.635
326.84
315.998
287.541
263.187
234.578
207.685
177.717
152.241
127.796
104.539
82.8601
61.6512
43.5718
29.5427
19.7391
11.0302
4.83774
1.16165
0.00770611
1.46283
4.65711
9.39507
15.7594
22.9591
33.4548
41.914
51.9563
60.3561
67.2486
76.7616
81.3576
88.5022
92.6326
95.137
94.2827
92.6326
91.7896
86.0873
79.0429
75.2311
67.9302
58.3647
49.4904
40.785
32.949
24.624
17.1639
11.0464
5.43432
2.02794
0.269767
0.118214
1.67025
4.46959
10.4706
14.4147
22.1026
30.5047
38.6037
47.6551
55.0596
65.777
74.4716
82.1071
89.2839
93.3851
98.4475
100.197
102.801
102.801
100.197
98.4475
91.7429
86.042
78.9996
70.773
62.9987
54.4102
44.1532
35.4295
26.7997
18.988
12.2102
6.25928
2.41273
0.417562
0.269767
2.42031
7.1686
14.1017
23.7842
35.4585
50.6985
70.0773
91.7896
113.603
137.798
164.263
191.902
221.616
253.546
280.309
313.058
333.218
355.57
375.428
392.34
400.887
411.304
404.41
404.41
385.511
365.478
337.954
317.648
289.031
253.546
215.273
180.13
145.988
112.721
83.7057
56.3701
35.9832
19.7607
7.1686
1.26366
0.184185
3.43445
10.7406
20.5268
33.4266
46.4508
60.3182
75.1888
86.042
95.8996
104.539
109.892
110.814
109.892
105.439
101.913
91.7429
85.2297
75.1888
64.3999
53.1584
43.5718
34.4208
26.3472
18.988
13.4501
9.1132
5.22046
2.97213
1.16165
0.362763
0.0460463
0.00192653
0.269767
0.675289
0.984959
1.26366
1.46283
1.07401
0.984959
0.675289
0.365707
0.119896
0
0.223786
0.980125
2.41273
3.93016
7.61943
10.1885
14.4147
18.988
25.4783
31.9489
39.6715
46.4508
54.4102
64.3999
69.3443
79.7382
87.6326
95.8996
101.078
106.342
111.74
112.67
114.489
118.224
124.89
114.489
112.67
108.11
104.539
96.7612
92.5857
84.466
75.9519
66.4909
61.6512
50.0754
41.8824
33.9077
26.7997
19.7391
13.7559
8.60519
5.22046
2.14772
0.26724
0.00192653
0.605077
2.42031
5.23161
8.86464
13.1478
18.2515
24.624
30.0485
35.9832
42.4524
48.263
53.8361
58.3647
63.7363
67.2486
69.385
70.8141
71.5547
70.0773
67.9302
65.8166
61.6895
55.7494
53.194
45.9205
40.2572
34.4494
29.0938
21.7373
16.464
12.5361
8.11176
4.47991
1.91159
0.675289
0
0.362763
1.56482
3.93016
6.25928
9.65091
13.4501
16.8022
21.3074
24.5998
28.1545
31.9489
34.4208
35.4295
37.0144
37.5205
35.4295
34.9377
33.9077
31.9489
26.3472
22.5172
17.8784
13.7559
9.65091
5.82774
2.54323
0.535146
0.0299741
1.16691
4.65711
10.7566
18.2515
29.5692
44.1857
61.6895
82.1514
104.589
130.79
158.809
188.338
216.563
245.381
270.276
296.457
317.648
337.954
352.359
358.889
360.461
355.57
342.722
326.928
305.425
280.309
248.062
215.273
180.13
145.988
113.603
83.7057
55.7494
33.4548
17.1639
6.49325
0.745137
0.535146
5.42296
14.0834
26.7997
41.3162
56.3335
71.5134
83.6611
95.8996
106.342
113.551
116.322
114.489
109.024
101.913
91.7429
78.2213
68.6153
55.7129
42.4206
30.0217
20.5268
11.9054
6.25928
2.2783
0.362763
0.186284
1.46283
4.11601
7.3923
10.4864
14.75
17.899
20.9264
22.9591
23.3581
21.7373
21.7373
19.0092
16.1098
12.5361
8.86464
5.23161
2.28567
0.538719
0.0291357
0.980125
3.93016
8.85013
16.8022
25.4783
36.4822
49.4561
63.6974
78.9996
95.8996
114.489
132.693
150.142
165.328
178.889
192.984
205.162
213.916
221.543
228.051
231.971
228.051
226.727
221.543
213.916
205.162
192.984
180.065
165.328
151.219
134.724
120.087
103.693
86.8582
70.0365
56.3335
44.1532
38.6037
22.1026
13.7559
6.25928
2.54323
0.362763
0.119896
1.91159
5.64089
11.0464
17.5295
27.2815
34.4494
44.7385
55.7494
65.1457
75.2311
86.0873
94.2827
101.962
119.18
109.943
116.375
118.277
117.324
113.603
109.075
103.743
95.137
86.9037
78.2644
68.6557
56.3701
44.1857
34.9666
26.3722
17.899
11.3401
5.64089
2.15488
0.152219
0.223786
2.2783
5.82774
11.3237
18.2306
26.3472
34.9377
45.8875
55.0596
65.777
74.4716
84.466
93.3851
101.913
108.11
112.67
115.43
118.224
117.271
120.087
112.67
109.892
104.539
95.0895
87.6326
78.9996
70.773
60.3182
50.6638
41.8824
33.9077
23.7605
15.74
11.0302
5.82774
2.54323
0.362763
0.0470988
1.26366
3.60832
7.87735
14.1017
19.0092
28.1804
37.5504
45.3276
55.0959
62.3809
73.0059
80.5677
89.3299
97.6748
100.246
105.489
108.16
109.075
111.791
107.249
103.743
100.246
93.4322
84.5108
79.0429
67.2486
58.9998
48.8748
39.7022
30.0485
21.3299
15.089
8.86464
4.47991
1.16691
0.0914267
0.362763
2.2783
6.04158
11.0302
16.4443
22.9357
31.9489
41.8824
48.2291
56.9943
64.3999
72.9642
80.524
87.6326
90.904
94.2353
97.6267
99.3205
97.6267
96.7612
93.3851
90.069
84.466
77.4468
69.3443
62.3424
52.5203
45.8875
38.0602
30.5047
22.5172
16.4443
10.7406
6.25928
2.68515
0.671287
0.06681
0.675289
2.69315
5.64089
10.4864
15.4319
22.1256
28.6483
35.4585
44.1857
55.0959
63.7363
67.2486
74.5137
82.1514
85.2747
90.9505
94.2827
96.8092
93.4322
93.4322
88.5022
86.0873
81.3576
74.5137
67.2486
61.6895
51.9563
43.0263
35.4585
25.9481
19.0092
13.774
8.36371
4.47991
1.67656
0.186284
0.184185
1.67025
4.10612
8.09788
14.0834
18.6074
25.0371
33.4266
40.7539
47.6551
55.7129
62.3424
69.3443
74.4716
78.9996
82.8601
86.042
86.042
85.2297
84.466
82.8601
78.9996
73.716
66.4909
63.6974
57.659
48.8407
42.9943
34.4208
27.6906
21.3074
15.0701
10.4706
6.25928
2.97213
1.06896
0.06681
0.269767
1.79215
4.65711
7.87735
13.1478
17.899
23.3581
29.5692
38.634
45.9205
53.194
59.676
65.8166
70.8141
75.9944
80.5677
84.5108
84.5108
85.2747
83.7057
81.3576
76.7616
73.0059
68.6557
62.3809
54.4462
45.9205
40.785
33.4548
25.9481
18.6284
13.468
8.36371
4.47991
1.67656
0.317288
0.0460463
1.06896
3.1254
6.69361
10.4706
15.74
21.7146
27.256
33.4266
40.7539
48.2291
53.1584
58.9624
64.3999
67.2086
71.5134
72.9642
75.9519
75.1888
74.4716
72.9642
69.3443
64.3999
60.9638
56.3335
50.0754
43.5718
38.0602
31.9489
24.1903
20.131
14.7312
9.91019
6.25928
3.28252
1.25819
0.118214
0.186284
1.46283
3.29136
6.70623
9.92555
15.089
20.5489
25.9481
32.447
38.634
44.7385
54.4462
56.3701
62.3809
66.5307
70.8141
73.0059
74.5137
76.7616
73.7579
73.0059
71.5547
67.2486
61.6895
56.3701
50.6985
43.6041
37.0441
30.9914
24.2143
18.2515
12.2272
8.36371
5.04369
2.15488
0.538719
0.00171841
0.476214
2.41273
5.22046
8.85013
11.9054
18.2306
23.3345
28.6222
34.9377
41.3162
45.8875
51.9212
56.3335
60.3182
64.3999
65.777
67.2086
68.6153
68.6153
66.4909
63.6974
60.9638
56.9943
51.2906
47.6551
42.9943
35.4295
30.9643
24.5998
20.5268
14.7312
11.0302
6.69361
3.93016
1.67025
0.26724
0.00770611
0.675289
2.28567
4.29603
7.6329
11.3401
15.7594
21.7373
27.2815
32.447
42.4524
45.3276
49.4904
53.8361
57.696
69.385
64.4391
67.2486
67.2486
67.9302
67.2486
63.7363
60.3561
57.696
53.194
48.8748
41.914
35.9832
30.0485
24.2143
18.6284
11.621
9.66607
5.64089
2.98055
0.904396
0.0299741
0.223786
1.25819
3.28252
5.82774
9.91019
13.7559
19.351
23.7605
29.0675
33.9077
38.6037
44.1532
48.8407
51.9212
53.8004
57.659
58.3275
60.3182
59.6384
58.9624
56.9943
53.8004
51.2906
46.4508
42.4206
40.2263
31.9489
28.1545
23.3345
18.2306
14.0834
9.91019
6.92265
4.28593
2.021
0.535146
0.00171841
0.42072
1.46283
3.44349
5.83952
9.12793
13.468
18.6284
22.9591
27.7163
32.447
37.0441
41.3476
47.6888
51.3255
51.3255
61.0019
58.3647
57.696
59.676
58.3647
58.3647
55.0959
51.3255
45.3276
41.3476
35.9832
32.447
28.1804
22.5404
17.899
12.5361
9.12793
5.64089
2.98055
1.26366
0.82284
0.089958
0.980125
2.54323
5.03275
7.86367
11.3237
15.4128
19.7391
25.0371
29.0675
34.4208
37.5205
40.7539
44.7059
47.6551
50.6638
52.5203
53.1584
52.5203
51.2906
50.6638
49.4561
46.4508
43.5718
39.1205
35.4295
30.9643
26.7997
22.1026
18.2306
14.0834
10.4706
6.69361
4.46959
2.021
0.740933
0.06681
0.0914267
0.904396
2.42031
4.47991
7.1686
10.7566
14.75
18.6284
23.3581
28.1804
31.9765
36.5117
39.151
44.1857
47.6888
55.7494
50.6985
51.9563
52.5557
52.5557
51.3255
48.8748
44.7385
42.4524
38.634
33.4548
29.5692
24.624
20.5489
16.464
12.2272
8.6195
5.23161
2.69315
1.07401
0.186284
0.0291357
0.671287
2.14772
3.93016
6.92265
10.1885
13.7559
17.5091
21.3074
25.0371
29.5427
32.921
37.0144
40.7539
44.1532
45.2947
47.051
47.051
45.8875
47.6551
45.8875
44.7059
42.4206
39.1205
35.4295
30.9643
26.7997
24.1903
19.7391
16.0902
12.8139
9.65091
6.25928
3.59906
1.78563
0.740933
0.06681
0.186284
0.904396
2.42031
4.47991
7.1686
10.7566
14.1017
18.6284
22.1256
26.8249
30.5047
33.4548
38.0903
41.914
45.3276
46.484
47.6888
48.263
48.8748
47.6888
47.0845
44.7385
43.0263
38.634
34.4494
30.0485
26.3722
25.9481
18.6284
15.4319
11.0464
7.6329
4.47991
2.42031
1.07401
0.226099
0.00728393
0.535146
1.90486
3.76752
6.48083
8.60519
11.3237
15.4128
18.6074
23.3345
26.7997
29.0675
31.9489
35.4295
38.0602
39.6715
41.8824
41.3162
44.1532
42.4206
40.7539
39.6715
38.0602
34.4208
32.4193
29.5427
24.5998
21.7146
18.2306
15.74
11.9054
8.09788
5.62931
2.97213
1.45693
0.535146
0.0460463
0.0914267
0.675289
2.15488
4.29603
7.1686
9.39507
12.2272
15.4319
18.2515
23.3581
27.7163
31.482
34.9666
35.9832
37.0441
39.151
42.4524
43.6041
43.6041
42.4524
40.785
39.151
36.5117
32.949
28.1804
26.8249
22.9591
20.5489
15.4319
12.5361
9.12793
6.93549
4.65711
2.28567
0.82284
0.0914267
0.0460463
0.476214
1.45693
2.97213
5.62931
8.60519
11.9054
14.4147
17.1437
20.131
24.1903
27.6906
31.9489
34.9377
36.4822
37.5205
38.6037
39.6715
40.2263
40.7539
40.7539
38.0602
35.4295
31.9489
29.5427
27.6906
25.0371
21.3074
17.1437
13.4501
10.1885
7.61943
5.42296
3.28252
1.78563
0.60129
0.0291357
0.152219
0.82284
2.02794
3.77699
6.05358
8.6195
11.621
14.75
18.2515
21.7373
25.0615
28.1804
31.482
34.4494
36.5117
37.0441
38.0903
38.634
39.151
38.634
37.0441
35.4585
32.949
30.5047
27.2815
24.2143
22.9591
19.3724
16.1098
12.2272
8.6195
5.83952
3.93984
2.28567
1.16691
0.365707
0.00192653
0.314547
1.25819
2.41273
4.28593
6.04158
8.85013
10.7406
14.4147
17.8784
20.5268
23.7605
25.4783
27.6906
29.5427
31.4547
30.9643
33.9077
34.9377
33.9077
32.921
31.4547
30.0217
27.6906
25.4783
22.9357
19.351
17.8784
14.0834
11.6044
9.1132
6.25928
4.28593
2.68515
1.3529
0.417562
0.0291357
0.119896
0.745137
1.79215
3.29136
4.84847
7.1686
9.39507
12.5361
15.089
17.899
20.5489
23.3581
25.9481
28.6483
30.0485
30.9914
32.447
31.9765
33.4548
33.4548
32.447
31.482
29.0938
25.9481
22.5404
22.1256
19.0092
17.899
13.774
10.204
6.70623
4.84847
2.98055
1.79215
1.07401
0.186284
0.0167025
0.740933
1.56482
3.28252
4.10612
5.62931
8.34961
11.0302
14.7312
17.8784
19.7391
21.7146
23.3345
25.0371
27.6906
30.0217
31.9489
31.4547
30.5047
29.5427
29.0675
29.0675
27.256
26.3472
22.9357
20.131
17.1437
15.0701
13.4501
10.7406
8.85013
5.82774
4.46959
2.2783
1.16165
0.417562
0.089958
0.0470988
0.538719
1.57093
3.13403
4.29603
6.05358
7.6329
10.4864
13.468
15.7594
19.3724
20.5489
22.5404
24.2143
25.5029
27.7163
30.0485
30.0485
30.0485
28.6483
28.1804
26.8249
25.5029
24.624
22.5404
19.0092
17.1639
14.1017
11.3401
9.12793
6.93549
5.23161
3.13403
1.67656
0.605077
0.269767
0.00171841
0.223786
0.899764
2.021
3.59906
5.62931
7.15554
9.38013
11.0302
13.7559
15.4128
18.6074
19.7391
21.7146
22.1026
23.3345
24.1903
25.0371
25.0371
25.0371
23.7605
22.9357
21.7146
20.131
17.8784
17.5091
14.7312
12.2102
9.91019
7.61943
6.04158
4.46959
2.83092
1.78563
0.818422
0.26724
0.00728393
0.0914267
0.538719
1.26366
2.15488
3.44349
5.64089
7.1686
9.12793
11.3401
12.8314
14.75
16.464
18.6284
20.1529
21.3299
22.9591
23.3581
24.2143
23.3581
22.9591
22.1256
21.3299
20.1529
19.3724
17.5295
15.7594
12.8314
11.0464
8.86464
6.70623
6.05358
3.93984
2.42031
1.46283
0.479586
0.0914267
0.0167025
0.184185
0.671287
1.56482
2.68515
3.93016
5.82774
7.15554
9.1132
10.4706
12.5189
14.0834
16.0902
17.5091
18.988
19.7391
20.9041
20.9041
21.3074
21.3074
20.9041
19.351
20.131
17.8784
16.4443
15.0701
13.1301
11.3237
9.38013
7.86367
6.04158
4.64659
3.59906
2.14772
1.25819
0.476214
0.06681
0.0299741
0.269767
0.675289
1.57093
2.28567
4.11601
5.64089
6.70623
8.86464
10.204
11.621
13.468
15.7594
16.8222
18.2515
18.6284
19.7607
19.3724
19.7607
20.1529
19.7607
19.3724
18.2515
16.464
14.4333
13.468
12.2272
10.7566
8.86464
6.70623
5.23161
3.60832
2.28567
1.46283
0.538719
0.269767
0.00770611
0.118214
0.417562
0.818422
1.78563
2.83092
4.10612
5.62931
7.37904
8.60519
10.1885
11.6044
12.8139
10.7406
15.74
17.1437
17.1437
17.1437
17.8784
17.8784
17.1437
17.1437
16.4443
15.74
14.4147
12.8139
11.3237
9.91019
8.34961
6.92265
5.22046
3.59906
2.83092
1.67025
0.899764
0.26724
0.0460463
0.00192653
0.186284
0.745137
1.35858
2.15488
3.29136
4.84847
6.49325
7.6329
9.12793
10.7566
12.5361
13.774
15.089
15.4319
17.899
17.899
18.6284
18.6284
18.2515
17.899
16.8222
16.1098
15.7594
13.774
12.8314
11.9222
9.66607
7.87735
6.49325
4.84847
3.77699
2.42031
1.46283
0.82284
0.226099
0.0299741
0.06681
0.118214
0.899764
1.78563
2.68515
3.93016
4.64659
6.48083
7.86367
9.91019
11.0302
12.2102
13.7559
14.4147
15.74
16.0902
16.0902
17.8784
17.1437
15.4128
14.4147
14.0834
12.8139
11.3237
9.91019
8.60519
6.69361
5.82774
3.59906
1.78563
1.56482
0.818422
0.26724
0.00728393
0.119896
0.42072
0.745137
2.55101
4.11601
6.05358
8.6195
11.3401
14.4333
17.899
22.5404
26.3722
32.447
38.0903
44.1857
50.6985
59.676
65.8166
74.5137
85.2747
97.6748
107.249
122.019
135.744
151.279
163.14
178.954
194.274
208.952
222.925
237.35
246.758
256.271
263.266
273.17
271.721
267.477
264.693
254.945
244.008
228.125
207.755
185.936
162.083
139.809
114.541
89.3299
68.6557
46.484
29.0938
15.7594
6.05358
0.745137
0.417562
5.22046
14.0834
27.6906
45.2947
65.777
90.904
113.551
141.776
169.746
196.592
219.01
247.985
270.195
291.94
311.42
325.255
334.644
341.009
345.798
349.071
350.622
347.433
339.389
328.429
314.44
300.84
280.228
261.765
242.638
225.407
201.477
180.065
158.747
135.688
115.43
96.7612
77.4468
60.3182
44.7059
32.4193
20.5268
11.3237
5.62931
1.78563
0.0460463
0.745137
3.44349
8.36371
13.774
21.7373
29.0938
40.2572
50.6985
61.0019
70.0773
79.0429
88.5022
95.9474
101.127
109.075
108.16
112.721
112.721
109.943
105.489
102.851
96.8092
86.9037
79.0429
67.2486
55.7494
47.0845
38.0903
30.0485
21.7373
13.774
7.87735
3.29136
1.16691
0.0299741
0.535146
2.2783
5.62931
10.4706
16.0902
21.3074
26.7997
32.921
39.6715
44.1532
50.0754
52.5203
53.1584
52.5203
49.4561
45.2947
40.7539
34.4208
27.256
18.988
10.7406
4.46959
0.818422
0.226099
4.29603
13.1478
30.0485
53.194
83.7057
118.277
162.083
205.232
261.844
316.085
373.729
425.469
471.094
519.153
551.076
569.429
586.074
592.349
577.722
546.962
507.331
461.824
406.078
344.259
278.923
220.383
158.809
102.851
59.676
25.5029
6.05358
0.0460463
7.61943
29.0675
62.9987
108.11
165.328
224.164
288.948
357.136
420.054
482.273
546.849
600.568
645.85
681.401
710.996
720.259
724.847
717.904
708.787
692.779
667.973
639.298
602.72
559.119
517.044
467.291
420.054
371.94
322.184
275.917
229.378
185.87
145.929
110.814
78.9996
52.5203
31.4547
15.74
5.03275
0.60129
0.745137
6.05358
16.464
30.0485
48.263
67.9302
91.7896
113.603
138.773
162.083
187.135
210.223
233.384
250.835
261.844
273.17
280.309
281.781
281.781
273.17
261.844
245.381
226.801
207.755
183.616
157.704
133.763
108.16
84.5108
61.6895
41.914
25.0615
15.4319
4.65711
0.317288
0.671287
5.42296
13.1301
26.3472
41.8824
61.6512
81.3136
107.199
123.911
144.87
162.021
182.362
200.302
217.713
228.051
235.924
235.924
228.051
233.31
225.407
217.713
205.162
190.62
168.668
148.058
127.796
107.199
86.042
68.6153
48.8407
31.4547
17.1437
6.92265
0.980125
0.317288
5.43432
16.8222
34.9666
63.0374
99.3691
140.848
191.902
249.446
313.058
383.79
458.059
536.971
609.203
686.119
750.81
816.045
871.139
915.004
946.546
954.515
957.23
938.61
907.203
858.518
801.344
727.344
639.422
542.978
438.034
344.259
252.15
172.105
106.392
55.7494
20.1529
2.98055
1.25819
15.4128
44.1532
84.466
133.707
189.41
245.304
302.364
358.796
407.751
448.817
480.455
503.385
517.044
522.938
509.2
486.137
459.836
425.368
380.358
341.009
297.886
257.6
213.916
172.041
137.74
103.693
73.716
51.2906
32.4193
18.2306
8.60519
2.14772
0.0291357
1.46283
5.43432
11.621
18.6284
27.7163
36.5117
46.484
54.4462
63.7363
70.8141
73.7579
75.9944
75.9944
72.2578
68.6557
64.4391
58.3647
50.6985
41.914
32.447
24.2143
16.1098
9.92555
4.65711
1.26366
0.00192653
0.980125
5.03275
10.1885
18.2306
28.6222
41.8824
55.0596
70.0365
85.2297
101.078
118.224
132.693
149.068
162.021
173.195
182.362
189.41
194.206
197.824
197.824
195.431
190.62
184.741
174.287
162.021
150.142
137.74
135.688
109.024
95.0895
79.7382
65.777
49.4561
38.0602
26.7997
18.6074
10.4706
5.03275
1.3529
0.00728393
0.82284
4.11601
9.12793
16.464
24.624
35.4585
46.484
56.3701
72.2578
84.5108
97.6748
110.865
120.14
131.74
138.773
145.988
151.279
153.386
153.386
148.117
148.117
140.848
132.75
122.019
110.865
97.6748
85.2747
70.8141
57.696
44.7385
33.9361
23.7842
15.089
8.36371
3.60832
0.605077
0.0460463
1.3529
4.64659
9.38013
15.4128
23.3345
31.4547
40.2263
49.4561
56.3335
64.3999
71.5134
76.7189
82.1071
84.466
84.466
83.6611
80.524
75.1888
69.3443
63.6974
55.0596
45.8875
37.0144
27.256
17.8784
10.4706
5.03275
1.16165
0.00770611
1.79215
7.87735
17.899
31.482
50.1099
73.7579
98.4959
125.873
163.14
195.499
233.384
268.915
305.425
337.954
368.749
395.728
416.563
432.641
436.199
438.034
423.66
411.304
387.237
354.009
323.761
283.256
239.987
197.893
156.604
118.277
82.1514
51.9563
29.0938
12.2272
2.42031
0.089958
4.10612
14.0834
27.6906
44.7059
64.3999
82.8601
101.078
114.489
124.89
129.733
130.734
125.819
118.224
107.199
88.4563
74.4716
53.1584
37.0144
21.3074
10.4706
3.28252
0.089958
1.46283
7.6329
16.8222
30.0485
45.9205
62.3809
78.2644
92.6326
105.489
116.375
123.966
130.79
123.966
118.277
109.075
95.137
80.5677
65.8166
48.8748
33.9361
19.3724
9.39507
2.02794
0
2.41273
9.91019
22.5172
40.2263
62.3424
86.8582
114.489
134.724
169.746
199.061
228.051
256.193
274.542
287.541
299.319
308.33
311.42
305.339
309.873
297.886
286.054
267.397
246.681
229.378
205.162
181.179
157.643
134.724
109.892
89.2839
69.3443
52.5203
37.5205
24.1903
13.7559
6.69361
2.021
0.150322
0.479586
2.69315
7.87735
14.4333
22.5404
30.9914
38.634
46.484
55.0959
67.9302
73.0059
80.5677
84.5108
84.5108
84.5108
83.7057
82.1514
79.0429
73.7579
65.1457
57.696
47.6888
38.634
30.0485
22.1256
15.089
8.86464
3.93984
0.984959
0.00770611
0.818422
3.93016
8.60519
16.0902
24.5998
34.4208
44.7059
55.0596
67.89
81.3136
93.3851
104.539
116.322
122.936
127.796
135.688
138.715
148.058
145.929
148.058
142.823
138.715
129.733
126.805
114.489
106.342
93.3851
84.466
72.2163
60.9638
49.4561
39.6715
31.4547
21.7146
14.0834
8.09788
3.59906
1.06896
0.0291357
0.538719
3.13403
6.49325
11.9222
19.0092
25.5029
33.9361
42.4524
51.9563
61.0019
69.385
81.3576
85.2747
89.3299
97.6748
101.962
104.589
106.392
103.743
102.851
97.6748
92.6326
86.9037
79.0429
70.8141
61.6895
51.9563
42.4524
33.4548
26.3722
17.899
11.0464
5.83952
2.55101
0.42072
0.0291357
1.25819
3.93016
7.61943
12.8139
20.9041
30.0217
40.7539
45.2947
52.5203
61.6512
70.773
78.9996
86.042
94.2353
96.7612
105.439
101.078
101.913
101.078
98.4475
96.7612
90.069
84.466
77.4468
65.777
58.9624
51.9212
44.1532
35.4295
27.6906
20.9041
14.4147
9.38013
5.03275
2.021
0.417562
0.0470988
1.16691
3.60832
7.1686
11.3401
17.5295
23.7842
31.9765
39.7022
48.263
54.4462
63.0374
68.6557
76.7616
82.9045
89.3299
90.9505
93.4322
93.4322
91.7896
91.7896
88.5022
84.5108
79.7817
72.2578
65.8166
57.0311
48.8748
40.785
32.949
24.2143
17.899
11.9222
7.1686
3.29136
1.16691
0.0299741
0.535146
2.41273
5.22046
9.91019
15.0701
21.3074
28.1545
35.4295
44.7059
50.0754
58.3275
64.3999
70.0365
75.9519
78.2213
84.466
86.042
86.042
85.2297
82.8601
80.524
78.2213
73.716
66.4909
60.3182
52.5203
46.4508
39.6715
32.921
26.7997
19.351
13.7559
9.1132
5.42296
2.41273
0.60129
0.00171841
0.479586
2.28567
5.04369
8.86464
13.774
19.0092
25.0615
31.9765
38.634
45.3276
51.3255
57.696
65.1457
68.6557
73.7579
78.2644
79.0429
80.5677
81.3576
78.2644
78.2644
74.5137
70.8141
65.8166
57.696
51.9563
44.1857
37.0441
30.5047
23.7842
16.8222
11.621
7.1686
2.15488
1.46283
0.186284
0.184185
1.56482
4.64659
7.61943
12.2102
16.8022
22.9357
30.5047
37.0144
43.5718
49.4561
55.0596
58.9624
65.1063
69.3443
72.2163
74.4716
75.9519
75.1888
70.773
68.6153
67.2086
63.6974
59.6384
53.8004
46.4508
40.7539
35.9539
28.6222
22.9357
17.8784
12.5189
8.09788
4.46959
2.14772
0.671287
0.0291357
0.317288
1.79215
4.29603
7.6329
11.3401
19.0092
20.1529
25.9481
32.949
40.2572
47.0845
51.3255
56.3701
60.3561
63.0374
67.9302
73.0059
73.0059
74.5137
70.8141
70.8141
65.1457
61.6895
57.696
53.8361
47.6888
40.785
33.4548
27.2815
22.1256
16.1098
11.3401
6.93549
3.60832
1.46283
0.538719
0.089958
0.980125
2.83092
5.62931
10.1885
14.4147
19.351
25.0371
29.5427
35.4295
40.7539
45.8875
51.9212
57.659
58.9624
60.9638
62.9987
63.6974
63.6974
63.6974
61.6512
58.9624
60.9638
48.8407
47.051
41.3162
37.5205
30.9643
26.3472
20.9041
16.4443
11.9054
8.09788
4.64659
2.54323
0.740933
0.0460463
0.186284
1.16691
2.83913
5.43432
9.12793
13.774
17.5295
23.3581
28.6483
33.9361
38.0903
43.0263
48.8748
53.194
56.3701
60.3561
62.3809
61.0019
61.6895
62.3809
59.676
57.0311
53.8361
51.3255
44.7385
42.4524
32.949
29.0938
23.3581
17.899
13.774
9.66607
6.05358
3.29136
1.26366
0.152219
0.089958
0.740933
3.1254
4.83774
8.09788
11.9054
16.0902
20.5268
25.0371
29.5427
34.4208
39.6715
42.9943
47.6551
50.6638
51.9212
54.4102
56.9943
56.3335
58.9624
54.4102
50.6638
42.4206
45.2947
41.3162
38.0602
33.4266
28.6222
24.1903
19.351
15.4128
11.0302
8.60519
4.83774
2.41273
0.899764
0.089958
0.0914267
0.675289
2.28567
4.84847
7.87735
11.3401
15.7594
19.7607
24.2143
28.6483
32.949
38.634
43.0263
46.484
48.8748
50.6985
52.5557
54.4462
55.0959
53.8361
53.194
51.3255
47.6888
43.0263
39.151
34.9666
30.5047
25.5029
20.5489
15.7594
13.1478
8.86464
5.64089
3.13403
1.26366
0.186284
0.0167025
0.362763
1.67025
3.28252
6.04158
9.1132
12.8139
17.1437
20.131
25.0371
28.1545
32.4193
36.4822
40.2263
42.4206
44.7059
46.4508
46.4508
47.051
47.6551
46.4508
44.1532
41.8824
38.6037
36.4822
32.921
28.6222
24.5998
20.9041
16.4443
12.8139
9.38013
6.48083
3.93016
2.021
0.740933
0.0291357
0.186284
1.07401
2.42031
4.65711
7.3923
10.4864
13.774
17.899
23.7842
25.5029
29.5692
33.9361
36.5117
40.2572
43.0263
44.1857
45.3276
45.9205
47.0845
45.9205
44.1857
42.4524
39.7022
36.5117
31.9765
29.5692
25.5029
20.9264
16.8222
12.8314
9.92555
6.93549
4.65711
2.55101
0.82284
0.152219
0.06681
0.60129
1.67025
3.59906
5.62931
8.85013
12.5189
16.0902
19.7391
22.1026
26.3472
30.5047
32.921
37.5205
40.7539
42.4206
42.9943
43.5718
42.9943
42.9943
41.8824
40.7539
38.0602
35.4295
31.4547
28.6222
25.0371
20.9041
17.8784
14.0834
10.7406
7.37904
4.83774
2.83092
1.56482
0.476214
0.00171841
0.186284
1.07401
2.42031
4.29603
6.49325
9.12793
12.5361
16.464
19.7607
23.7842
25.9481
29.0938
31.9765
35.4585
37.5504
39.151
40.2572
39.7022
40.2572
39.151
38.634
37.0441
35.4585
34.9666
29.0938
25.5029
22.5404
20.1529
16.1098
12.5361
9.66607
6.70623
4.11601
2.15488
0.675289
0.269767
0.00171841
0.476214
1.3529
3.28252
6.69361
7.61943
10.4706
13.7559
17.1437
21.3074
23.7605
27.256
29.5427
32.4193
35.4295
37.5205
38.6037
44.1532
37.5205
38.0602
35.9539
33.4266
33.4266
30.9643
27.6906
25.4783
20.5268
17.1437
13.7559
9.65091
8.60519
5.82774
4.28593
2.14772
0.899764
0.150322
0.00770611
0.317288
1.07401
2.69315
4.29603
7.1686
9.39507
12.2272
15.4319
17.1639
21.3299
24.2143
27.7163
30.5047
33.4548
34.4494
36.5117
37.5504
38.634
37.5504
36.5117
37.0441
35.4585
32.447
30.0485
27.7163
24.2143
21.7373
18.2515
14.75
11.3401
8.6195
5.64089
3.93984
1.91159
0.675289
0.119896
0.089958
0.671287
1.78563
3.43445
5.42296
7.86367
11.3237
14.0834
17.8784
20.131
22.9357
25.9233
28.6222
31.9489
33.4266
34.9377
35.4295
36.4822
35.4295
30.5047
34.4208
32.921
31.4547
27.6906
25.9233
22.5172
18.988
16.4443
14.0834
10.7406
8.09788
5.62931
3.93016
1.78563
0.980125
0.314547
0.0167025
0.226099
0.904396
3.93984
3.77699
5.83952
7.87735
10.4864
13.774
16.1098
20.1529
21.3299
23.7842
25.5029
35.4585
31.9765
32.949
33.4548
34.4494
34.4494
34.4494
33.9361
32.949
30.9914
28.6483
26.3722
22.5404
21.7373
17.899
15.089
11.621
9.12793
5.83952
3.77699
2.28567
0.984959
0.269767
0.00728393
0.417562
1.25819
2.54323
4.10612
6.04158
8.60519
11.3237
13.7559
18.6074
19.351
22.1026
24.1903
26.7997
27.256
29.0675
30.5047
30.5047
30.0217
30.0217
29.0675
27.6906
27.256
23.7605
20.9041
16.8022
15.4128
12.5189
9.91019
7.86367
5.42296
3.28252
1.45693
0.60129
0.089958
0.269767
0.317288
1.26366
2.98055
5.04369
7.87735
9.92555
12.8314
16.1098
19.3724
22.5404
28.6483
32.447
35.4585
37.5504
39.7022
42.4524
45.9205
47.0845
48.263
47.0845
46.484
44.7385
43.6041
41.914
39.7022
37.5504
34.9666
29.5692
25.9481
22.5404
20.5489
15.7594
12.8314
9.92555
6.93549
4.47991
2.55101
1.79215
0.904396
0.269767
0.00770611
0.118214
0.535146
0.899764
1.3529
2.021
2.68515
3.59906
4.46959
4.46959
4.10612
4.28593
3.76752
3.1254
2.97213
2.41273
1.56482
0.740933
0.150322
0.00770611
0.269767
0.904396
2.15488
4.47991
7.87735
12.8314
17.5295
22.5404
29.0938
36.5117
43.0263
55.0959
64.4391
73.0059
84.5108
92.6326
101.127
107.249
116.375
122.019
124.945
124.945
124.945
122.019
118.277
113.603
107.249
99.3691
87.6783
75.9944
65.8166
52.5557
43.6041
33.4548
24.2143
16.1098
9.66607
5.23161
2.02794
0.317288
0.06681
0.899764
2.68515
5.22046
7.61943
10.4706
12.8139
15.4128
16.4443
17.1437
16.8022
14.7312
13.1301
12.2102
8.85013
6.48083
4.64659
2.68515
0.980125
0.184185
0.0299741
0.605077
1.67656
2.98055
5.23161
7.3923
11.0464
11.9222
13.774
15.089
15.7594
16.1098
15.089
13.468
13.1478
9.39507
7.1686
4.47991
2.69315
1.16691
0.119896
0.184185
1.3529
3.76752
7.15554
11.9054
19.351
26.7997
34.9377
44.7059
54.4102
65.1063
75.1888
82.8601
94.2353
105.439
108.11
119.127
127.796
133.707
136.712
138.715
137.74
137.74
134.724
133.707
125.819
122.019
120.087
109.892
101.913
94.2353
85.2297
75.9519
67.89
60.3182
53.1584
45.2947
38.6037
30.9643
22.1026
18.2306
13.1301
10.1885
7.15554
4.28593
2.2783
0.818422
0.150322
0.00192653
0.317288
0.538719
1.57093
2.55101
3.93984
5.43432
6.70623
7.6329
8.11176
9.92555
10.204
10.4864
11.0464
10.4864
9.92555
9.39507
8.36371
7.1686
6.49325
5.23161
4.47991
3.13403
2.15488
1.26366
0.675289
0.186284
0.0299741
0.118214
0.60129
1.06896
1.90486
3.1254
4.10612
5.82774
7.61943
9.65091
11.9054
13.7559
14.0834
17.1437
18.2306
19.7391
21.3074
22.5172
22.5172
23.3345
22.5172
22.5172
21.3074
21.3074
20.131
18.988
16.8022
14.7312
13.1301
11.6044
9.91019
7.61943
6.48083
4.46959
2.83092
1.67025
0.980125
0.184185
0.00728393
0.0680765
0.317288
1.16691
2.15488
3.60832
5.04369
6.93549
8.36371
10.4864
13.774
15.089
17.899
19.3724
22.5404
22.5404
24.624
25.5029
25.0615
27.7163
28.1804
28.6483
28.1804
27.2815
26.3722
25.0615
23.7842
21.7373
20.5489
19.0092
17.5295
15.4319
13.774
12.2272
10.4864
9.39507
7.87735
6.70623
5.83952
4.47991
4.11601
2.98055
2.69315
2.55101
2.02794
1.91159
1.91159
2.15488
2.42031
2.83913
3.29136
4.29603
5.64089
8.11176
9.39507
11.621
15.7594
19.7607
24.624
30.9914
37.0441
47.0845
54.4462
62.3809
72.2578
83.7057
94.2827
104.589
114.541
122.99
130.79
136.769
139.809
141.834
135.744
137.798
132.75
125.873
116.375
103.743
91.7896
77.4897
64.4391
53.194
39.151
26.3722
16.1098
7.87735
2.98055
0.365707
0.150322
2.54323
7.61943
15.0701
23.7605
34.9377
47.6551
57.659
68.6153
80.524
93.3851
103.693
111.74
119.127
127.796
127.796
130.734
130.734
131.684
128.735
123.911
122.019
116.322
110.814
103.693
95.8996
88.4563
80.524
72.9642
67.2086
60.9638
55.0596
48.8407
41.8824
37.0144
31.9489
26.7997
19.351
20.131
17.1437
13.7559
11.3237
8.85013
7.37904
6.04158
5.03275
4.10612
3.1254
2.2783
1.67025
1.3529
1.16165
0.899764
0.671287
0.476214
0.476214
0.314547
0.314547
0.362763
0.417562
0.476214
0.314547
0.417562
0.476214
0.60129
0.818422
0.899764
1.06896
1.16165
1.25819
1.45693
1.45693
2.021
2.14772
2.41273
2.68515
2.68515
3.1254
2.97213
3.28252
3.28252
3.28252
3.1254
3.28252
3.28252
3.28252
3.1254
3.28252
2.83092
2.54323
2.14772
1.56482
1.78563
1.45693
1.25819
0.980125
0.60129
0.476214
0.26724
0.118214
0.06681
0.00770611
0.0173387
0.0470988
0.317288
0.479586
0.745137
1.16691
1.57093
2.02794
2.55101
3.77699
4.29603
5.23161
5.83952
6.93549
8.11176
9.66607
10.7566
13.1478
14.4333
15.7594
18.2515
20.5489
22.5404
25.0615
27.7163
30.5047
34.4494
38.634
43.6041
47.6888
51.3255
55.7494
61.6895
67.9302
75.2311
81.3576
87.6783
92.6326
97.6748
104.589
109.943
114.541
119.18
118.277
121.104
119.18
118.277
115.482
109.943
106.392
99.3691
86.9037
78.2644
66.5307
55.7494
44.7385
35.9832
26.3722
16.8222
9.39507
4.47991
1.35858
0.00770611
0.671287
3.76752
9.1132
16.0902
24.5998
33.9077
44.1532
55.0596
75.1888
85.2297
95.0895
108.11
117.271
127.796
139.751
148.058
157.643
160.905
165.328
165.328
165.328
167.53
166.395
165.328
157.643
153.326
146.991
140.791
132.693
124.89
117.271
105.439
96.7612
86.042
75.1888
67.89
60.3182
50.6638
39.1205
31.9489
24.5998
18.988
13.4501
9.65091
5.82774
3.28252
1.45693
0.184185
0.0680765
0.675289
1.79215
3.60832
5.64089
8.86464
11.9222
15.4319
18.6284
21.7373
24.2143
26.3722
30.5047
30.0485
31.9765
32.447
32.949
32.447
32.447
30.5047
28.6483
27.2815
24.624
22.5404
19.3724
16.464
13.774
10.204
8.11176
6.49325
3.77699
2.55101
1.26366
0.479586
0.0470988
0.00171841
0.417562
1.06896
1.90486
2.83092
3.93016
5.62931
6.04158
6.48083
7.37904
7.61943
7.15554
6.25928
6.25928
5.42296
2.97213
1.67025
0.476214
0.00728393
0.538719
2.83913
6.93549
14.75
25.5029
40.2572
60.3561
88.5022
118.277
157.704
197.893
245.381
292.023
341.099
393.984
445.311
491.961
526.961
557.16
581.832
598.657
592.349
575.615
553.024
521.044
469.296
416.563
355.57
286.136
220.383
153.386
98.4959
55.0959
23.7842
4.84847
0.314547
11.0302
37.5205
75.9519
126.805
187.068
260.425
337.864
418.257
505.356
571.41
656.928
724.847
788.967
845.705
888.934
925.36
938.461
941.153
941.153
927.884
914.856
894.03
860.806
825.827
776.959
724.847
670.244
611.251
552.91
488.074
428.896
366.972
305.339
242.638
191.834
142.823
101.913
68.6153
40.2263
19.7391
6.48083
0.362763
1.67656
9.66607
24.2143
43.6041
67.9302
97.6748
128.79
166.458
205.232
245.381
280.309
319.127
352.359
382.072
409.624
427.282
445.311
454.413
458.059
450.782
438.034
420.154
392.34
367.065
331.618
296.457
254.945
215.273
174.352
135.744
99.3691
67.2486
41.914
21.3299
7.87735
0.82284
0.899764
7.61943
21.3074
40.2263
63.6974
91.7429
122.936
154.415
185.87
216.491
250.758
278.841
308.33
333.13
353.917
365.385
375.334
376.941
380.358
376.941
366.972
353.917
334.644
312.971
287.541
260.425
231.971
202.725
174.287
142.823
116.322
88.4563
65.1063
44.1532
26.7997
13.7559
4.83774
0.476214
0.538719
5.04369
15.089
27.2815
45.3276
63.7363
85.2747
109.943
134.78
163.14
188.338
216.563
244.008
267.477
287.623
305.425
319.127
326.928
330.022
330.022
326.928
316.085
300.924
280.309
256.271
230.71
200.371
172.105
144.929
118.277
90.1153
66.5307
45.9205
26.3722
13.1478
3.93984
0.226099
1.16165
7.15554
16.8022
30.9643
48.2291
69.3443
90.904
113.551
138.715
160.905
182.362
202.725
221.543
233.31
250.758
261.765
268.834
273.089
268.834
265.963
259.011
249.369
234.578
219.01
201.477
181.179
159.794
137.74
115.43
94.2353
74.4716
56.9943
39.6715
26.3472
14.4147
6.25928
1.45693
0.0173387
2.02794
7.3923
16.1098
27.7163
41.914
59.676
77.4897
97.6748
118.277
139.809
159.855
177.782
196.66
215.273
232.045
242.714
249.446
256.271
256.271
256.271
250.835
242.714
229.452
212.776
193.052
173.259
150.202
126.86
105.489
82.1514
63.0374
43.6041
28.6483
16.1098
6.70623
1.79215
0.0167025
2.41273
8.09788
17.8784
29.5427
44.1532
60.9638
78.9996
98.4475
118.224
137.74
149.068
170.892
188.271
200.302
208.881
215.201
221.543
221.543
220.311
211.426
211.426
199.061
188.271
174.287
158.747
141.776
124.89
106.342
89.2839
70.0365
47.6551
39.6715
26.7997
16.0902
8.85013
2.97213
0.362763
0.479586
3.29136
8.6195
17.1639
27.7163
39.7022
55.7494
71.5547
88.5022
104.589
124.945
139.809
156.604
164.263
181.245
193.052
197.893
206.492
205.232
205.232
205.232
196.66
187.135
173.259
159.855
144.929
127.851
112.721
92.6326
73.7579
56.3701
41.3476
26.8249
15.089
7.87735
2.42031
0.0680765
0.818422
4.64659
11.6044
20.5268
31.4547
44.7059
58.3275
72.9642
90.069
104.539
119.127
133.707
148.058
157.643
174.287
173.195
180.065
180.065
177.717
175.448
169.746
163.078
155.447
142.823
120.087
116.322
102.801
88.4563
73.716
60.3182
46.4508
34.4208
23.7605
14.7312
8.85013
2.97213
0.417562
0.186284
2.28567
7.1686
13.774
22.5404
32.447
46.484
53.8361
70.0773
82.9045
100.246
112.721
124.945
137.798
145.988
157.704
164.263
170.956
172.105
170.956
168.731
162.083
156.604
144.929
133.763
121.104
106.392
91.7896
76.7616
61.6895
48.263
35.4585
24.2143
14.75
7.3923
2.69315
0.269767
0.417562
3.1254
7.86367
15.0701
23.7605
34.4208
46.4508
58.3275
71.5134
83.6611
97.6267
108.11
120.087
127.796
136.712
141.776
146.991
148.058
149.068
144.87
145.929
136.712
129.733
120.087
109.892
98.4475
88.4563
75.9519
62.9987
52.5203
41.3162
30.9643
21.7146
13.7559
7.86367
3.59906
0.740933
0.00770611
1.26366
4.47991
9.39507
16.1098
24.2143
33.4548
44.1857
55.0959
66.5307
79.0429
89.3299
101.127
111.791
119.18
125.873
132.75
136.769
140.848
139.809
139.809
134.78
127.851
121.104
113.603
101.962
91.7896
78.2644
65.8166
53.8361
41.914
32.447
21.7373
14.1017
7.87735
3.13403
0.675289
0.06681
1.67025
5.22046
10.1885
17.1437
25.9233
35.4295
45.2947
56.9943
68.6153
78.2213
87.6326
96.7612
103.693
112.67
119.127
122.019
122.936
122.936
121.051
119.127
113.551
109.024
100.197
94.2353
83.6611
74.4716
65.777
54.4102
44.1532
35.9539
26.3472
18.988
12.8139
7.15554
3.1254
0.818422
0.00192653
0.82284
3.44349
7.3923
12.5361
19.3724
27.2815
35.9832
45.9205
55.7494
65.1457
75.2311
83.7057
91.7896
101.127
107.249
110.865
114.541
115.482
116.375
113.603
109.943
106.392
101.127
93.4322
86.0873
75.9944
66.5307
55.0959
45.9205
35.9832
26.8249
18.2515
11.621
6.93549
2.69315
0.479586
0.0460463
1.3529
4.10612
8.60519
14.0834
20.5268
28.1545
36.4822
45.8875
52.5203
62.3424
70.773
77.4468
86.042
90.904
96.7612
98.4475
102.801
101.913
101.078
99.3205
94.2353
89.2839
82.8601
75.9519
68.6153
60.3182
52.5203
42.9943
35.9539
27.256
20.131
14.0834
8.09788
4.64659
1.67025
0.184185
0.269767
1.79215
5.43432
9.92555
16.464
22.5404
30.9914
40.2572
50.1099
59.676
70.8141
82.1514
92.6326
103.743
111.791
121.104
127.851
134.78
143.933
144.929
147.05
148.117
147.05
143.933
142.882
133.763
132.75
122.99
118.277
110.865
101.127
94.2827
86.9037
79.0429
70.8141
63.0374
54.4462
50.6985
45.9205
42.4524
39.151
34.9666
32.949
30.9914
30.9914
30.0485
30.5047
30.9914
31.482
33.4548
34.4494
35.4585
37.0441
38.0903
44.1857
40.785
42.4524
43.6041
42.4524
41.3476
38.634
37.5504
34.4494
30.5047
25.0615
20.5489
15.089
9.92555
5.83952
2.55101
0.538719
0.06681
1.45693
4.64659
10.7406
18.6074
29.5427
42.4206
56.9943
73.716
92.5857
112.67
131.684
153.326
175.448
197.824
217.713
237.275
252.072
267.397
278.841
290.442
297.886
300.84
303.807
302.364
297.886
291.94
283.174
271.64
257.6
243.931
225.407
208.881
190.62
168.668
146.991
126.805
107.199
88.4563
70.0365
53.8004
39.1205
26.7997
16.4443
8.09788
3.28252
0.476214
0.226099
2.55101
6.93549
13.774
22.5404
32.447
44.1857
55.0959
68.6557
82.9045
95.137
108.16
117.324
127.851
134.78
141.834
147.05
148.117
148.117
145.988
140.848
133.763
126.86
116.375
107.249
96.8092
85.2747
72.2578
58.9998
46.484
35.4585
25.5029
17.5295
11.0464
5.83952
1.79215
0.226099
0.26724
1.56482
3.76752
7.15554
10.7406
15.0701
19.7391
22.9357
26.3472
27.6906
29.5427
29.0675
27.6906
23.7605
19.351
13.7559
8.60519
4.10612
1.06896
0.0680765
2.83913
10.4864
24.2143
43.6041
66.5307
100.246
137.798
182.428
232.045
286.136
337.954
390.603
438.034
482.381
523.05
551.076
573.51
577.722
573.51
551.076
517.154
473.001
421.855
360.461
297.971
233.384
170.956
113.603
65.8166
32.949
8.86464
0.119896
5.42296
25.9233
58.3275
105.439
163.078
228.051
302.364
381.976
474.806
538.894
613.423
681.401
746.008
798.724
843.154
881.244
896.657
912.203
901.775
901.775
891.553
868.406
843.154
803.555
755.361
710.996
659.054
602.72
526.848
472.895
412.987
349.071
287.541
230.636
180.065
131.684
91.7429
58.3275
32.921
13.7559
2.97213
0.00192653
3.60832
14.75
31.482
55.0959
82.1514
114.541
149.128
185.936
226.801
266.043
306.961
345.889
375.428
406.078
428.997
447.062
459.94
473.001
474.912
467.396
452.544
434.367
409.624
377.036
339.48
305.425
267.477
224.237
183.616
143.933
109.075
77.4897
51.3255
29.0938
13.774
3.93984
0.186284
1.67025
8.09788
18.988
33.4266
48.8407
66.4909
83.6611
100.197
111.74
122.019
127.796
127.796
121.051
114.489
94.2353
72.9642
53.8004
33.4266
15.4128
3.28252
0.317288
8.36371
29.5692
61.6895
105.489
160.967
225.48
299.404
377.036
463.608
540.934
615.599
683.822
734.331
772.208
794.044
791.572
777.095
743.744
688.293
604.998
513.28
416.563
322.271
232.045
149.128
83.7057
35.4585
8.11176
0.0291357
10.4706
40.7539
92.5857
165.328
247.985
342.632
441.511
548.903
659.054
769.771
873.588
973.138
891.553
808.54
729.581
645.85
557.046
463.503
376.941
293.442
224.164
159.794
109.892
71.5134
35.4295
12.5189
1.56482
1.16691
10.4864
28.1804
54.4462
84.5108
122.99
160.967
219.082
268.915
325.342
378.743
427.282
476.721
526.961
571.526
607.159
645.974
657.053
670.371
670.371
665.832
650.32
626.416
590.215
553.024
503.494
454.413
400.887
349.162
286.136
232.045
177.782
130.79
90.1153
56.3701
31.482
12.8314
2.83913
0.0460463
3.43445
12.2102
25.0371
40.2263
57.659
72.9642
88.4563
99.3205
109.024
110.814
108.11
101.078
86.8582
70.773
51.2906
30.0217
12.5189
2.2783
0.675289
9.92555
31.482
66.5307
111.791
168.731
233.384
305.425
383.79
465.5
542.978
622.029
688.293
739.097
779.408
796.382
798.861
777.095
727.344
652.56
567.336
469.296
373.729
274.542
185.936
109.075
50.6985
15.7594
0.675289
4.83774
27.6906
72.9642
141.776
224.164
320.61
425.368
526.848
637.08
757.775
873.588
986.725
855.805
767.337
676.953
587.965
488.074
405.981
315.998
241.273
175.448
120.087
75.1888
39.6715
16.0902
2.68515
0.42072
8.11176
23.7842
46.484
74.5137
111.791
155.507
207.755
254.945
302.449
357.228
404.41
452.544
499.671
542.978
577.722
607.159
619.963
626.416
648.207
617.779
602.84
583.952
549.017
511.293
461.824
409.624
355.57
303.893
248.062
193.052
141.834
102.851
61.6895
33.9361
14.4333
2.55101
0.314547
7.15554
19.7391
42.4206
69.3443
101.913
139.751
180.065
222.852
260.425
302.364
339.389
371.94
404.311
430.716
452.441
467.291
474.806
476.614
469.19
465.395
446.959
427.181
407.751
378.648
344.168
319.04
275.917
241.273
203.976
169.746
133.707
100.197
72.2163
47.6551
26.3472
12.2102
3.28252
0.0167025
2.42031
9.12793
20.1529
38.0903
58.9998
82.1514
108.16
137.798
166.458
197.893
229.452
249.446
290.526
317.648
344.259
362.129
377.036
385.511
392.34
388.87
382.072
368.749
347.524
328.517
299.404
270.276
237.35
207.755
173.259
140.848
108.16
79.7817
54.4462
33.9361
16.8222
5.83952
0.365707
1.06896
6.69361
17.1437
32.4193
51.2906
73.716
96.7612
122.019
149.068
173.195
199.061
221.543
243.931
261.765
280.228
294.864
299.319
308.33
305.339
305.339
296.373
286.054
264.613
250.758
230.636
211.426
189.41
162.021
140.791
114.489
90.069
68.6153
49.4561
33.4266
20.9041
9.91019
2.68515
0.089958
1.16691
5.83952
14.1017
25.9481
39.7022
57.0311
68.6557
97.6748
120.14
145.988
163.14
183.616
206.492
220.383
242.714
256.271
268.915
275.998
278.923
277.458
271.721
263.266
248.062
230.71
212.776
191.902
182.428
145.988
120.14
95.9474
73.0059
53.194
35.9832
22.1256
11.3401
3.29136
0.0470988
1.16165
6.04158
14.4147
25.4783
41.3162
58.3275
76.7189
97.6267
119.127
137.74
154.415
169.746
188.271
202.725
219.01
220.311
229.378
230.636
233.31
228.051
222.852
212.705
203.976
188.271
175.448
155.447
137.74
119.127
101.078
79.7382
64.3999
48.2291
34.4208
21.7146
12.2102
5.42296
1.16165
0.0680765
2.02794
6.27149
12.5361
23.3581
34.9666
49.4904
66.5307
84.5108
101.962
118.277
133.763
149.128
167.593
183.616
193.052
207.755
211.497
216.563
215.273
213.987
210.223
204.046
191.902
178.954
160.967
143.933
125.873
106.392
86.9037
70.0773
51.9563
37.5504
23.3581
13.468
5.83952
1.35858
0.00171841
1.67025
6.25928
13.4501
23.7605
35.4295
49.4561
65.1063
82.1071
97.6267
113.551
128.735
141.776
153.326
166.395
174.287
180.065
184.741
184.741
183.55
181.179
174.287
167.53
159.794
148.058
134.724
120.087
102.801
89.2839
73.716
60.3182
47.051
33.9077
22.1026
13.4501
6.69361
2.14772
0.150322
0.42072
3.13403
8.11176
15.089
24.624
34.9666
45.9205
61.0019
73.7579
88.5022
104.589
119.18
131.74
141.834
154.475
165.39
169.81
173.259
175.513
176.678
173.259
165.39
157.704
147.05
133.763
123.966
108.16
93.4322
85.2747
63.0374
48.263
35.4585
24.2143
14.4333
7.1686
2.42031
0.152219
0.535146
3.76752
8.60519
16.0902
25.4783
35.9539
47.051
60.3182
76.7189
86.8582
98.4475
112.67
122.936
132.693
139.751
144.87
150.142
151.219
152.241
150.142
145.929
138.715
131.684
123.911
113.551
103.693
90.904
76.7189
65.777
54.4102
41.8824
33.9077
22.1026
14.4147
7.86367
3.1254
0.60129
0.0680765
1.57093
5.04369
10.204
17.1639
25.5029
35.9832
45.3276
56.3701
67.9302
81.3576
90.9505
105.489
117.324
124.945
133.763
139.809
149.128
145.988
147.05
145.988
140.848
133.763
125.873
115.482
105.489
92.6326
82.1514
68.6557
57.0311
44.1857
31.482
21.7373
14.4333
7.3923
3.29136
0.479586
0.118214
1.90486
6.25928
12.2102
18.988
27.6906
37.5205
47.6551
58.9624
71.5134
82.1071
92.5857
102.801
109.024
117.271
122.936
126.805
129.733
130.734
130.734
125.819
122.019
117.271
106.342
96.7612
88.4563
79.7382
69.3443
58.9624
48.2291
37.0144
28.1545
19.7391
12.8139
7.37904
3.1254
0.740933
0.00192653
1.07401
3.60832
8.36371
14.1017
21.3299
29.0938
38.0903
47.6888
58.3647
69.385
79.7817
87.6783
97.6748
104.589
111.791
120.14
122.99
126.86
125.873
121.104
125.873
114.541
110.865
101.962
95.137
83.7057
72.2578
61.6895
51.9563
40.2572
30.5047
21.7373
14.1017
7.87735
3.44349
0.984959
0
0.818422
3.43445
7.61943
13.7559
20.9041
29.5427
37.0144
47.051
56.9943
65.1063
75.1888
83.6611
90.904
97.6267
102.801
106.342
109.024
110.814
109.892
108.11
109.892
99.3205
95.0895
87.6326
78.9996
69.3443
62.3424
52.5203
43.5718
34.9377
28.6222
19.7391
13.7559
7.61943
4.10612
1.56482
0.118214
0.317288
1.79215
5.23161
11.3401
14.4333
20.9264
27.7163
35.9832
44.7385
53.8361
62.3809
61.6895
84.5108
90.9505
91.7896
95.9474
101.127
102.851
102.851
102.851
102.851
100.246
91.7896
87.6783
80.5677
70.8141
64.4391
54.4462
43.0263
36.5117
28.6483
19.7607
16.464
7.3923
4.29603
1.46283
0.0680765
0.362763
2.14772
5.42296
10.4706
15.74
23.3345
29.5427
37.0144
46.4508
54.4102
60.9638
70.0365
76.7189
82.1071
86.8582
90.069
93.3851
95.0895
93.3851
93.3851
90.904
85.2297
81.3136
75.1888
68.6153
61.6512
55.7129
47.051
39.6715
31.9489
24.5998
17.5091
12.2102
7.37904
3.76752
1.3529
0.150322
0.186284
1.57093
4.11601
7.87735
12.5361
18.6284
24.624
33.4548
40.785
48.263
55.7494
63.7363
70.0773
76.7616
82.1514
87.6783
92.6326
95.9474
95.9474
95.9474
89.3299
89.3299
86.0873
80.5677
77.4897
67.9302
59.676
45.9205
43.0263
34.9666
27.7163
20.1529
14.1017
8.86464
4.29603
1.67656
0.226099
0.118214
1.56482
3.93016
7.37904
12.2102
17.8784
23.3345
30.5047
37.5205
45.8875
52.5203
58.3275
62.9987
70.0365
73.716
77.4468
79.7382
81.3136
82.1071
79.7382
77.4468
75.1888
70.773
65.777
61.6512
54.4102
48.2291
40.7539
33.9077
27.256
21.3074
15.74
10.4706
6.69361
3.28252
0.899764
0.06681
0.152219
1.67656
4.29603
7.87735
12.8314
18.2515
25.9481
32.447
40.2572
47.6888
53.194
65.1457
75.2311
81.3576
89.3299
95.137
102.851
106.392
110.865
113.603
115.482
114.541
111.791
111.791
109.943
105.489
99.3691
93.4322
84.5108
79.0429
74.5137
66.5307
61.6895
53.8361
46.484
40.2572
34.9666
30.0485
26.3722
22.5404
18.2515
17.899
15.4319
14.4333
13.774
13.1478
14.1017
14.4333
13.774
17.5295
20.9264
23.7842
27.7163
33.9361
40.2572
46.484
53.194
61.0019
70.0773
78.2644
86.9037
94.2827
101.962
103.743
110.865
111.791
111.791
109.075
103.743
96.8092
88.5022
76.7616
64.4391
52.5557
39.151
28.1804
18.6284
10.204
4.11601
0.605077
0.118214
2.54323
6.92265
15.74
26.3472
39.1205
55.0596
71.5134
90.069
109.892
128.735
148.058
167.53
183.55
197.824
211.426
220.311
228.051
233.31
238.553
239.911
239.911
235.924
233.31
225.407
221.543
212.705
197.824
189.41
177.717
159.794
146.991
138.715
122.019
107.199
95.0895
81.3136
69.3443
58.3275
47.6551
38.0602
29.0675
21.3074
15.0701
9.65091
5.82774
2.83092
0.980125
0.06681
0.119896
1.07401
2.83913
5.23161
7.87735
11.3401
15.4319
18.2515
22.1256
25.5029
28.1804
30.9914
33.4548
34.9666
35.9832
36.5117
35.9832
35.9832
34.9666
32.949
30.5047
28.6483
25.5029
21.7373
18.2515
15.4319
11.9222
9.39507
6.05358
3.77699
2.02794
0.904396
0.186284
0.06681
0.417562
1.45693
2.97213
5.03275
7.61943
9.91019
13.1301
15.4128
19.351
20.5268
25.9233
27.6906
30.0217
30.9643
33.4266
32.921
32.4193
31.9489
30.9643
30.5047
25.4783
22.9357
21.3074
17.1437
14.0834
10.4706
7.37904
4.46959
1.90486
0.476214
0.00770611
0.904396
3.60832
8.11176
14.75
24.2143
34.4494
51.3255
68.6557
92.6326
116.375
145.988
180.13
215.273
252.15
290.526
330.022
365.478
402.646
438.034
469.296
490.016
503.494
517.154
517.154
509.31
499.671
476.721
443.46
402.646
355.57
313.058
254.945
202.794
152.301
108.16
70.0773
40.2572
17.1639
3.93984
0.0167025
5.62931
20.131
41.3162
68.6153
104.539
141.776
182.362
224.164
264.613
302.364
339.389
368.655
393.887
416.463
428.896
441.511
448.817
446.959
437.932
430.716
414.773
397.379
376.941
355.479
331.529
306.875
281.699
253.468
224.164
200.302
173.195
149.068
125.819
102.801
81.3136
62.9987
45.2947
32.4193
22.5172
13.4501
6.04158
2.14772
0.089958
0.479586
3.29136
7.3923
12.8314
19.3724
27.7163
35.9832
47.0845
53.8361
65.1457
74.5137
81.3576
88.5022
93.4322
98.4959
101.127
103.743
102.851
105.489
95.137
90.1153
83.7057
76.7616
68.6557
58.3647
49.4904
40.2572
31.482
22.9591
16.1098
9.39507
5.23161
1.91159
0.269767
0.184185
1.90486
5.42296
10.1885
16.0902
21.7146
27.6906
34.4208
41.3162
47.6551
55.7129
60.3182
65.777
64.3999
69.3443
70.773
68.6153
65.1063
60.9638
55.0596
47.051
37.0144
28.6222
19.351
11.3237
4.64659
0.60129
0.538719
5.23161
16.8222
35.9832
63.0374
94.2827
138.773
196.66
259.089
323.761
395.728
469.296
539.008
613.544
679.238
736.712
791.572
813.539
833.412
833.412
820.929
791.572
753.217
690.598
607.159
521.044
420.154
320.697
234.653
156.604
93.4322
45.3276
13.468
0.538719
6.04158
30.5047
72.9642
131.684
201.477
277.377
365.385
454.31
550.961
641.52
727.212
806.045
865.964
927.884
957.078
970.553
933.24
888.934
830.739
776.959
710.996
641.52
585.957
509.2
437.932
370.343
293.442
234.578
176.613
128.735
86.8582
52.5203
26.7997
9.1132
0.818422
1.07401
8.86464
22.1256
44.1857
70.8141
101.962
137.798
168.731
219.082
261.844
302.449
344.259
383.79
420.154
452.544
476.721
497.71
507.331
519.153
513.28
497.71
486.245
459.94
432.641
399.131
362.129
320.697
277.458
232.045
187.135
145.988
109.075
77.4897
50.1099
28.1804
11.9222
2.55101
0.0291357
2.97213
10.7406
22.1026
37.5205
55.0596
72.9642
89.2839
102.801
117.271
122.936
129.733
128.735
122.936
113.551
97.6267
77.4468
54.4102
33.9077
14.4147
2.68515
0.269767
13.1478
41.3476
86.9037
148.117
221.616
303.893
397.476
507.331
622.029
755.495
853.381
962.518
765.042
615.599
465.5
325.342
201.546
108.16
43.6041
8.11176
1.78563
22.5172
71.5134
142.823
239.911
355.479
486.137
628.37
779.271
930.56
776.959
663.569
546.849
439.668
342.632
253.468
177.717
113.551
64.3999
30.0217
8.60519
0.314547
3.29136
16.8222
41.3476
72.2578
116.375
157.704
208.952
263.266
322.271
380.453
438.034
501.526
553.024
602.84
650.32
683.822
711.126
722.748
741.352
736.712
724.978
697.408
670.371
626.416
579.717
526.961
467.396
404.41
334.734
271.721
211.497
153.386
104.589
63.7363
32.447
11.621
1.35858
1.06896
10.7406
29.0675
56.3335
90.069
127.796
169.746
212.705
259.011
305.339
352.267
395.631
434.265
463.503
488.074
509.2
526.848
532.798
538.894
536.858
519.042
505.356
480.455
450.678
421.755
387.141
353.917
312.971
268.834
228.051
185.87
143.874
108.11
76.7189
49.4561
27.6906
12.8139
2.97213
0
2.69315
11.9222
25.9481
44.1857
67.9302
92.6326
122.019
154.475
187.135
225.48
260.504
297.971
326.928
355.57
380.453
400.887
416.563
427.282
434.367
430.817
420.154
402.646
372.034
358.889
331.618
299.404
266.043
228.125
190.688
153.386
121.104
86.9037
58.9998
35.9832
18.6284
6.49325
0.479586
0.980125
7.15554
18.6074
35.4295
55.7129
78.9996
103.693
130.734
158.747
188.271
216.491
242.638
267.397
286.054
302.364
315.998
326.84
333.13
336.252
333.13
325.255
311.42
294.864
277.377
256.193
233.31
207.685
181.179
155.447
127.796
103.693
80.524
58.9624
39.6715
24.1903
12.8139
4.46959
0.417562
0.675289
5.23161
14.1017
25.0615
40.785
58.3647
75.9944
95.9474
120.14
143.933
165.39
190.688
211.497
234.653
250.835
263.266
278.923
289.031
294.948
296.457
292.023
278.923
264.693
249.446
229.452
211.497
184.807
160.967
133.763
108.16
83.7057
62.3809
43.6041
27.7163
14.4333
5.43432
0.605077
0.362763
4.28593
12.2102
24.5998
38.6037
55.7129
75.9519
95.0895
118.224
139.751
157.643
176.613
194.206
211.426
222.852
234.578
241.273
245.304
245.304
246.681
241.273
231.971
219.01
206.422
189.41
172.041
153.326
130.734
110.814
92.5857
72.2163
55.7129
39.6715
26.7997
15.74
7.61943
2.14772
0.0291357
0.984959
5.04369
12.5361
21.7373
33.9361
48.263
63.7363
82.9045
102.851
119.18
136.769
152.301
172.105
187.135
200.371
212.776
219.082
224.237
226.801
226.801
219.082
216.563
205.232
194.274
177.782
159.855
138.773
120.14
101.127
80.5677
63.7363
44.7385
30.9914
18.6284
9.12793
3.29136
0.269767
0.671287
4.28593
10.7406
20.9041
31.9489
46.4508
60.9638
76.7189
95.0895
110.814
126.805
142.823
155.447
172.041
180.065
185.87
191.834
194.206
194.206
190.62
185.87
177.717
169.746
154.415
145.929
129.733
116.322
98.4475
84.466
66.4909
53.1584
39.1205
27.6906
17.1437
9.65091
4.10612
0.818422
0.0470988
1.79215
5.83952
11.9222
20.1529
29.0938
43.0263
55.0959
69.385
83.7057
100.246
113.603
127.851
138.773
151.279
164.263
169.81
174.352
180.13
177.782
177.782
170.956
166.458
157.704
147.05
131.74
119.18
105.489
89.3299
73.0059
58.9998
44.1857
31.482
19.3724
11.0464
5.04369
1.16691
0.06681
1.78563
5.82774
12.2102
20.9041
31.4547
42.4206
55.7129
69.3443
83.6611
97.6267
109.892
123.911
132.693
142.823
150.142
155.447
159.794
159.794
159.794
155.447
151.219
144.87
133.707
125.819
113.551
101.913
88.4563
75.9519
64.3999
52.5203
39.1205
28.6222
18.988
11.3237
5.42296
1.78563
0.118214
0.479586
2.69315
7.3923
13.468
21.3299
30.5047
40.2572
51.3255
65.1457
75.9944
87.6783
101.962
102.851
122.019
131.74
138.773
145.988
151.279
152.301
153.386
149.128
142.882
130.79
128.79
117.324
110.865
92.6326
79.7817
65.8166
55.0959
41.914
30.9914
19.7607
12.8314
6.27149
1.91159
0.0914267
0.362763
2.97213
7.61943
13.7559
21.3074
32.921
40.7539
51.2906
62.9987
74.4716
84.466
96.7612
104.539
112.67
117.271
124.89
127.796
130.734
131.684
129.733
123.911
116.322
112.67
104.539
97.6267
90.069
78.2213
67.2086
55.7129
45.8875
35.4295
27.256
18.988
12.2102
6.69361
2.68515
0.417562
0.0470988
1.16691
3.93984
8.36371
14.75
22.1256
27.2815
39.7022
50.1099
58.9998
70.0773
81.3576
90.9505
98.4959
106.392
112.721
120.14
123.966
126.86
127.851
125.873
122.019
114.541
109.075
101.127
93.4322
88.5022
71.5547
58.9998
47.0845
36.5117
28.1804
20.5489
13.1478
7.1686
2.83913
0.42072
0.0460463
1.25819
4.10612
8.60519
14.7312
22.5172
31.4547
38.6037
49.4561
57.659
67.2086
75.9519
84.466
90.904
97.6267
102.801
106.342
109.892
109.892
112.67
109.024
105.439
99.3205
93.3851
85.2297
81.3136
70.773
63.6974
53.8004
42.4206
34.4208
25.9233
18.6074
12.8139
7.86367
3.76752
1.06896
0.0167025
0.538719
2.55101
5.64089
9.66607
16.464
23.7842
31.9765
39.7022
49.4904
56.3701
65.1457
73.7579
81.3576
89.3299
95.137
100.246
102.851
103.743
106.392
104.589
102.851
97.6748
93.4322
86.0873
78.2644
70.0773
61.6895
52.5557
42.4524
34.4494
25.9481
19.3724
12.8314
7.3923
3.44349
0.904396
0.00192653
0.671287
2.54323
5.82774
10.1885
15.4128
22.9357
31.4547
39.6715
47.051
55.0596
62.9987
70.0365
76.7189
82.1071
87.6326
91.7429
93.3851
95.0895
93.3851
91.7429
90.069
85.2297
81.3136
75.9519
69.3443
64.3999
55.0596
45.8875
38.6037
30.9643
23.3345
17.5091
11.9054
6.92265
3.43445
0.980125
0.0291357
0.538719
2.15488
4.84847
8.86464
14.4333
20.1529
27.2815
35.4585
42.4524
48.8748
55.7494
63.0374
70.8141
78.2644
82.9045
88.5022
90.1153
90.9505
91.7896
91.7896
90.9505
86.0873
81.3576
75.2311
68.6557
62.3809
54.4462
46.484
39.7022
30.0485
24.2143
16.464
11.621
6.93549
3.44349
0.82284
0
0.60129
2.54323
5.03275
8.85013
13.4501
19.7391
26.3472
32.921
40.2263
47.051
51.9212
60.9638
67.2086
73.716
78.2213
81.3136
82.8601
82.8601
84.466
81.3136
81.3136
78.2213
74.4716
67.89
61.6512
55.0596
49.4561
41.8824
36.4822
29.5427
21.7146
16.8022
11.0302
6.92265
3.59906
1.45693
0.223786
0.119896
1.16691
3.44349
6.49325
10.7566
14.75
21.3299
27.2815
35.4585
42.4524
48.8748
56.3701
62.3809
67.9302
74.5137
76.7616
80.5677
82.9045
85.2747
84.5108
83.7057
79.0429
75.9944
73.0059
65.8166
58.9998
53.194
47.0845
39.151
32.447
24.2143
17.899
12.2272
7.6329
4.11601
1.46283
0.269767
0.150322
1.3529
3.76752
7.37904
11.6044
17.1437
23.3345
29.0675
35.4295
41.8824
48.8407
54.4102
60.3182
65.777
68.6153
71.5134
74.4716
74.4716
74.4716
73.716
72.9642
70.0365
65.777
60.3182
55.7129
50.0754
44.1532
33.4266
32.921
27.256
21.7146
15.4128
10.7406
7.15554
3.93016
1.90486
0.417562
0.0173387
0.745137
2.69315
5.23161
9.12793
12.5361
17.5295
22.5404
30.5047
35.4585
42.4524
47.6888
53.8361
58.3647
62.3809
67.2486
71.5547
75.2311
74.5137
74.5137
79.0429
73.0059
69.385
65.1457
61.6895
56.3701
49.4904
42.4524
35.9832
31.482
23.7842
17.5295
12.2272
8.36371
4.11601
2.15488
0.479586
0
0.362763
2.14772
4.64659
7.37904
12.2102
17.5091
22.1026
28.1545
33.4266
39.1205
43.5718
48.8407
53.1584
56.9943
58.9624
61.6512
62.3424
62.3424
61.6512
61.6512
56.9943
53.8004
51.2906
46.4508
40.2263
36.4822
31.4547
25.9233
20.131
14.7312
10.4706
6.25928
3.76752
1.67025
0.26724
0.0470988
0.984959
3.13403
6.27149
10.204
15.089
22.1256
28.6483
37.0441
45.9205
55.0959
65.8166
73.0059
83.7057
92.6326
101.127
112.721
119.18
126.86
133.763
138.773
142.882
147.05
150.202
152.301
149.128
145.988
145.988
141.834
138.773
131.74
124.945
116.375
109.943
101.962
95.9474
88.5022
79.0429
71.5547
64.4391
55.7494
52.5557
46.484
40.785
34.4494
30.5047
26.8249
24.2143
22.1256
19.7607
17.899
15.7594
14.1017
13.468
12.2272
12.5361
12.2272
11.9222
11.3401
10.4864
10.4864
10.7566
10.7566
10.4864
9.39507
8.6195
7.1686
6.27149
5.83952
5.04369
3.60832
2.15488
1.16691
0.42072
0.0680765
0.0291357
0.417562
1.78563
3.93016
6.92265
10.7406
14.7312
21.3074
26.7997
34.9377
43.5718
53.8004
62.9987
71.5134
83.6611
91.7429
104.539
117.271
127.796
136.712
145.929
148.058
160.905
170.892
175.448
176.613
181.179
180.065
177.717
178.889
176.613
175.448
169.746
163.078
153.326
143.874
135.688
127.796
126.805
107.199
95.0895
85.2297
72.2163
62.9987
51.9212
43.5718
34.9377
26.7997
19.351
12.8139
8.34961
4.83774
1.90486
0.476214
0.00192653
0.605077
2.15488
4.65711
8.36371
11.9222
16.1098
20.5489
25.9481
31.482
35.9832
39.151
44.1857
48.263
51.3255
51.9563
54.4462
55.7494
55.0959
53.194
51.3255
49.4904
45.9205
41.914
37.5504
32.949
27.7163
22.5404
18.6284
13.774
10.4864
6.70623
4.29603
1.57093
0.538719
0.0173387
0.26724
1.06896
2.54323
4.83774
7.15554
10.1885
13.1301
16.0902
19.7391
20.9041
23.7605
26.3472
27.256
28.1545
29.0675
28.6222
26.3472
24.5998
21.3074
18.2306
14.7312
11.3237
9.1132
3.93016
1.3529
0.06681
0.365707
2.98055
8.6195
17.5295
31.482
49.4904
72.2578
103.743
138.773
180.13
226.801
275.998
331.618
385.511
436.199
495.754
542.978
592.349
632.902
668.1
688.293
695.091
692.907
670.371
641.643
598.657
542.978
480.562
409.624
333.218
260.504
193.052
129.788
78.2644
40.2572
14.4333
1.16691
2.41273
16.8022
44.1532
83.6611
133.707
190.62
252.072
320.61
388.774
452.441
513.17
575.497
628.37
670.244
708.787
736.58
738.964
753.084
755.361
748.274
738.964
720.259
694.962
663.569
626.294
585.957
538.894
497.601
450.678
400.789
350.622
302.364
253.468
207.685
164.201
124.89
93.3851
62.3424
38.0602
20.5268
8.60519
1.3529
0.186284
4.29603
13.1478
27.2815
46.484
66.5307
88.5022
114.541
140.848
170.956
197.893
225.48
248.062
268.915
286.136
300.924
311.506
319.127
320.697
316.085
306.961
293.525
275.998
257.678
237.35
210.223
181.245
153.386
124.945
98.4959
73.7579
51.3255
32.949
18.6284
7.6329
1.46283
0.0167025
2.021
8.09788
16.8022
29.5427
43.5718
58.3275
72.9642
87.6326
97.6267
110.814
119.127
126.805
125.819
122.936
114.489
104.539
87.6326
68.6153
51.9212
31.9489
15.0701
3.28252
0.186284
8.6195
30.0485
65.8166
114.541
177.782
249.446
333.218
423.66
530.999
632.902
739.097
828.351
909.849
984.123
871.139
755.495
628.493
497.71
372.034
264.693
158.809
80.5677
30.5047
4.29603
2.021
24.1903
70.0365
140.791
230.636
334.644
443.357
565.248
690.47
818.276
946.396
894.03
798.724
692.779
587.965
486.137
392.243
302.364
219.01
155.447
99.3205
56.9943
24.5998
6.25928
0.00728393
5.23161
20.9264
44.7385
79.7817
115.482
158.809
212.776
267.477
325.342
383.79
434.367
484.311
540.934
588.084
639.422
674.797
701.922
720.39
720.39
715.816
708.917
697.408
670.371
630.695
592.349
536.971
480.562
421.855
363.802
306.961
249.446
189.477
143.933
101.127
63.7363
38.0903
19.0092
5.83952
0.365707
1.06896
6.48083
15.4128
27.256
38.6037
48.2291
60.3182
65.1063
67.89
64.3999
56.3335
47.051
30.9643
20.5268
8.60519
1.56482
0.479586
7.87735
24.624
50.1099
82.9045
124.945
170.956
225.48
280.309
336.342
387.237
428.997
465.5
499.671
509.31
513.28
493.91
463.608
425.469
362.129
300.924
233.384
172.105
112.721
63.0374
27.2815
6.05358
0.118214
9.1132
34.9377
75.1888
132.693
201.477
283.174
366.972
456.183
546.849
645.85
736.58
823.306
896.657
970.553
925.36
863.384
801.206
731.823
656.928
583.834
503.385
421.755
342.632
273.089
205.162
146.991
101.078
60.9638
32.4193
11.0302
1.45693
1.07401
9.39507
25.0615
47.0845
74.5137
109.075
147.05
194.274
241.349
284.653
333.218
378.743
420.154
465.5
497.71
530.999
530.999
571.526
575.615
577.722
565.364
553.024
523.05
491.961
456.287
416.563
363.802
328.517
273.17
220.383
170.956
126.86
88.5022
56.3701
30.5047
12.2272
1.57093
0.476214
7.15554
20.9041
40.7539
67.2086
97.6267
133.707
170.892
208.881
250.758
281.699
314.44
345.798
375.334
400.789
421.755
436.097
439.668
441.511
439.668
432.54
420.054
397.379
375.334
349.071
317.56
284.571
254.867
220.311
188.271
150.142
117.271
87.6326
60.9638
39.6715
20.9041
8.60519
1.67025
0.152219
4.11601
12.8314
25.5029
41.914
63.0374
87.6783
113.603
140.848
170.956
201.546
230.71
253.546
287.623
316.085
337.954
355.57
365.478
373.729
370.436
373.729
363.802
349.162
328.517
308.415
283.256
253.546
221.616
190.688
157.704
125.873
94.2827
71.5547
45.9205
25.9481
11.9222
3.29136
0.00192653
2.2783
9.38013
20.9041
37.0144
56.9943
81.3136
106.342
132.693
156.543
180.065
205.162
228.051
249.369
268.834
287.541
296.373
302.364
305.339
305.339
302.364
293.442
281.699
267.397
246.681
224.164
202.725
177.717
152.241
130.734
105.439
84.466
62.9987
45.2947
29.0675
16.8022
7.15554
1.78563
0.0173387
2.15488
7.87735
16.8222
30.0485
45.9205
65.8166
82.1514
103.743
122.99
144.929
166.458
187.135
207.755
229.452
245.381
257.678
264.693
271.721
274.542
274.542
266.043
256.271
244.008
228.125
204.046
184.807
159.855
133.763
109.075
87.6783
65.8166
47.0845
30.9914
17.5295
7.6329
1.57093
0.00192653
2.021
8.34961
17.5091
30.0217
45.8875
65.1063
83.6611
101.913
121.051
142.823
157.643
174.287
187.068
201.477
212.705
219.01
224.164
224.164
222.852
220.311
211.426
201.477
192.984
177.717
160.905
142.823
124.89
106.342
89.2839
71.5134
53.8004
40.7539
27.6906
17.1437
8.09788
3.28252
0.223786
0.538719
3.77699
9.66607
17.1639
28.6483
41.3476
55.0959
73.0059
90.9505
106.392
122.019
139.809
158.809
170.956
184.807
194.274
205.232
208.952
213.987
210.223
207.755
201.546
191.902
181.245
167.593
154.475
134.78
116.375
95.9474
75.9944
59.676
43.6041
29.5692
19.0092
9.92555
3.13403
0.186284
0.476214
3.59906
8.85013
16.8022
27.6906
40.7539
55.7129
72.2163
86.8582
101.913
116.322
132.693
144.87
156.543
165.328
173.195
176.613
181.179
180.065
178.889
173.195
168.668
160.905
150.142
136.712
125.819
112.67
98.4475
81.3136
65.1063
51.2906
38.6037
27.256
18.2306
10.1885
4.46959
0.980125
0.00770611
1.57093
5.23161
10.4864
17.1639
27.2815
38.634
52.5557
65.8166
79.0429
91.7896
105.489
116.375
129.788
144.929
152.301
165.39
164.263
164.263
160.967
164.263
158.809
155.507
148.117
137.798
122.99
101.962
94.2827
82.1514
68.6557
53.8361
39.151
28.1804
18.6284
10.4864
4.84847
0.984959
0
1.45693
5.03275
11.0302
17.5091
27.256
39.1205
50.6638
61.6512
72.9642
87.6326
99.3205
109.024
121.051
130.734
136.712
144.87
137.74
146.991
140.791
140.791
137.74
132.693
124.89
114.489
103.693
91.7429
80.524
68.6153
55.7129
46.4508
35.9539
25.9233
17.5091
10.4706
5.42296
1.78563
0.150322
0.42072
2.55101
6.93549
12.5361
19.3724
27.7163
37.5504
48.263
59.676
71.5547
79.7817
92.6326
100.246
108.16
119.18
127.851
136.769
136.769
138.773
136.769
141.834
129.788
125.873
120.14
110.865
97.6748
85.2747
73.0059
61.6895
48.263
39.151
29.0938
20.5489
12.2272
6.27149
2.02794
0.186284
0.223786
2.14772
6.69361
9.1132
19.351
28.1545
37.0144
47.6551
57.659
68.6153
78.9996
86.8582
98.4475
106.342
110.814
115.43
120.087
120.087
121.051
119.127
118.224
112.67
109.892
100.197
92.5857
82.8601
72.9642
62.3424
52.5203
42.4206
34.4208
25.9233
18.988
12.2102
6.25928
2.54323
0.535146
0.00192653
0.984959
3.60832
7.6329
13.468
20.9264
29.0938
37.5504
46.484
50.6985
65.8166
74.5137
85.2747
93.4322
101.127
109.075
112.721
115.482
118.277
118.277
116.375
115.482
110.865
105.489
97.6748
86.9037
79.0429
67.2486
60.3561
46.484
36.5117
27.7163
19.7607
12.2272
6.27149
2.55101
0.365707
0.0291357
1.06896
4.28593
8.60519
14.4147
22.1026
30.0217
38.6037
48.8407
56.9943
67.2086
75.9519
82.1071
90.904
96.7612
102.801
105.439
106.342
104.539
104.539
101.913
100.197
95.0895
90.069
82.1071
74.4716
65.1063
56.9943
48.8407
39.1205
32.921
24.5998
17.1437
10.7406
6.69361
3.28252
0.818422
0.0167025
0.538719
2.42031
5.64089
10.204
16.1098
22.9591
30.5047
38.634
46.484
54.4462
62.3809
72.2578
80.5677
85.2747
91.7896
97.6748
100.246
103.743
103.743
102.851
101.127
96.8092
92.6326
87.6783
78.2644
69.385
60.3561
51.9563
42.4524
33.9361
25.9481
19.0092
11.9222
6.70623
2.98055
0.82284
0.0173387
0.535146
2.68515
5.62931
10.4706
16.4443
23.3345
30.9643
37.5205
44.7059
52.5203
60.3182
69.3443
73.716
77.4468
83.6611
86.8582
89.2839
89.2839
89.2839
88.4563
86.8582
85.2297
78.9996
72.2163
67.89
58.3275
51.9212
45.2947
37.5205
30.5047
23.3345
17.5091
12.2102
6.92265
3.59906
1.45693
0.26724
0.0914267
1.16691
3.44349
6.93549
11.0464
16.8222
22.5404
29.0938
35.9832
43.6041
50.1099
58.3647
65.8166
71.5547
77.4897
82.9045
84.5108
86.9037
87.6783
87.6783
87.6783
83.7057
79.0429
74.5137
67.9302
61.0019
55.0959
47.6888
40.785
32.447
25.9481
19.0092
13.468
7.87735
3.93984
1.57093
0.186284
0.184185
1.25819
3.59906
6.92265
11.6044
16.4443
22.9357
29.5427
36.4822
41.8824
48.8407
54.4102
59.6384
66.4909
70.773
73.716
76.7189
76.7189
77.4468
76.7189
75.9519
74.4716
70.0365
64.3999
58.3275
54.4102
47.051
41.3162
35.4295
29.5427
22.1026
17.1437
11.9054
7.61943
4.10612
1.90486
0.417562
0.00192653
0.745137
2.42031
5.04369
8.11176
13.1478
17.899
25.5029
30.5047
35.9832
43.6041
48.8748
55.0959
61.6895
63.7363
69.385
74.5137
74.5137
76.7616
75.9944
74.5137
72.2578
69.385
65.8166
58.3647
54.4462
47.6888
41.914
34.9666
28.1804
22.1256
16.8222
11.0464
6.49325
3.60832
1.35858
0.226099
0.06681
0.899764
2.83092
5.62931
10.4706
15.0701
18.988
25.0371
30.0217
34.9377
41.3162
46.4508
51.9212
56.9943
63.6974
63.6974
65.1063
68.6153
67.89
66.4909
65.1063
63.6974
61.6512
56.3335
51.9212
46.4508
40.7539
34.4208
29.5427
24.5998
18.988
14.0834
9.38013
5.82774
3.1254
1.25819
0.223786
0.0680765
0.904396
2.55101
5.23161
8.36371
12.5361
17.5295
23.3581
28.1804
34.9666
39.7022
45.3276
50.1099
54.4462
58.9998
63.0374
65.8166
65.8166
66.5307
67.2486
65.1457
64.4391
61.0019
57.696
52.5557
45.9205
40.785
34.4494
29.5692
24.624
14.75
14.4333
9.39507
5.83952
2.83913
1.26366
0.152219
0.0460463
0.671287
2.54323
4.46959
8.60519
12.8139
17.1437
22.1026
27.256
32.921
38.0602
42.4206
48.2291
55.0596
56.3335
57.659
60.3182
60.9638
59.6384
60.3182
60.9638
57.659
53.8004
55.0596
47.6551
42.4206
35.9539
31.9489
27.256
22.1026
17.1437
12.2102
8.34961
5.03275
2.54323
0.980125
0.184185
0.0680765
0.82284
2.28567
4.84847
7.3923
10.7566
14.4333
19.3724
23.7842
29.0938
34.4494
39.151
43.6041
48.8748
50.6985
53.8361
56.3701
57.696
57.696
56.3701
55.7494
55.0959
51.9563
49.4904
44.7385
38.634
37.0441
30.9914
25.9481
21.7373
16.464
12.5361
9.12793
5.23161
2.98055
0.82284
0.0914267
0.06681
0.740933
2.54323
4.83774
8.09788
11.9054
15.74
19.351
27.6906
28.6222
33.9077
38.6037
42.9943
46.4508
48.8407
53.1584
52.5203
54.4102
57.659
53.8004
50.6638
49.4561
48.8407
42.9943
39.1205
34.9377
30.0217
24.5998
21.7146
16.8022
13.4501
10.1885
6.92265
4.10612
2.021
0.740933
0.0460463
0.119896
0.745137
2.42031
4.47991
7.6329
10.4864
14.4333
18.2515
22.1256
26.3722
31.482
34.9666
38.634
42.4524
45.3276
48.263
50.1099
51.3255
52.5557
51.9563
50.1099
47.6888
47.0845
44.1857
40.785
37.5504
32.447
28.1804
23.3581
18.6284
13.774
11.3401
7.6329
4.65711
2.15488
0.82284
0.0680765
0.118214
0.671287
2.021
4.46959
7.37904
10.7406
13.7559
17.8784
21.7146
25.9233
30.0217
34.4208
37.5205
41.3162
42.9943
45.2947
45.8875
45.8875
46.4508
45.8875
44.1532
42.9943
39.6715
37.5205
34.9377
31.4547
27.6906
23.7605
20.131
15.0701
12.2102
9.1132
6.48083
4.10612
2.14772
0.740933
0.184185
0.0173387
0.479586
1.46283
3.29136
5.43432
7.6329
11.3401
14.75
17.899
21.3299
25.5029
29.0938
32.949
36.5117
39.151
41.914
41.3476
44.7385
44.7385
45.3276
44.1857
43.0263
42.4524
39.7022
35.9832
32.447
28.6483
25.0615
20.5489
16.8222
13.468
10.204
7.3923
3.93984
2.55101
0.675289
0.0914267
0.06681
0.60129
1.78563
3.59906
5.82774
8.85013
11.6044
15.4128
19.351
20.9041
24.5998
28.1545
30.5047
37.5205
36.4822
37.0144
39.1205
39.6715
40.7539
39.6715
38.6037
37.5205
35.9539
33.4266
30.5047
28.1545
24.5998
23.7605
17.8784
15.0701
11.9054
9.38013
6.25928
4.10612
2.2783
0.980125
0.184185
0
0.317288
1.07401
2.55101
4.11601
7.1686
9.12793
11.621
16.1098
18.2515
21.7373
25.0615
28.1804
31.9765
34.4494
35.4585
38.0903
39.151
39.151
40.2572
39.7022
38.634
36.5117
34.9666
31.482
29.5692
25.9481
22.5404
19.7607
15.7594
11.9222
9.12793
6.49325
4.29603
2.42031
1.16691
0.186284
0.00171841
0.26724
1.06896
2.41273
4.28593
6.04158
8.85013
11.9054
14.0834
16.4443
19.351
22.5172
25.9233
28.6222
29.0675
31.9489
31.9489
33.9077
32.921
33.9077
33.4266
32.4193
30.9643
25.4783
26.3472
24.1903
21.7146
18.988
16.0902
13.7559
10.7406
8.85013
6.04158
3.93016
3.1254
1.16165
0.362763
0.0291357
0.0680765
0.675289
1.79215
3.13403
5.23161
6.93549
9.39507
11.621
14.75
17.5295
20.9264
22.9591
25.9481
28.1804
30.0485
30.5047
31.9765
33.4548
32.949
32.949
30.9914
30.5047
28.6483
26.8249
25.0615
22.1256
18.6284
16.8222
13.468
11.0464
8.6195
6.27149
4.29603
2.15488
1.07401
0.317288
0.0914267
0.150322
0.671287
1.67025
3.43445
4.83774
7.37904
9.65091
12.2102
14.7312
16.4443
20.131
23.3345
25.0371
27.6906
28.1545
29.0675
30.5047
30.0217
30.9643
25.4783
29.5427
27.6906
26.3472
24.5998
22.9357
20.131
17.8784
15.0701
12.2102
9.38013
7.37904
5.62931
3.93016
2.41273
1.25819
0.362763
0.00728393
0.0914267
0.605077
1.79215
2.55101
4.47991
6.27149
8.6195
10.7566
13.468
15.7594
17.899
20.9264
22.9591
25.0615
26.8249
28.1804
29.0938
29.5692
30.0485
29.5692
28.6483
27.7163
27.7163
25.0615
22.5404
20.1529
18.2515
15.7594
13.1478
11.0464
8.36371
5.83952
3.77699
2.42031
0.984959
0.42072
0.0299741
0.089958
0.535146
1.45693
2.54323
4.10612
6.04158
8.09788
10.4706
13.1301
15.0701
16.4443
18.6074
20.9041
22.5172
23.7605
28.1545
25.9233
25.9233
26.3472
25.4783
24.5998
24.1903
22.5172
20.9041
19.7391
17.1437
15.0701
12.5189
10.7406
8.34961
6.69361
5.03275
3.28252
1.78563
0.818422
0.417562
0.0291357
0.0680765
0.479586
1.26366
2.28567
3.77699
5.23161
7.3923
9.39507
11.621
13.468
14.75
17.899
19.7607
20.9264
23.3581
24.2143
25.0615
25.5029
25.5029
25.5029
25.5029
24.2143
23.3581
21.7373
19.7607
18.2515
16.1098
13.774
11.3401
9.12793
7.1686
5.43432
3.77699
2.28567
1.16691
0.42072
0.119896
0.0291357
0.362763
0.980125
2.021
3.43445
4.83774
6.69361
8.34961
9.38013
11.6044
15.0701
15.74
16.8022
18.6074
19.351
20.5268
21.7146
21.7146
21.7146
22.5172
20.5268
20.131
18.6074
16.8022
15.74
14.0834
12.2102
10.7406
7.86367
7.15554
4.64659
3.43445
2.2783
1.45693
0.671287
0.089958
0.00770611
0.269767
0.675289
2.15488
2.69315
4.11601
6.27149
8.36371
9.92555
12.5361
14.1017
17.1639
16.8222
20.9264
23.7842
25.5029
26.3722
27.7163
28.6483
29.5692
30.0485
29.0938
29.5692
28.6483
27.2815
25.9481
24.2143
22.5404
20.9264
18.6284
16.464
14.75
12.2272
9.66607
8.6195
6.49325
5.04369
3.60832
2.69315
1.67656
0.984959
0.538719
0.186284
0.0680765
0.00171841
0.089958
0.184185
0.314547
0.417562
0.535146
0.535146
0.535146
0.476214
0.535146
0.150322
0.06681
0
0.0680765
0.365707
0.904396
1.91159
3.77699
6.27149
9.12793
13.1478
17.5295
23.7842
31.482
39.151
48.8748
59.676
70.8141
83.7057
98.4959
109.075
122.99
136.769
151.279
160.967
169.81
180.13
185.936
191.902
193.052
194.274
184.807
175.513
162.083
152.301
140.848
124.945
108.16
90.1153
73.7579
57.0311
43.0263
30.0485
20.1529
11.621
5.64089
1.79215
0.0914267
0.362763
2.41273
5.42296
9.1132
13.4501
16.8022
20.5268
24.5998
26.7997
27.6906
29.0675
27.6906
25.0371
21.3074
17.8784
14.7312
12.2102
9.1132
6.48083
3.93016
1.78563
0.535146
0.26724
0.0173387
0.186284
0.675289
1.26366
1.91159
2.15488
2.69315
2.55101
2.28567
2.28567
1.26366
0.675289
0.152219
0.0291357
0.476214
1.56482
3.28252
5.82774
9.91019
16.8022
22.5172
30.9643
39.1205
48.8407
58.3275
70.0365
82.8601
97.6267
109.024
124.89
134.724
143.874
153.326
164.201
170.892
183.55
183.55
188.271
188.271
188.271
184.741
182.362
178.889
172.041
162.021
155.447
144.87
133.707
123.911
110.814
96.7612
86.8582
75.9519
64.3999
53.1584
42.9943
33.4266
24.5998
17.1437
11.0302
6.25928
3.1254
0.899764
0.0460463
0.317288
1.67656
4.29603
9.39507
11.9222
17.1639
21.7373
27.2815
32.949
38.634
44.1857
50.1099
53.8361
57.696
58.9998
63.0374
63.0374
61.6895
61.0019
58.3647
55.7494
52.5557
48.263
43.0263
37.5504
32.447
28.1804
22.1256
17.899
12.8314
8.36371
5.23161
2.55101
0.538719
0.0470988
0.26724
1.45693
3.76752
6.69361
10.4706
14.4147
18.988
23.3345
28.6222
34.9377
41.3162
44.7059
48.2291
53.1584
56.9943
58.3275
59.6384
60.3182
60.9638
58.9624
56.9943
52.5203
49.4561
44.7059
39.6715
34.9377
30.9643
24.5998
20.131
15.0701
10.1885
6.25928
3.43445
1.25819
0.184185
0.152219
1.26366
3.77699
7.6329
13.1478
19.3724
26.8249
34.9666
44.7385
55.7494
68.6557
81.3576
95.137
107.249
122.99
135.744
151.279
163.14
177.782
190.688
200.371
210.223
216.563
220.383
229.452
232.045
229.452
228.125
222.925
212.776
205.232
188.338
180.13
162.083
147.05
125.873
115.482
96.8092
80.5677
65.8166
52.5557
38.634
28.1804
20.1529
12.8314
7.6329
3.60832
1.16691
0.119896
0.0460463
0.671287
1.90486
3.28252
4.28593
5.82774
6.69361
7.61943
7.61943
7.37904
6.48083
5.82774
5.22046
4.10612
2.97213
1.78563
1.25819
0.535146
0.223786
0.0167025
0.0173387
0.0914267
0.317288
0.365707
0.479586
0.42072
0.42072
0.317288
0.152219
0.0173387
0.0167025
0.223786
0.899764
1.78563
3.43445
5.62931
8.85013
12.5189
17.8784
23.7605
30.0217
38.6037
46.4508
57.659
66.4909
75.9519
88.4563
101.078
110.814
122.019
132.693
142.823
153.326
158.747
166.395
168.668
175.448
177.717
178.889
177.717
177.717
173.195
168.668
162.021
154.415
145.929
136.712
125.819
115.43
102.801
91.7429
78.9996
67.2086
58.3275
47.051
36.4822
27.6906
20.5268
13.4501
7.86367
4.28593
1.67025
0.118214
0.186284
1.46283
3.77699
7.6329
11.9222
17.5295
22.5404
29.0938
35.4585
41.3476
48.8748
52.5557
59.676
61.6895
66.5307
69.385
70.0773
71.5547
70.0773
71.5547
67.2486
61.6895
58.3647
53.194
47.0845
39.7022
33.9361
28.6483
22.1256
17.1639
11.621
7.87735
5.23161
1.79215
0.42072
0.00728393
0.60129
2.021
4.64659
8.34961
11.3237
16.4443
23.7605
25.0371
30.0217
35.4295
39.1205
42.4206
47.051
48.8407
50.6638
52.5203
51.9212
51.2906
50.0754
47.6551
44.7059
41.3162
35.4295
31.4547
26.7997
21.3074
13.1301
11.3237
6.92265
3.59906
1.25819
0.089958
0.186284
2.02794
6.27149
11.9222
21.3299
30.0485
43.6041
57.0311
75.9944
95.137
118.277
145.988
169.81
195.499
226.801
249.446
280.309
305.425
325.342
349.162
363.802
373.729
380.453
380.453
372.034
360.461
345.889
325.342
297.971
266.043
232.045
197.893
168.731
126.86
95.9474
68.6557
44.1857
25.9481
11.3401
2.98055
0.0299741
1.78563
6.04158
17.1437
28.1545
41.8824
55.0596
67.89
78.9996
89.2839
96.7612
101.078
109.892
101.913
98.4475
91.7429
82.1071
69.3443
64.3999
53.1584
44.1532
32.4193
22.5172
17.1437
11.6044
7.61943
4.46959
2.14772
0.740933
0.118214
0.00770611
0.152219
0.538719
0.745137
0.984959
1.07401
0.984959
0.745137
0.317288
0.0914267
0.00728393
0.26724
0.899764
2.14772
4.46959
7.15554
11.6044
16.8022
22.9357
29.0675
37.0144
45.8875
56.3335
65.1063
75.1888
86.042
95.8996
105.439
111.74
121.051
129.733
135.688
141.776
139.751
142.823
144.87
143.874
142.823
136.712
131.684
126.805
117.271
108.11
99.3205
89.2839
80.524
68.6153
59.6384
48.8407
39.1205
30.0217
22.5172
15.4128
9.65091
5.42296
2.14772
0.417562
0.0299741
1.07401
3.44349
6.93549
11.3401
17.1639
22.9591
30.5047
37.0441
44.7385
51.9563
60.3561
65.8166
72.2578
79.7817
82.1514
86.0873
87.6783
88.5022
87.6783
86.9037
82.9045
79.0429
73.7579
67.2486
61.0019
53.8361
47.0845
39.7022
32.447
25.9481
19.3724
13.468
8.86464
5.04369
2.55101
0.605077
0.00770611
0.362763
1.78563
3.93016
6.48083
10.4706
13.1301
17.8784
20.9041
24.5998
28.1545
30.9643
32.4193
32.921
32.4193
32.4193
30.9643
28.1545
25.0371
20.5268
16.4443
11.3237
7.37904
3.59906
1.06896
0.00192653
1.26366
6.05358
14.4333
32.447
44.1857
67.2486
95.137
129.788
173.259
217.785
268.915
323.761
378.743
423.66
490.016
542.978
583.952
626.416
659.18
681.528
692.907
688.293
670.371
632.902
594.369
545.025
480.562
414.872
336.342
261.844
193.052
131.74
82.1514
48.263
16.1098
2.15488
1.25819
12.8139
35.4295
67.89
105.439
151.219
197.824
249.369
290.442
331.529
366.972
395.631
420.054
436.097
443.357
439.668
428.896
412.987
388.774
363.709
336.252
306.875
274.542
241.273
208.881
180.065
150.142
126.805
102.801
82.8601
63.6974
45.8875
32.921
22.9357
14.0834
7.37904
3.59906
0.740933
0.0291357
0.226099
1.46283
3.44349
5.83952
8.11176
10.4864
11.9222
14.75
16.1098
16.464
16.8222
16.8222
16.464
15.7594
14.1017
12.2272
9.66607
7.3923
5.04369
3.29136
1.91159
0.675289
0.0914267
0.118214
0.899764
2.54323
5.03275
7.15554
10.7406
14.0834
18.6074
24.5998
28.1545
32.921
42.9943
43.5718
48.8407
51.2906
56.9943
58.9624
61.6512
62.9987
64.3999
64.3999
63.6974
60.9638
58.9624
55.0596
51.9212
47.6551
43.5718
39.1205
34.9377
29.0675
25.0371
19.7391
16.0902
11.9054
8.34961
5.42296
2.97213
1.25819
0.223786
0.00192653
0.605077
1.46283
3.13403
5.23161
7.87735
11.0464
13.774
17.899
21.3299
24.624
28.6483
31.482
37.0441
38.0903
38.634
41.3476
41.914
42.4524
42.4524
41.3476
38.634
37.0441
33.4548
32.447
29.0938
25.0615
20.5489
16.8222
13.774
10.204
7.6329
4.65711
2.02794
1.07401
0.269767
0.00171841
0.314547
1.45693
2.83092
5.03275
7.61943
10.7406
15.0701
17.1437
20.5268
23.7605
26.3472
30.0217
31.9489
36.4822
41.8824
38.6037
40.2263
40.7539
40.7539
39.1205
37.0144
34.4208
33.4266
30.5047
27.256
23.7605
21.3074
17.5091
13.7559
10.7406
8.60519
6.04158
3.93016
2.14772
0.980125
0.150322
0.00770611
0.365707
1.26366
2.42031
4.65711
7.1686
9.39507
12.5361
15.4319
19.0092
21.3299
23.7842
28.1804
30.5047
31.9765
35.4585
35.4585
37.0441
37.5504
38.0903
35.9832
34.4494
34.4494
32.949
31.482
26.8249
23.3581
20.9264
17.1639
14.4333
11.0464
8.6195
5.83952
3.77699
2.15488
0.82284
0.152219
0.0167025
0.476214
1.3529
2.83092
4.46959
6.92265
9.65091
12.5189
15.0701
17.5091
20.5268
23.3345
25.9233
28.1545
30.0217
31.9489
32.921
33.4266
32.921
33.4266
32.4193
30.5047
30.0217
28.1545
24.5998
22.1026
19.7391
17.1437
13.7559
11.6044
9.1132
6.25928
4.46959
2.54323
1.45693
0.476214
0.089958
0.0299741
0.538719
1.26366
2.69315
4.29603
6.05358
8.86464
11.0464
13.774
16.464
19.3724
21.7373
23.3581
26.3722
27.7163
29.5692
32.447
25.5029
31.482
30.5047
30.0485
29.5692
27.7163
26.3722
23.3581
22.1256
17.899
17.5295
13.1478
10.4864
7.3923
5.64089
3.44349
1.91159
0.82284
0.269767
0.00770611
0.362763
0.899764
1.90486
3.43445
5.03275
7.15554
9.38013
11.6044
14.7312
17.1437
20.9041
21.7146
23.3345
25.0371
25.9233
28.6222
29.0675
28.6222
29.0675
28.1545
26.3472
26.3472
23.3345
22.9357
19.7391
17.8784
16.8022
13.4501
11.6044
9.1132
7.15554
4.83774
3.1254
1.78563
0.740933
0.223786
0
0.226099
0.82284
1.79215
2.98055
4.84847
6.70623
8.6195
11.3401
13.1478
16.1098
18.2515
20.1529
22.9591
25.0615
25.9481
25.0615
28.1804
29.5692
29.0938
28.6483
26.3722
25.9481
25.0615
23.3581
21.7373
18.6284
16.464
13.774
11.3401
9.39507
6.70623
4.84847
3.13403
1.67656
0.745137
0.152219
0.00728393
0.223786
0.818422
2.021
3.43445
5.22046
6.69361
8.60519
11.0302
14.0834
16.4443
17.8784
20.131
22.1026
23.7605
24.1903
26.7997
26.3472
26.7997
25.9233
25.0371
24.1903
22.5172
21.7146
20.131
17.5091
14.7312
13.1301
10.7406
8.85013
6.92265
5.03275
3.43445
2.021
0.980125
0.362763
0.0291357
0.0680765
0.42072
1.26366
2.42031
4.11601
5.64089
7.3923
9.39507
11.9222
13.774
15.7594
18.6284
19.7607
21.3299
22.9591
23.7842
25.0615
25.5029
27.2815
25.5029
25.0615
23.7842
22.9591
21.3299
19.0092
17.1639
15.089
13.468
7.87735
8.6195
6.05358
4.47991
2.98055
1.46283
0.82284
0.186284
0.00192653
0.184185
0.671287
1.56482
2.83092
4.46959
6.04158
8.34961
9.65091
12.2102
15.0701
15.74
18.988
21.7146
20.9041
21.7146
22.9357
23.7605
23.7605
23.7605
22.9357
22.5172
22.1026
19.7391
18.6074
16.4443
15.0701
12.8139
10.7406
8.60519
7.15554
5.42296
3.76752
2.41273
1.25819
0.535146
0.150322
0.0173387
0.226099
0.82284
1.57093
2.69315
3.77699
6.05358
7.6329
8.86464
11.3401
12.8314
14.75
16.464
18.2515
20.1529
20.5489
21.7373
22.5404
23.3581
22.1256
22.1256
20.9264
19.3724
19.0092
17.1639
15.089
13.468
11.3401
9.66607
8.36371
6.05358
4.47991
2.98055
1.67656
0.745137
0.186284
0.00192653
0.118214
0.476214
1.25819
2.021
3.43445
5.03275
6.48083
8.34961
9.91019
11.3237
13.4501
15.4128
16.8022
18.2306
19.351
19.7391
20.5268
20.5268
20.5268
20.131
18.988
18.2306
17.1437
16.0902
14.7312
12.8139
11.3237
9.65091
7.37904
6.25928
4.46959
3.1254
2.14772
1.25819
0.417562
0.118214
0.00770611
0.186284
0.745137
1.57093
2.42031
3.60832
5.43432
6.93549
8.6195
9.92555
11.9222
13.774
16.1098
16.8222
18.2515
19.0092
19.7607
20.9264
20.5489
20.1529
19.0092
19.3724
18.2515
19.3724
16.1098
14.1017
11.3401
10.7566
9.39507
7.3923
6.05358
3.93984
3.13403
1.07401
0.984959
0.42072
0.0914267
0.0167025
0.26724
0.899764
1.56482
2.83092
3.76752
6.04158
6.48083
8.34961
9.65091
11.6044
13.1301
14.0834
15.4128
15.4128
17.5091
16.0902
17.5091
18.2306
17.5091
17.5091
16.4443
15.74
14.0834
13.1301
11.9054

