1,1585,398,0,0,0.849716,0.924858,15,25*6*1,75*8*1
2,7943,3188,0,0,0.746179,0.87309,25,25*6*5,150*16*2
3,15849,3188,1,0,0.373961,0.68698,25,25*6*5,150*16*2
4,15849,3189,1,0,0.373961,0.68698,25,25*6*5,150*16*2
5,19953,3188,1,0,0.297043,0.648522,25,25*6*5,150*16*2
6,12589,3188,1,0,0.4708,0.7354,25,25*6*5,150*16*2
7,1585,398,0,0,0.849716,0.924858,15,25*6*1,75*8*1
8,40,0,0,0,0,0,0,1*1*1,1*1*1
9,79,0,0,0,0,0,0,1*1*1,1*1*1
10,20,0,0,0,0,0,0,1*1*1,1*1*1
11,1585,399,1,0,0.849716,0.924858,15,25*6*1,75*8*1
12,316,20,1,0,0.87943,0.939715,8,25*1*1,30*1*1
13,20,0,0,0,0,0,0,1*1*1,1*1*1
14,200,6,0,0,0.9695,0.98475,5,5*1*1,10*1*1
15,126,0,0,0,0,0,0,1*1*1,1*1*1
16,50,0,0,0,0,0,0,1*1*1,1*1*1
17,1000,199,0,0,0.9121,0.95605,13,25*2*2,75*4*1
18,1585,398,0,0,0.849716,0.924858,15,25*6*1,75*8*1
19,1000,199,0,0,0.9121,0.95605,13,25*2*2,75*4*1
20,200,6,0,0,0.9695,0.98475,5,5*1*1,10*1*1
21,16,0,0,0,0,0,0,1*1*1,1*1*1
22,316,19,0,0,0.87943,0.939715,8,25*1*1,30*1*1
23,50,0,0,0,0,0,0,1*1*1,1*1*1
24,200,6,0,0,0.9695,0.98475,5,5*1*1,10*1*1
25,50,0,0,0,0,0,0,1*1*1,1*1*1
26,32,0,0,0,0,0,0,1*1*1,1*1*1
27,63,0,0,0,0,0,0,1*1*1,1*1*1
28,50,0,0,0,0,0,0,1*1*1,1*1*1
29,40,0,0,0,0,0,0,1*1*1,1*1*1
30,40,0,0,0,0,0,0,1*1*1,1*1*1
31,40,0,0,0,0,0,0,1*1*1,1*1*1
32,50,0,0,0,0,0,0,1*1*1,1*1*1
33,50,0,0,0,0,0,0,1*1*1,1*1*1
34,50,0,0,0,0,0,0,1*1*1,1*1*1
35,40,0,0,0,0,0,0,1*1*1,1*1*1
36,63,0,0,0,0,0,0,1*1*1,1*1*1
37,50,0,0,0,0,0,0,1*1*1,1*1*1
38,40,0,0,0,0,0,0,1*1*1,1*1*1
39,50,0,0,0,0,0,0,1*1*1,1*1*1
40,40,0,0,0,0,0,0,1*1*1,1*1*1
41,63,0,0,0,0,0,0,1*1*1,1*1*1
42,50,0,0,0,0,0,0,1*1*1,1*1*1
43,50,0,0,0,0,0,0,1*1*1,1*1*1
44,63,0,0,0,0,0,0,1*1*1,1*1*1
45,79,0,0,0,0,0,0,1*1*1,1*1*1
46,100,0,0,0,0,0,0,1*1*1,1*1*1
47,100,0,0,0,0,0,0,1*1*1,1*1*1
48,79,0,0,0,0,0,0,1*1*1,1*1*1
49,126,0,0,0,0,0,0,1*1*1,1*1*1
50,79,0,0,0,0,0,0,1*1*1,1*1*1
51,79,0,0,0,0,0,0,1*1*1,1*1*1
52,79,0,0,0,0,0,0,1*1*1,1*1*1
53,40,0,0,0,0,0,0,1*1*1,1*1*1
54,40,0,0,0,0,0,0,1*1*1,1*1*1
55,63,0,0,0,0,0,0,1*1*1,1*1*1
56,79,0,0,0,0,0,0,1*1*1,1*1*1
57,158,0,0,0,0,0,0,1*1*1,1*1*1
58,316,19,0,0,0.87943,0.939715,8,25*1*1,30*1*1
59,1000,199,0,0,0.9121,0.95605,13,25*2*2,75*4*1
60,3162,1594,1,0,0.951486,0.975743,20,25*6*2,150*8*2
61,5012,1594,0,0,0.923324,0.961662,24,25*6*5,150*8*2
62,15849,3188,1,0,0.373961,0.68698,25,25*6*5,150*16*2
63,6310,3188,1,0,0.939287,0.969643,25,25*6*5,150*16*2
64,15849,3189,1,0,0.373961,0.68698,25,25*6*5,150*16*2
65,794,99,0,0,0.944207,0.972103,12,25*2*2,75*2*1
66,10000,3188,0,0,0.59269,0.796345,25,25*6*5,150*16*2
67,7943,3188,1,0,0.746179,0.87309,25,25*6*5,150*16*2
68,1585,398,0,0,0.849716,0.924858,15,25*6*1,75*8*1
69,15849,3188,0,0,0.373961,0.68698,25,25*6*5,150*16*2
70,2512,797,0,0,0.939092,0.969546,18,25*6*2,150*4*2
71,19953,3188,0,0,0.297043,0.648522,25,25*6*5,150*16*2
72,12589,3188,1,0,0.4708,0.7354,25,25*6*5,150*16*2
73,3162,1594,0,0,0.951486,0.975743,20,25*6*2,150*8*2
74,3162,1594,1,0,0.951486,0.975743,20,25*6*2,150*8*2
75,3981,1594,0,0,0.891309,0.945654,21,25*6*3,150*8*2
76,2512,797,0,0,0.939092,0.969546,18,25*6*2,150*4*2
77,3162,1594,1,0,0.951486,0.975743,20,25*6*2,150*8*2
78,1259,199,0,0,0.811755,0.905878,14,25*6*1,75*4*1
79,1000,199,0,0,0.9121,0.95605,13,25*2*2,75*4*1
80,1585,398,0,0,0.849716,0.924858,15,25*6*1,75*8*1
81,2512,797,0,0,0.939092,0.969546,18,25*6*2,150*4*2
82,3162,1594,1,0,0.951486,0.975743,20,25*6*2,150*8*2
83,3981,1594,0,0,0.891309,0.945654,21,25*6*3,150*8*2
84,12589,3188,0,0,0.4708,0.7354,25,25*6*5,150*16*2
85,1000,199,0,0,0.9121,0.95605,13,25*2*2,75*4*1
86,1995,398,0,0,0.849825,0.924912,17,25*3*3,75*8*1
87,2512,797,0,0,0.939092,0.969546,18,25*6*2,150*4*2
88,6310,3188,0,0,0.939287,0.969643,25,25*6*5,150*16*2
89,2512,797,0,0,0.939092,0.969546,18,25*6*2,150*4*2
90,1000,199,1,0,0.9121,0.95605,13,25*2*2,75*4*1
91,316,19,0,0,0.87943,0.939715,8,25*1*1,30*1*1
92,1000,199,0,0,0.9121,0.95605,13,25*2*2,75*4*1
93,398,19,0,0,0.698241,0.849121,8,25*1*1,30*1*1
94,1000,199,0,0,0.9121,0.95605,13,25*2*2,75*4*1
95,1259,199,0,0,0.811755,0.905878,14,25*6*1,75*4*1
96,631,99,1,0,0.976228,0.988114,11,25*3*1,75*2*1
97,501,50,1,0,0.905389,0.952695,10,25*2*1,75*1*1
98,2512,797,0,0,0.939092,0.969546,18,25*6*2,150*4*2
99,1995,398,0,0,0.849825,0.924912,17,25*3*3,75*8*1
100,1995,399,1,0,0.849825,0.924912,17,25*3*3,75*8*1
101,1995,398,1,0,0.849825,0.924912,17,25*3*3,75*8*1
102,3162,1594,0,0,0.951486,0.975743,20,25*6*2,150*8*2
103,3162,1594,1,0,0.951486,0.975743,20,25*6*2,150*8*2
104,2512,797,1,0,0.939092,0.969546,18,25*6*2,150*4*2
105,15849,3188,0,0,0.373961,0.68698,25,25*6*5,150*16*2
106,15849,3188,1,0,0.373961,0.68698,25,25*6*5,150*16*2
107,19953,3189,1,0,0.297043,0.648522,25,25*6*5,150*16*2
108,5012,1594,1,0,0.923324,0.961662,24,25*6*5,150*8*2
109,5012,1594,1,0,0.923324,0.961662,24,25*6*5,150*8*2
110,15849,3188,1,0,0.373961,0.68698,25,25*6*5,150*16*2
111,6310,3189,1,0,0.939287,0.969643,25,25*6*5,150*16*2
112,6310,3188,1,0,0.939287,0.969643,25,25*6*5,150*16*2
113,6310,3188,1,0,0.939287,0.969643,25,25*6*5,150*16*2
114,15849,3189,1,0,0.373961,0.68698,25,25*6*5,150*16*2
115,15849,3188,1,0,0.373961,0.68698,25,25*6*5,150*16*2
116,10000,3189,1,0,0.59269,0.796345,25,25*6*5,150*16*2
117,7943,3188,1,0,0.746179,0.87309,25,25*6*5,150*16*2
118,15849,3188,1,0,0.373961,0.68698,25,25*6*5,150*16*2
119,7943,3189,1,0,0.746179,0.87309,25,25*6*5,150*16*2
120,12589,3188,1,0,0.4708,0.7354,25,25*6*5,150*16*2
121,7943,3188,1,0,0.746179,0.87309,25,25*6*5,150*16*2
122,7943,3189,1,0,0.746179,0.87309,25,25*6*5,150*16*2
123,7943,3188,1,0,0.746179,0.87309,25,25*6*5,150*16*2
124,7943,3188,1,0,0.746179,0.87309,25,25*6*5,150*16*2
125,7943,3189,1,0,0.746179,0.87309,25,25*6*5,150*16*2
126,10000,3188,1,0,0.59269,0.796345,25,25*6*5,150*16*2
127,6310,3188,1,0,0.939287,0.969643,25,25*6*5,150*16*2
128,7943,3189,1,0,0.746179,0.87309,25,25*6*5,150*16*2
129,6310,3188,1,0,0.939287,0.969643,25,25*6*5,150*16*2
130,5012,1594,1,0,0.923324,0.961662,24,25*6*5,150*8*2
131,1995,398,0,0,0.849825,0.924912,17,25*3*3,75*8*1
132,1585,398,0,0,0.849716,0.924858,15,25*6*1,75*8*1
133,1995,398,0,0,0.849825,0.924912,17,25*3*3,75*8*1
134,2512,797,0,0,0.939092,0.969546,18,25*6*2,150*4*2
135,5012,1594,0,0,0.923324,0.961662,24,25*6*5,150*8*2
136,5012,1594,1,0,0.923324,0.961662,24,25*6*5,150*8*2
137,19953,3188,1,0,0.297043,0.648522,25,25*6*5,150*16*2
138,3162,1594,0,0,0.951486,0.975743,20,25*6*2,150*8*2
139,6310,3188,0,0,0.939287,0.969643,25,25*6*5,150*16*2
140,19953,3188,1,0,0.297043,0.648522,25,25*6*5,150*16*2
141,12589,3189,1,0,0.4708,0.7354,25,25*6*5,150*16*2
142,12589,3188,1,0,0.4708,0.7354,25,25*6*5,150*16*2
143,6310,3188,1,0,0.939287,0.969643,25,25*6*5,150*16*2
144,12589,3189,1,0,0.4708,0.7354,25,25*6*5,150*16*2
145,12589,3188,1,0,0.4708,0.7354,25,25*6*5,150*16*2
146,7943,3188,1,0,0.746179,0.87309,25,25*6*5,150*16*2
147,1995,398,0,0,0.849825,0.924912,17,25*3*3,75*8*1
148,501,49,0,0,0.905389,0.952695,10,25*2*1,75*1*1
149,251,9,0,0,0.814343,0.907171,6,5*1*1,15*1*1
150,13,0,0,0,0,0,0,1*1*1,1*1*1
151,126,0,0,0,0,0,0,1*1*1,1*1*1
152,126,0,0,0,0,0,0,1*1*1,1*1*1
153,158,0,0,0,0,0,0,1*1*1,1*1*1
154,251,10,1,0,0.814343,0.907171,6,5*1*1,15*1*1
155,398,19,0,0,0.698241,0.849121,8,25*1*1,30*1*1
156,200,6,0,0,0.9695,0.98475,5,5*1*1,10*1*1
157,251,10,1,0,0.814343,0.907171,6,5*1*1,15*1*1
158,1000,199,0,0,0.9121,0.95605,13,25*2*2,75*4*1
159,1585,398,0,0,0.849716,0.924858,15,25*6*1,75*8*1
160,1995,398,0,0,0.849825,0.924912,17,25*3*3,75*8*1
161,3981,1594,1,0,0.891309,0.945654,21,25*6*3,150*8*2
162,5012,1594,0,0,0.923324,0.961662,24,25*6*5,150*8*2
163,6310,3188,1,0,0.939287,0.969643,25,25*6*5,150*16*2
164,3981,1594,0,0,0.891309,0.945654,21,25*6*3,150*8*2
165,1585,398,0,0,0.849716,0.924858,15,25*6*1,75*8*1
166,1995,398,0,0,0.849825,0.924912,17,25*3*3,75*8*1
167,631,99,0,0,0.976228,0.988114,11,25*3*1,75*2*1
168,1585,399,1,0,0.849716,0.924858,15,25*6*1,75*8*1
169,100,0,0,0,0,0,0,1*1*1,1*1*1
170,63,0,0,0,0,0,0,1*1*1,1*1*1
171,794,99,0,0,0.944207,0.972103,12,25*2*2,75*2*1
172,32,0,0,0,0,0,0,1*1*1,1*1*1
173,32,0,0,0,0,0,0,1*1*1,1*1*1
174,200,6,0,0,0.9695,0.98475,5,5*1*1,10*1*1
175,40,0,0,0,0,0,0,1*1*1,1*1*1
176,158,0,0,0,0,0,0,1*1*1,1*1*1
177,158,0,0,0,0,0,0,1*1*1,1*1*1
178,316,19,0,0,0.87943,0.939715,8,25*1*1,30*1*1
179,316,20,1,0,0.87943,0.939715,8,25*1*1,30*1*1
180,251,9,0,0,0.814343,0.907171,6,5*1*1,15*1*1
181,100,0,0,0,0,0,0,1*1*1,1*1*1
182,251,10,1,0,0.814343,0.907171,6,5*1*1,15*1*1
183,794,99,0,0,0.944207,0.972103,12,25*2*2,75*2*1
184,3162,1594,1,0,0.951486,0.975743,20,25*6*2,150*8*2
185,5012,1594,0,0,0.923324,0.961662,24,25*6*5,150*8*2
186,5012,1594,1,0,0.923324,0.961662,24,25*6*5,150*8*2
187,1259,199,0,0,0.811755,0.905878,14,25*6*1,75*4*1
188,15849,3188,0,0,0.373961,0.68698,25,25*6*5,150*16*2
189,1995,398,0,0,0.849825,0.924912,17,25*3*3,75*8*1
190,19953,3188,0,0,0.297043,0.648522,25,25*6*5,150*16*2
191,2512,797,0,0,0.939092,0.969546,18,25*6*2,150*4*2
192,2512,797,1,0,0.939092,0.969546,18,25*6*2,150*4*2
193,3162,1594,1,0,0.951486,0.975743,20,25*6*2,150*8*2
194,3981,1594,0,0,0.891309,0.945654,21,25*6*3,150*8*2
195,3162,1594,0,0,0.951486,0.975743,20,25*6*2,150*8*2
196,3162,1594,1,0,0.951486,0.975743,20,25*6*2,150*8*2
197,1995,398,0,0,0.849825,0.924912,17,25*3*3,75*8*1
198,3981,1594,1,0,0.891309,0.945654,21,25*6*3,150*8*2
199,3981,1595,1,0,0.891309,0.945654,21,25*6*3,150*8*2
200,3162,1594,0,0,0.951486,0.975743,20,25*6*2,150*8*2
201,2512,797,1,0,0.939092,0.969546,18,25*6*2,150*4*2
202,5012,1594,0,0,0.923324,0.961662,24,25*6*5,150*8*2
203,3981,1594,0,0,0.891309,0.945654,21,25*6*3,150*8*2
204,3981,1594,1,0,0.891309,0.945654,21,25*6*3,150*8*2
205,2512,797,0,0,0.939092,0.969546,18,25*6*2,150*4*2
206,1995,398,0,0,0.849825,0.924912,17,25*3*3,75*8*1
207,3162,1594,0,0,0.951486,0.975743,20,25*6*2,150*8*2
208,3981,1594,0,0,0.891309,0.945654,21,25*6*3,150*8*2
209,3981,1594,1,0,0.891309,0.945654,21,25*6*3,150*8*2
210,2512,797,0,0,0.939092,0.969546,18,25*6*2,150*4*2
211,3981,1594,0,0,0.891309,0.945654,21,25*6*3,150*8*2
212,6310,3188,0,0,0.939287,0.969643,25,25*6*5,150*16*2
213,5012,1594,1,0,0.923324,0.961662,24,25*6*5,150*8*2
214,5012,1594,1,0,0.923324,0.961662,24,25*6*5,150*8*2
215,2512,797,0,0,0.939092,0.969546,18,25*6*2,150*4*2
216,1585,398,0,0,0.849716,0.924858,15,25*6*1,75*8*1
217,316,20,1,0,0.87943,0.939715,8,25*1*1,30*1*1
218,1995,398,0,0,0.849825,0.924912,17,25*3*3,75*8*1
219,158,0,0,0,0,0,0,1*1*1,1*1*1
220,50,0,0,0,0,0,0,1*1*1,1*1*1
221,40,0,0,0,0,0,0,1*1*1,1*1*1
222,158,0,0,0,0,0,0,1*1*1,1*1*1
223,631,99,0,0,0.976228,0.988114,11,25*3*1,75*2*1
224,1259,199,1,0,0.811755,0.905878,14,25*6*1,75*4*1
225,631,100,1,0,0.976228,0.988114,11,25*3*1,75*2*1
226,1995,398,0,0,0.849825,0.924912,17,25*3*3,75*8*1
227,1259,199,0,0,0.811755,0.905878,14,25*6*1,75*4*1
228,1000,199,0,0,0.9121,0.95605,13,25*2*2,75*4*1
229,200,6,0,0,0.9695,0.98475,5,5*1*1,10*1*1
230,398,19,0,0,0.698241,0.849121,8,25*1*1,30*1*1
231,794,99,0,0,0.944207,0.972103,12,25*2*2,75*2*1
232,126,0,0,0,0,0,0,1*1*1,1*1*1
233,501,49,0,0,0.905389,0.952695,10,25*2*1,75*1*1
234,63,0,0,0,0,0,0,1*1*1,1*1*1
235,316,20,1,0,0.87943,0.939715,8,25*1*1,30*1*1
236,32,0,0,0,0,0,0,1*1*1,1*1*1
237,25,0,0,0,0,0,0,1*1*1,1*1*1
238,32,0,0,0,0,0,0,1*1*1,1*1*1
239,40,0,0,0,0,0,0,1*1*1,1*1*1
240,50,0,0,0,0,0,0,1*1*1,1*1*1
241,40,0,0,0,0,0,0,1*1*1,1*1*1
242,79,0,0,0,0,0,0,1*1*1,1*1*1
243,100,0,0,0,0,0,0,1*1*1,1*1*1
244,1000,199,0,0,0.9121,0.95605,13,25*2*2,75*4*1
245,501,49,0,0,0.905389,0.952695,10,25*2*1,75*1*1
246,158,0,0,0,0,0,0,1*1*1,1*1*1
247,1000,199,0,0,0.9121,0.95605,13,25*2*2,75*4*1
248,2512,797,1,0,0.939092,0.969546,18,25*6*2,150*4*2
249,1585,398,0,0,0.849716,0.924858,15,25*6*1,75*8*1
250,3162,1594,0,0,0.951486,0.975743,20,25*6*2,150*8*2
251,15849,3188,0,0,0.373961,0.68698,25,25*6*5,150*16*2
252,19953,3188,1,0,0.297043,0.648522,25,25*6*5,150*16*2
253,15849,3189,1,0,0.373961,0.68698,25,25*6*5,150*16*2
254,15849,3188,1,0,0.373961,0.68698,25,25*6*5,150*16*2
255,19953,3188,1,0,0.297043,0.648522,25,25*6*5,150*16*2
256,12589,3189,1,0,0.4708,0.7354,25,25*6*5,150*16*2
257,15849,3188,1,0,0.373961,0.68698,25,25*6*5,150*16*2
258,25119,3188,1,0,0.235953,0.617976,25,25*6*5,150*16*2
259,19953,3189,1,0,0.297043,0.648522,25,25*6*5,150*16*2
260,15849,3188,1,0,0.373961,0.68698,25,25*6*5,150*16*2
261,15849,3188,1,0,0.373961,0.68698,25,25*6*5,150*16*2
262,15849,3189,1,0,0.373961,0.68698,25,25*6*5,150*16*2
263,19953,3188,1,0,0.297043,0.648522,25,25*6*5,150*16*2
264,10000,3188,1,0,0.59269,0.796345,25,25*6*5,150*16*2
265,19953,3189,1,0,0.297043,0.648522,25,25*6*5,150*16*2
266,25119,3188,1,0,0.235953,0.617976,25,25*6*5,150*16*2
267,15849,3188,1,0,0.373961,0.68698,25,25*6*5,150*16*2
268,12589,3189,1,0,0.4708,0.7354,25,25*6*5,150*16*2
269,15849,3188,1,0,0.373961,0.68698,25,25*6*5,150*16*2
270,25119,3188,1,0,0.235953,0.617976,25,25*6*5,150*16*2
271,19953,3189,1,0,0.297043,0.648522,25,25*6*5,150*16*2
272,25119,3188,1,0,0.235953,0.617976,25,25*6*5,150*16*2
273,12589,3188,1,0,0.4708,0.7354,25,25*6*5,150*16*2
274,12589,3189,1,0,0.4708,0.7354,25,25*6*5,150*16*2
275,12589,3188,1,0,0.4708,0.7354,25,25*6*5,150*16*2
276,15849,3189,1,0,0.373961,0.68698,25,25*6*5,150*16*2
277,12589,3188,1,0,0.4708,0.7354,25,25*6*5,150*16*2
278,12589,3188,1,0,0.4708,0.7354,25,25*6*5,150*16*2
279,15849,3189,1,0,0.373961,0.68698,25,25*6*5,150*16*2
280,12589,3188,1,0,0.4708,0.7354,25,25*6*5,150*16*2
281,10000,3188,1,0,0.59269,0.796345,25,25*6*5,150*16*2
282,12589,3189,1,0,0.4708,0.7354,25,25*6*5,150*16*2
283,15849,3188,1,0,0.373961,0.68698,25,25*6*5,150*16*2
284,15849,3188,1,0,0.373961,0.68698,25,25*6*5,150*16*2
285,5012,1595,1,0,0.923324,0.961662,24,25*6*5,150*8*2
286,15849,3188,1,0,0.373961,0.68698,25,25*6*5,150*16*2
287,3981,1594,0,0,0.891309,0.945654,21,25*6*3,150*8*2
288,100,0,0,0,0,0,0,1*1*1,1*1*1
289,100,0,0,0,0,0,0,1*1*1,1*1*1
290,251,9,0,0,0.814343,0.907171,6,5*1*1,15*1*1
291,251,10,1,0,0.814343,0.907171,6,5*1*1,15*1*1
292,200,7,1,0,0.9695,0.98475,5,5*1*1,10*1*1
293,316,19,0,0,0.87943,0.939715,8,25*1*1,30*1*1
294,1995,398,0,0,0.849825,0.924912,17,25*3*3,75*8*1
295,794,99,0,0,0.944207,0.972103,12,25*2*2,75*2*1
296,10000,3188,0,0,0.59269,0.796345,25,25*6*5,150*16*2
297,1585,398,0,0,0.849716,0.924858,15,25*6*1,75*8*1
298,19953,3188,0,0,0.297043,0.648522,25,25*6*5,150*16*2
299,19953,3188,1,0,0.297043,0.648522,25,25*6*5,150*16*2
300,12589,3189,1,0,0.4708,0.7354,25,25*6*5,150*16*2
301,2044.85,398,0,0,0.829107,0.914554,17,25*3*3,75*8*1
302,7447.83,3188,0,0,0.795789,0.897894,25,25*6*5,150*16*2
303,16229.5,3188,1,0,0.365193,0.682597,25,25*6*5,150*16*2
304,16031,3189,1,0,0.369715,0.684857,25,25*6*5,150*16*2
305,19606.3,3188,1,0,0.302296,0.651148,25,25*6*5,150*16*2
306,11840.3,3188,1,0,0.50057,0.750285,25,25*6*5,150*16*2
307,1585.21,398,0,0,0.849604,0.924802,15,25*6*1,75*8*1
308,812.947,99,0,0,0.9222,0.9611,12,25*2*2,75*2*1
309,406.541,33,0,0,0.986616,0.993308,9,25*2*1,50*1*1
310,0,0,0,0,0,0,0,1*1*1,1*1*1
311,1090.61,199,1,0,0.93709,0.968545,14,25*6*1,75*4*1
312,0,0,0,0,0,0,0,1*1*1,1*1*1
313,23.8508,0,0,0,0,0,0,1*1*1,1*1*1
314,0,0,0,0,0,0,0,1*1*1,1*1*1
315,100.082,0,0,0,0,0,0,1*1*1,1*1*1
316,0,0,0,0,0,0,0,1*1*1,1*1*1
317,963.866,199,0,0,0.946293,0.973147,13,25*2*2,75*4*1
318,972.651,199,1,0,0.937746,0.968873,13,25*2*2,75*4*1
319,1043.4,199,0,0,0.97949,0.989745,14,25*6*1,75*4*1
320,110.425,0,0,0,0,0,0,1*1*1,1*1*1
321,108.095,0,0,0,0,0,0,1*1*1,1*1*1
322,653.238,99,1,0,0.942995,0.971497,11,25*3*1,75*2*1
323,0,0,0,0,0,0,0,1*1*1,1*1*1
324,735.417,100,1,0,0.83762,0.91881,11,25*3*1,75*2*1
325,0,0,0,0,0,0,0,1*1*1,1*1*1
326,463.023,50,1,0,0.979649,0.989824,10,25*2*1,75*1*1
327,184.966,3,0,0,0.991534,0.995767,3,5*1*1,5*1*1
328,0,0,0,0,0,0,0,1*1*1,1*1*1
329,0,0,0,0,0,0,0,1*1*1,1*1*1
330,188.049,4,1,0,0.986445,0.993223,4,5*1*1,6*1*1
331,347.586,19,0,0,0.799514,0.899757,8,25*1*1,30*1*1
332,0,0,0,0,0,0,0,1*1*1,1*1*1
333,232.819,9,0,0,0.877935,0.938968,6,5*1*1,15*1*1
334,0,0,0,0,0,0,0,1*1*1,1*1*1
335,0,0,0,0,0,0,0,1*1*1,1*1*1
336,373.985,19,0,0,0.743078,0.871539,8,25*1*1,30*1*1
337,0,0,0,0,0,0,0,1*1*1,1*1*1
338,0,0,0,0,0,0,0,1*1*1,1*1*1
339,0,0,0,0,0,0,0,1*1*1,1*1*1
340,246.768,9,0,0,0.828308,0.914154,6,5*1*1,15*1*1
341,70.5241,0,0,0,0,0,0,1*1*1,1*1*1
342,104.083,0,0,0,0,0,0,1*1*1,1*1*1
343,65.7229,0,0,0,0,0,0,1*1*1,1*1*1
344,0,0,0,0,0,0,0,1*1*1,1*1*1
345,24.8078,0,0,0,0,0,0,1*1*1,1*1*1
346,38.2118,0,0,0,0,0,0,1*1*1,1*1*1
347,0,0,0,0,0,0,0,1*1*1,1*1*1
348,0,0,0,0,0,0,0,1*1*1,1*1*1
349,0,0,0,0,0,0,0,1*1*1,1*1*1
350,1233.26,199,0,0,0.828698,0.914349,14,25*6*1,75*4*1
351,1162.73,199,1,0,0.878966,0.939483,14,25*6*1,75*4*1
352,175.803,1,0,0,0.971542,0.985771,2,1*1*1,3*1*1
353,0,0,0,0,0,0,0,1*1*1,1*1*1
354,0,0,0,0,0,0,0,1*1*1,1*1*1
355,745.338,99,0,0,0.826471,0.913235,11,25*3*1,75*2*1
356,0,0,0,0,0,0,0,1*1*1,1*1*1
357,0,0,0,0,0,0,0,1*1*1,1*1*1
358,733.242,100,1,0,0.840105,0.920052,11,25*3*1,75*2*1
359,813.3,99,0,0,0.9218,0.9609,12,25*2*2,75*2*1
360,2942.07,797,0,0,0.938149,0.969074,19,25*3*5,150*4*2
361,5289.4,1594,1,0,0.874901,0.93745,24,25*6*5,150*8*2
362,15882.5,3188,1,0,0.373172,0.686586,25,25*6*5,150*16*2
363,6489.78,3189,1,0,0.913267,0.956633,25,25*6*5,150*16*2
364,15244.4,3188,1,0,0.388792,0.694396,25,25*6*5,150*16*2
365,520.352,49,0,0,0.871718,0.935859,10,25*2*1,75*1*1
366,9757.18,3188,0,0,0.60744,0.80372,25,25*6*5,150*16*2
367,7782.69,3188,1,0,0.761549,0.880775,25,25*6*5,150*16*2
368,2152.78,398,0,0,0.78754,0.89377,17,25*3*3,75*8*1
369,15285.5,3188,0,0,0.387747,0.693873,25,25*6*5,150*16*2
370,2298.73,398,0,0,0.737538,0.868769,17,25*3*3,75*8*1
371,19898.9,3188,0,0,0.297851,0.648925,25,25*6*5,150*16*2
372,13455.6,3188,1,0,0.440478,0.720239,25,25*6*5,150*16*2
373,3773.72,1594,0,0,0.940266,0.970133,21,25*6*3,150*8*2
374,3567.45,1594,1,0,0.994632,0.997316,21,25*6*3,150*8*2
375,3569.43,1594,1,0,0.99408,0.99704,21,25*6*3,150*8*2
376,2094.36,399,1,0,0.809507,0.904754,17,25*3*3,75*8*1
377,3244.73,1594,0,0,0.927227,0.963613,20,25*6*2,150*8*2
378,970.046,199,1,0,0.940265,0.970132,13,25*2*2,75*4*1
379,606.424,49,0,0,0.747992,0.873996,10,25*2*1,75*1*1
380,1644.75,399,1,0,0.818848,0.909424,15,25*6*1,75*8*1
381,3080.19,1594,0,0,0.976758,0.988379,20,25*6*2,150*8*2
382,2843.89,797,0,0,0.970537,0.985268,19,25*3*5,150*4*2
383,3857.48,1594,0,0,0.919849,0.959925,21,25*6*3,150*8*2
384,14006.3,3188,0,0,0.42316,0.71158,25,25*6*5,150*16*2
385,763.655,99,0,0,0.981726,0.990863,12,25*2*2,75*2*1
386,2161.55,398,0,0,0.784345,0.892172,17,25*3*3,75*8*1
387,1655.09,398,0,0,0.813732,0.906866,15,25*6*1,75*8*1
388,5958.59,3188,0,0,0.994682,0.997341,25,25*6*5,150*16*2
389,2606.48,797,0,0,0.905052,0.952526,18,25*6*2,150*4*2
390,848.815,99,1,0,0.883231,0.941616,12,25*2*2,75*2*1
391,0,0,0,0,0,0,0,1*1*1,1*1*1
392,657.127,99,0,0,0.937414,0.968707,11,25*3*1,75*2*1
393,617.724,100,1,0,0.997209,0.998605,11,25*3*1,75*2*1
394,1445.57,398,1,0,0.931674,0.965837,15,25*6*1,75*8*1
395,1794.68,398,0,0,0.944681,0.97234,17,25*3*3,75*8*1
396,579.103,49,0,0,0.78328,0.89164,10,25*2*1,75*1*1
397,331.65,20,1,0,0.837932,0.918966,8,25*1*1,30*1*1
398,2779.05,797,0,0,0.993181,0.996591,19,25*3*5,150*4*2
399,2819.65,797,1,0,0.97888,0.98944,19,25*3*5,150*4*2
400,1231.87,199,0,0,0.829633,0.914816,14,25*6*1,75*4*1
401,1126.27,199,1,0,0.90742,0.95371,14,25*6*1,75*4*1
402,3151.52,1594,0,0,0.95465,0.977325,20,25*6*2,150*8*2
403,3593.87,1594,0,0,0.98732,0.99366,21,25*6*3,150*8*2
404,3199.29,1594,0,0,0.940396,0.970198,20,25*6*2,150*8*2
405,16034.8,3188,0,0,0.369627,0.684814,25,25*6*5,150*16*2
406,15651.2,3188,1,0,0.378687,0.689343,25,25*6*5,150*16*2
407,20882.6,3189,1,0,0.28382,0.64191,25,25*6*5,150*16*2
408,4874.17,1594,1,0,0.949433,0.974717,24,25*6*5,150*8*2
409,4816.72,1594,1,0,0.960758,0.980379,24,25*6*5,150*8*2
410,15871.8,3188,1,0,0.373423,0.686712,25,25*6*5,150*16*2
411,6490.76,3189,1,0,0.913129,0.956564,25,25*6*5,150*16*2
412,6071.56,3188,1,0,0.976174,0.988087,25,25*6*5,150*16*2
413,6969.86,3188,1,0,0.850361,0.925181,25,25*6*5,150*16*2
414,14799.6,3189,1,0,0.400477,0.700239,25,25*6*5,150*16*2
415,15587.7,3188,1,0,0.380229,0.690115,25,25*6*5,150*16*2
416,11302.9,3189,1,0,0.52437,0.762185,25,25*6*5,150*16*2
417,8356.07,3188,1,0,0.709293,0.854646,25,25*6*5,150*16*2
418,14989.2,3188,1,0,0.395411,0.697706,25,25*6*5,150*16*2
419,7215.16,3189,1,0,0.821451,0.910725,25,25*6*5,150*16*2
420,12681.5,3188,1,0,0.467366,0.733683,25,25*6*5,150*16*2
421,7904.85,3188,1,0,0.74978,0.87489,25,25*6*5,150*16*2
422,8218.82,3189,1,0,0.721138,0.860569,25,25*6*5,150*16*2
423,6785.64,3188,1,0,0.873447,0.936724,25,25*6*5,150*16*2
424,8958.65,3188,1,0,0.661584,0.830792,25,25*6*5,150*16*2
425,8079.77,3189,1,0,0.733548,0.866774,25,25*6*5,150*16*2
426,10357.1,3188,1,0,0.572255,0.786127,25,25*6*5,150*16*2
427,7140.9,3188,1,0,0.829993,0.914997,25,25*6*5,150*16*2
428,8168.07,3189,1,0,0.725618,0.862809,25,25*6*5,150*16*2
429,5820.2,1594,1,0,0.79511,0.897555,24,25*6*5,150*8*2
430,6095.89,3188,1,0,0.972278,0.986139,25,25*6*5,150*16*2
431,2588.72,797,0,0,0.911261,0.955631,18,25*6*2,150*4*2
432,719.874,99,0,0,0.855705,0.927853,11,25*3*1,75*2*1
433,2220.3,398,0,0,0.763591,0.881795,17,25*3*3,75*8*1
434,2488.53,797,0,0,0.947949,0.973975,18,25*6*2,150*4*2
435,5105.92,1594,0,0,0.90634,0.95317,24,25*6*5,150*8*2
436,5092.5,1594,1,0,0.908729,0.954364,24,25*6*5,150*8*2
437,19461.8,3188,1,0,0.30454,0.65227,25,25*6*5,150*16*2
438,3547.38,1594,0,0,0.848119,0.924059,20,25*6*2,150*8*2
439,5710.76,1594,0,0,0.810347,0.905174,24,25*6*5,150*8*2
440,19978.5,3188,1,0,0.296664,0.648332,25,25*6*5,150*16*2
441,12516,3188,1,0,0.473546,0.736773,25,25*6*5,150*16*2
442,13833.3,3189,1,0,0.428452,0.714226,25,25*6*5,150*16*2
443,6493.1,3188,1,0,0.9128,0.9564,25,25*6*5,150*16*2
444,12746.5,3189,1,0,0.464983,0.732491,25,25*6*5,150*16*2
445,12118,3188,1,0,0.489099,0.744549,25,25*6*5,150*16*2
446,7530.64,3188,1,0,0.787038,0.893519,25,25*6*5,150*16*2
447,1941.34,398,0,0,0.873314,0.936657,17,25*3*3,75*8*1
448,1030.02,199,0,0,0.992214,0.996107,14,25*6*1,75*4*1
449,0,0,0,0,0,0,0,1*1*1,1*1*1
450,0,0,0,0,0,0,0,1*1*1,1*1*1
451,0,0,0,0,0,0,0,1*1*1,1*1*1
452,819.263,99,0,0,0.915091,0.957545,12,25*2*2,75*2*1
453,111.896,0,0,0,0,0,0,1*1*1,1*1*1
454,879.064,100,1,0,0.852839,0.926419,12,25*2*2,75*2*1
455,863.991,99,1,0,0.867717,0.933859,12,25*2*2,75*2*1
456,403.186,33,0,0,0.994826,0.997413,9,25*2*1,50*1*1
457,0,0,0,0,0,0,0,1*1*1,1*1*1
458,717.659,99,1,0,0.858346,0.929173,11,25*3*1,75*2*1
459,1193.27,200,1,0,0.85647,0.928235,14,25*6*1,75*4*1
460,2375.02,797,0,0,0.993255,0.996627,18,25*6*2,150*4*2
461,4532.79,3188,1,0,0.950364,0.975182,23,25*6*2,150*16*2
462,5264.37,1594,0,0,0.879061,0.93953,24,25*6*5,150*8*2
463,7623.02,3188,1,0,0.7775,0.88875,25,25*6*5,150*16*2
464,4279.81,1594,0,0,0.955183,0.977591,22,25*6*4,150*8*2
465,1883.51,398,0,0,0.900128,0.950064,17,25*3*3,75*8*1
466,1952.12,399,1,0,0.868492,0.934246,17,25*3*3,75*8*1
467,237.952,9,0,0,0.858997,0.929498,6,5*1*1,15*1*1
468,2153.32,398,0,0,0.787342,0.893671,17,25*3*3,75*8*1
469,0,0,0,0,0,0,0,1*1*1,1*1*1
470,753,99,0,0,0.995618,0.997809,12,25*2*2,75*2*1
471,1403.91,398,0,0,0.959321,0.97966,15,25*6*1,75*8*1
472,372.158,20,1,0,0.746726,0.873363,8,25*1*1,30*1*1
473,0,0,0,0,0,0,0,1*1*1,1*1*1
474,0,0,0,0,0,0,0,1*1*1,1*1*1
475,993.313,199,0,0,0.91824,0.95912,13,25*2*2,75*4*1
476,0,0,0,0,0,0,0,1*1*1,1*1*1
477,261.629,9,0,0,0.781259,0.890629,6,5*1*1,15*1*1
478,0,0,0,0,0,0,0,1*1*1,1*1*1
479,113.347,0,0,0,0,0,0,1*1*1,1*1*1
480,0,0,0,0,0,0,0,1*1*1,1*1*1
481,0,0,0,0,0,0,0,1*1*1,1*1*1
482,0,0,0,0,0,0,0,1*1*1,1*1*1
483,141.167,0,0,0,0,0,0,1*1*1,1*1*1
484,3623.2,1594,0,0,0.979328,0.989664,21,25*6*3,150*8*2
485,5046.18,1594,0,0,0.91707,0.958535,24,25*6*5,150*8*2
486,4281.59,1594,0,0,0.954785,0.977393,22,25*6*4,150*8*2
487,2147.37,398,0,0,0.789524,0.894762,17,25*3*3,75*8*1
488,16772.1,3188,0,0,0.353379,0.676689,25,25*6*5,150*16*2
489,1965.63,398,0,0,0.862522,0.931261,17,25*3*3,75*8*1
490,20052.9,3188,0,0,0.295563,0.647782,25,25*6*5,150*16*2
491,2192.39,398,0,0,0.773311,0.886656,17,25*3*3,75*8*1
492,2152.36,399,1,0,0.787694,0.893847,17,25*3*3,75*8*1
493,3857.02,1594,1,0,0.919959,0.959979,21,25*6*3,150*8*2
494,3786.31,1594,1,0,0.937139,0.96857,21,25*6*3,150*8*2
495,3080.01,1594,0,0,0.976815,0.988408,20,25*6*2,150*8*2
496,2977.2,797,0,0,0.927079,0.96354,19,25*3*5,150*4*2
497,1479.29,398,0,0,0.910437,0.955218,15,25*6*1,75*8*1
498,3155,1594,0,0,0.953597,0.976799,20,25*6*2,150*8*2
499,3516.86,1594,1,0,0.855479,0.92774,20,25*6*2,150*8*2
500,3120.8,1594,1,0,0.964048,0.982024,20,25*6*2,150*8*2
501,2223.46,398,0,0,0.762505,0.881253,17,25*3*3,75*8*1
502,5856.81,1594,0,0,0.79014,0.89507,24,25*6*5,150*8*2
503,4095.87,1594,0,0,0.998079,0.999039,22,25*6*4,150*8*2
504,3793.35,1594,0,0,0.9354,0.9677,21,25*6*3,150*8*2
505,2562.19,797,0,0,0.920697,0.960348,18,25*6*2,150*4*2
506,1155.36,199,0,0,0.884573,0.942286,14,25*6*1,75*4*1
507,3328.22,1594,0,0,0.903967,0.951983,20,25*6*2,150*8*2
508,3543.28,1594,1,0,0.8491,0.92455,20,25*6*2,150*8*2
509,3289.89,1594,1,0,0.914499,0.957249,20,25*6*2,150*8*2
510,1890.51,398,0,0,0.896795,0.948398,17,25*3*3,75*8*1
511,3972.31,1594,1,0,0.893259,0.946629,21,25*6*3,150*8*2
512,7247.81,3188,0,0,0.81775,0.908875,25,25*6*5,150*16*2
513,4096.66,1594,0,0,0.997886,0.998943,22,25*6*4,150*8*2
514,5081.82,1594,0,0,0.910638,0.955319,24,25*6*5,150*8*2
515,2647.21,797,0,0,0.891127,0.945563,18,25*6*2,150*4*2
516,1557.41,398,0,0,0.864769,0.932385,15,25*6*1,75*8*1
517,1009.16,199,0,0,0.903821,0.95191,13,25*2*2,75*4*1
518,2412.77,797,1,0,0.977714,0.988857,18,25*6*2,150*4*2
519,93.3607,0,0,0,0,0,0,1*1*1,1*1*1
520,0,0,0,0,0,0,0,1*1*1,1*1*1
521,507.135,49,0,0,0.894436,0.947218,10,25*2*1,75*1*1
522,802.016,99,0,0,0.934769,0.967385,12,25*2*2,75*2*1
523,275.591,16,0,0,0.970278,0.985139,7,25*1*1,25*1*1
524,545.093,50,1,0,0.832152,0.916076,10,25*2*1,75*1*1
525,485.447,50,1,0,0.934397,0.967198,10,25*2*1,75*1*1
526,2505.42,797,0,0,0.941559,0.970779,18,25*6*2,150*4*2
527,1150.4,199,0,0,0.888387,0.944193,14,25*6*1,75*4*1
528,1817.18,398,0,0,0.932984,0.966492,17,25*3*3,75*8*1
529,623.922,99,0,0,0.987303,0.993651,11,25*3*1,75*2*1
530,745.277,100,1,0,0.826538,0.913269,11,25*3*1,75*2*1
531,1031.43,199,1,0,0.990857,0.995429,14,25*6*1,75*4*1
532,0,0,0,0,0,0,0,1*1*1,1*1*1
533,0,0,0,0,0,0,0,1*1*1,1*1*1
534,845.54,99,0,0,0.886652,0.943326,12,25*2*2,75*2*1
535,0,0,0,0,0,0,0,1*1*1,1*1*1
536,0,0,0,0,0,0,0,1*1*1,1*1*1
537,523.027,49,0,0,0.867259,0.93363,10,25*2*1,75*1*1
538,0,0,0,0,0,0,0,1*1*1,1*1*1
539,0,0,0,0,0,0,0,1*1*1,1*1*1
540,730.22,100,1,0,0.843581,0.921791,11,25*3*1,75*2*1
541,98.8366,0,0,0,0,0,0,1*1*1,1*1*1
542,454.655,50,1,0,0.99768,0.99884,10,25*2*1,75*1*1
543,0,0,0,0,0,0,0,1*1*1,1*1*1
544,992.296,199,0,0,0.919181,0.959591,13,25*2*2,75*4*1
545,561.466,49,0,0,0.807885,0.903943,10,25*2*1,75*1*1
546,147.639,0,0,0,0,0,0,1*1*1,1*1*1
547,721.382,100,1,0,0.853917,0.926958,11,25*3*1,75*2*1
548,2910.05,797,0,0,0.948472,0.974236,19,25*3*5,150*4*2
549,2008.95,398,0,0,0.843923,0.921962,17,25*3*3,75*8*1
550,3186.21,1594,0,0,0.944257,0.972128,20,25*6*2,150*8*2
551,14902.6,3188,0,0,0.397709,0.698855,25,25*6*5,150*16*2
552,18531.8,3188,1,0,0.319823,0.659912,25,25*6*5,150*16*2
553,15678,3189,1,0,0.378039,0.68902,25,25*6*5,150*16*2
554,15312.7,3188,1,0,0.387058,0.693529,25,25*6*5,150*16*2
555,19826,3188,1,0,0.298946,0.649473,25,25*6*5,150*16*2
556,12500.8,3189,1,0,0.474122,0.737061,25,25*6*5,150*16*2
557,16337.7,3188,1,0,0.362774,0.681387,25,25*6*5,150*16*2
558,25080.4,3188,1,0,0.236316,0.618158,25,25*6*5,150*16*2
559,19966.7,3189,1,0,0.296839,0.64842,25,25*6*5,150*16*2
560,16662.1,3188,1,0,0.355711,0.677856,25,25*6*5,150*16*2
561,15663.7,3188,1,0,0.378384,0.689192,25,25*6*5,150*16*2
562,15278.8,3189,1,0,0.387917,0.693958,25,25*6*5,150*16*2
563,20124.2,3188,1,0,0.294516,0.647258,25,25*6*5,150*16*2
564,9717.11,3188,1,0,0.609945,0.804972,25,25*6*5,150*16*2
565,20155.7,3189,1,0,0.294056,0.647028,25,25*6*5,150*16*2
566,25827.8,3188,1,0,0.229478,0.614739,25,25*6*5,150*16*2
567,15207.9,3188,1,0,0.389725,0.694863,25,25*6*5,150*16*2
568,12499.1,3189,1,0,0.474186,0.737093,25,25*6*5,150*16*2
569,16245.6,3188,1,0,0.364831,0.682416,25,25*6*5,150*16*2
570,25467.4,3188,1,0,0.232725,0.616362,25,25*6*5,150*16*2
571,20024.9,3189,1,0,0.295977,0.647988,25,25*6*5,150*16*2
572,24906.2,3188,1,0,0.237969,0.618984,25,25*6*5,150*16*2
573,11491.1,3188,1,0,0.515782,0.757891,25,25*6*5,150*16*2
574,12659.2,3189,1,0,0.468189,0.734095,25,25*6*5,150*16*2
575,11882.2,3188,1,0,0.498805,0.749402,25,25*6*5,150*16*2
576,16406.9,3189,1,0,0.361244,0.680622,25,25*6*5,150*16*2
577,12472.9,3188,1,0,0.475182,0.737591,25,25*6*5,150*16*2
578,12402.6,3188,1,0,0.477876,0.738938,25,25*6*5,150*16*2
579,15424,3189,1,0,0.384265,0.692132,25,25*6*5,150*16*2
580,12475.8,3188,1,0,0.475072,0.737536,25,25*6*5,150*16*2
581,10703.1,3188,1,0,0.553755,0.776878,25,25*6*5,150*16*2
582,12637.8,3189,1,0,0.468982,0.734491,25,25*6*5,150*16*2
583,14624.2,3188,1,0,0.40528,0.70264,25,25*6*5,150*16*2
584,15685.5,3188,1,0,0.377859,0.688929,25,25*6*5,150*16*2
585,5974.52,3189,1,0,0.992029,0.996015,25,25*6*5,150*16*2
586,15542.2,3188,1,0,0.381342,0.690671,25,25*6*5,150*16*2
587,3401.88,1594,0,0,0.884393,0.942197,20,25*6*2,150*8*2
588,980.995,199,1,0,0.92977,0.964885,13,25*2*2,75*4*1
589,1065.25,199,0,0,0.959399,0.9797,14,25*6*1,75*4*1
590,0,0,0,0,0,0,0,1*1*1,1*1*1
591,188.671,3,0,0,0.983193,0.991596,4,5*1*1,6*1*1
592,1512.09,398,0,0,0.890688,0.945344,15,25*6*1,75*8*1
593,362.42,20,1,0,0.76679,0.883395,8,25*1*1,30*1*1
594,2963.62,797,0,0,0.931327,0.965664,19,25*3*5,150*4*2
595,654.439,99,0,0,0.941264,0.970632,11,25*3*1,75*2*1
596,9451.85,3188,0,0,0.627062,0.813531,25,25*6*5,150*16*2
597,1692,398,0,0,0.985047,0.992524,16,25*2*4,75*8*1
598,19757.8,3188,0,0,0.299978,0.649989,25,25*6*5,150*16*2
599,20075.5,3188,1,0,0.295231,0.647615,25,25*6*5,150*16*2
600,13675.4,3189,1,0,0.433399,0.716699,25,25*6*5,150*16*2
601,1730.13,398,0,0,0.979926,0.989963,17,25*3*3,75*8*1
602,7966.08,3188,0,0,0.744017,0.872009,25,25*6*5,150*16*2
603,15825.7,3188,1,0,0.374511,0.687256,25,25*6*5,150*16*2
604,15897.7,3189,1,0,0.372815,0.686407,25,25*6*5,150*16*2
605,19911.7,3188,1,0,0.297659,0.64883,25,25*6*5,150*16*2
606,12652.9,3188,1,0,0.468422,0.734211,25,25*6*5,150*16*2
607,1601.94,398,0,0,0.840731,0.920365,15,25*6*1,75*8*1
608,94.5331,0,0,0,0,0,0,1*1*1,1*1*1
609,0,0,0,0,0,0,0,1*1*1,1*1*1
610,0,0,0,0,0,0,0,1*1*1,1*1*1
611,1455.12,399,1,0,0.925559,0.96278,15,25*6*1,75*8*1
612,284.364,20,1,0,0.977269,0.988634,8,25*1*1,30*1*1
613,0.402026,0,0,0,0,0,0,1*1*1,1*1*1
614,182.042,1,0,0,0.938245,0.969123,2,1*1*1,3*1*1
615,0,0,0,0,0,0,0,1*1*1,1*1*1
616,0,0,0,0,0,0,0,1*1*1,1*1*1
617,964.654,199,0,0,0.94552,0.97276,13,25*2*2,75*4*1
618,1602.58,398,0,0,0.840395,0.920197,15,25*6*1,75*8*1
619,1240.22,199,1,0,0.824047,0.912024,14,25*6*1,75*4*1
620,197.512,6,0,0,0.981713,0.990856,5,5*1*1,10*1*1
621,150.032,0,0,0,0,0,0,1*1*1,1*1*1
622,358.37,19,0,0,0.775456,0.887728,8,25*1*1,30*1*1
623,0,0,0,0,0,0,0,1*1*1,1*1*1
624,244.596,9,0,0,0.835664,0.917832,6,5*1*1,15*1*1
625,0,0,0,0,0,0,0,1*1*1,1*1*1
626,0,0,0,0,0,0,0,1*1*1,1*1*1
627,0,0,0,0,0,0,0,1*1*1,1*1*1
628,168.898,1,0,0,0.998828,0.999414,1,1*1*1,2*1*1
629,76.5802,0,0,0,0,0,0,1*1*1,1*1*1
630,0,0,0,0,0,0,0,1*1*1,1*1*1
631,148.98,1,1,0,0,0,0,1*1*1,1*1*1
632,108.68,1,1,0,0,0,0,1*1*1,1*1*1
633,19.0098,0,0,0,0,0,0,1*1*1,1*1*1
634,43.5193,0,0,0,0,0,0,1*1*1,1*1*1
635,0,0,0,0,0,0,0,1*1*1,1*1*1
636,73.7673,1,1,0,0,0,0,1*1*1,1*1*1
637,116.811,1,1,0,0,0,0,1*1*1,1*1*1
638,199.403,6,0,0,0.972403,0.986201,5,5*1*1,10*1*1
639,176.24,1,0,0,0.969133,0.984567,2,1*1*1,3*1*1
640,60.9284,1,1,0,0,0,0,1*1*1,1*1*1
641,169.895,2,1,0,0.992966,0.996483,1,1*1*1,2*1*1
642,29.8969,0,0,0,0,0,0,1*1*1,1*1*1
643,93.2587,0,0,0,0,0,0,1*1*1,1*1*1
644,118.256,1,1,0,0,0,0,1*1*1,1*1*1
645,1.29984,0,0,0,0,0,0,1*1*1,1*1*1
646,113.373,1,1,0,0,0,0,1*1*1,1*1*1
647,208.895,9,0,0,0.978482,0.989241,6,5*1*1,15*1*1
648,0,0,0,0,0,0,0,1*1*1,1*1*1
649,226.01,10,1,0,0.904385,0.952192,6,5*1*1,15*1*1
650,235.647,10,1,0,0.867399,0.9337,6,5*1*1,15*1*1
651,79.5698,0,0,0,0,0,0,1*1*1,1*1*1
652,249.776,10,1,0,0.818333,0.909167,6,5*1*1,15*1*1
653,60.4658,0,0,0,0,0,0,1*1*1,1*1*1
654,28.3402,0,0,0,0,0,0,1*1*1,1*1*1
655,173.473,1,0,0,0.984591,0.992296,2,1*1*1,3*1*1
656,158.42,1,1,0,0,0,0,1*1*1,1*1*1
657,0,0,0,0,0,0,0,1*1*1,1*1*1
658,330.18,19,0,0,0.841662,0.920831,8,25*1*1,30*1*1
659,1141.57,200,1,0,0.895258,0.947629,14,25*6*1,75*4*1
660,2981.89,797,0,0,0.925621,0.96281,19,25*3*5,150*4*2
661,4985.45,1594,1,0,0.928241,0.964121,24,25*6*5,150*8*2
662,15888.1,3188,1,0,0.37304,0.68652,25,25*6*5,150*16*2
663,6252.5,3189,1,0,0.947925,0.973962,25,25*6*5,150*16*2
664,15789.3,3188,1,0,0.375374,0.687687,25,25*6*5,150*16*2
665,862.421,99,0,0,0.869297,0.934649,12,25*2*2,75*2*1
666,9816.08,3188,0,0,0.603795,0.801897,25,25*6*5,150*16*2
667,7903.1,3188,1,0,0.749946,0.874973,25,25*6*5,150*16*2
668,1482.76,398,0,0,0.908306,0.954153,15,25*6*1,75*8*1
669,15823.3,3188,0,0,0.374568,0.687284,25,25*6*5,150*16*2
670,2424.04,797,0,0,0.973169,0.986584,18,25*6*2,150*4*2
671,20082.1,3188,0,0,0.295133,0.647567,25,25*6*5,150*16*2
672,12638.2,3188,1,0,0.468967,0.734484,25,25*6*5,150*16*2
673,3195.19,1594,0,0,0.941603,0.970801,20,25*6*2,150*8*2
674,3290.58,1594,1,0,0.914307,0.957153,20,25*6*2,150*8*2
675,3997.32,1594,0,0,0.88767,0.943835,21,25*6*3,150*8*2
676,2387.39,797,0,0,0.988108,0.994054,18,25*6*2,150*4*2
677,3368.22,1594,1,0,0.893231,0.946616,20,25*6*2,150*8*2
678,1200.01,199,0,0,0.85166,0.92583,14,25*6*1,75*4*1
679,1046.65,199,1,0,0.976449,0.988224,14,25*6*1,75*4*1
680,1486.37,399,1,0,0.9061,0.95305,15,25*6*1,75*8*1
681,2434.63,797,0,0,0.968936,0.984468,18,25*6*2,150*4*2
682,3314.32,1594,1,0,0.907758,0.953879,20,25*6*2,150*8*2
683,3937.85,1594,0,0,0.901075,0.950538,21,25*6*3,150*8*2
684,12419.9,3188,0,0,0.47721,0.738605,25,25*6*5,150*16*2
685,1176.33,199,0,0,0.868804,0.934402,14,25*6*1,75*4*1
686,1919.2,398,0,0,0.883389,0.941694,17,25*3*3,75*8*1
687,2573.45,797,0,0,0.916668,0.958334,18,25*6*2,150*4*2
688,6364.72,3188,0,0,0.931211,0.965606,25,25*6*5,150*16*2
689,2471.67,797,0,0,0.954415,0.977208,18,25*6*2,150*4*2
690,1104.14,199,0,0,0.925607,0.962804,14,25*6*1,75*4*1
691,319.199,20,1,0,0.870617,0.935308,8,25*1*1,30*1*1
692,1037.42,199,1,0,0.985136,0.992568,14,25*6*1,75*4*1
693,547.898,50,1,0,0.827891,0.913946,10,25*2*1,75*1*1
694,1174.43,199,1,0,0.870209,0.935105,14,25*6*1,75*4*1
695,1262.27,199,1,0,0.809652,0.904826,14,25*6*1,75*4*1
696,674.577,100,1,0,0.913165,0.956582,11,25*3*1,75*2*1
697,330.972,20,1,0,0.839648,0.919824,8,25*1*1,30*1*1
698,2519.65,797,0,0,0.936241,0.968121,18,25*6*2,150*4*2
699,2140.06,398,0,0,0.792221,0.89611,17,25*3*3,75*8*1
700,2026.26,399,1,0,0.836714,0.918357,17,25*3*3,75*8*1
701,2054.4,398,1,0,0.825253,0.912627,17,25*3*3,75*8*1
702,3324.25,1594,0,0,0.905046,0.952523,20,25*6*2,150*8*2
703,3167.55,1594,1,0,0.949819,0.97491,20,25*6*2,150*8*2
704,2616.71,797,1,0,0.901514,0.950757,18,25*6*2,150*4*2
705,15833.2,3188,0,0,0.374334,0.687167,25,25*6*5,150*16*2
706,15879.1,3188,1,0,0.373252,0.686626,25,25*6*5,150*16*2
707,20154.4,3189,1,0,0.294075,0.647037,25,25*6*5,150*16*2
708,5018.05,1594,1,0,0.922211,0.961105,24,25*6*5,150*8*2
709,5044.12,1594,1,0,0.917444,0.958722,24,25*6*5,150*8*2
710,15842.3,3188,1,0,0.374119,0.687059,25,25*6*5,150*16*2
711,6576.75,3189,1,0,0.90119,0.950595,25,25*6*5,150*16*2
712,6255.81,3188,1,0,0.947423,0.973712,25,25*6*5,150*16*2
713,6270.46,3188,1,0,0.94521,0.972605,25,25*6*5,150*16*2
714,15771.3,3189,1,0,0.375803,0.687901,25,25*6*5,150*16*2
715,15812.3,3188,1,0,0.374828,0.687414,25,25*6*5,150*16*2
716,9994.66,3189,1,0,0.593007,0.796503,25,25*6*5,150*16*2
717,8208.64,3188,1,0,0.722032,0.861016,25,25*6*5,150*16*2
718,16078.5,3188,1,0,0.368623,0.684311,25,25*6*5,150*16*2
719,8083.73,3189,1,0,0.733189,0.866594,25,25*6*5,150*16*2
720,12506.1,3188,1,0,0.473921,0.73696,25,25*6*5,150*16*2
721,7985.94,3188,1,0,0.742167,0.871083,25,25*6*5,150*16*2
722,8014.42,3189,1,0,0.739529,0.869765,25,25*6*5,150*16*2
723,8008.94,3188,1,0,0.740036,0.870018,25,25*6*5,150*16*2
724,7876.69,3188,1,0,0.752461,0.87623,25,25*6*5,150*16*2
725,8053.17,3189,1,0,0.735971,0.867986,25,25*6*5,150*16*2
726,9974.44,3188,1,0,0.594209,0.797104,25,25*6*5,150*16*2
727,6312.95,3188,1,0,0.938848,0.969424,25,25*6*5,150*16*2
728,7777.71,3189,1,0,0.762037,0.881018,25,25*6*5,150*16*2
729,6161.58,3188,1,0,0.961912,0.980956,25,25*6*5,150*16*2
730,5136.83,1594,1,0,0.900886,0.950443,24,25*6*5,150*8*2
731,2113.76,398,0,0,0.802078,0.901039,17,25*3*3,75*8*1
732,1594.4,398,0,0,0.844706,0.922353,15,25*6*1,75*8*1
733,1864.1,398,0,0,0.909501,0.95475,17,25*3*3,75*8*1
734,2516.39,797,0,0,0.937454,0.968727,18,25*6*2,150*4*2
735,4923.73,1594,0,0,0.939877,0.969938,24,25*6*5,150*8*2
736,5058.23,1594,1,0,0.914885,0.957443,24,25*6*5,150*8*2
737,20170.1,3188,1,0,0.293846,0.646923,25,25*6*5,150*16*2
738,3072.11,1594,0,0,0.979327,0.989663,20,25*6*2,150*8*2
739,6290.58,3188,0,0,0.942187,0.971093,25,25*6*5,150*16*2
740,19905.8,3188,1,0,0.297747,0.648874,25,25*6*5,150*16*2
741,12458.8,3189,1,0,0.47572,0.73786,25,25*6*5,150*16*2
742,12699,3188,1,0,0.466722,0.733361,25,25*6*5,150*16*2
743,6385.66,3188,1,0,0.928158,0.964079,25,25*6*5,150*16*2
744,12653.9,3189,1,0,0.468385,0.734193,25,25*6*5,150*16*2
745,12466.8,3188,1,0,0.475415,0.737707,25,25*6*5,150*16*2
746,7966.91,3188,1,0,0.74394,0.87197,25,25*6*5,150*16*2
747,1872.64,398,0,0,0.905353,0.952676,17,25*3*3,75*8*1
748,525.316,49,0,0,0.86348,0.93174,10,25*2*1,75*1*1
749,295.597,20,1,0,0.940131,0.970066,8,25*1*1,30*1*1
750,28.1773,0,0,0,0,0,0,1*1*1,1*1*1
751,94.7315,0,0,0,0,0,0,1*1*1,1*1*1
752,21.8409,0,0,0,0,0,0,1*1*1,1*1*1
753,154.618,0,0,0,0,0,0,1*1*1,1*1*1
754,390.051,20,1,0,0.712471,0.856235,8,25*1*1,30*1*1
755,467.502,50,1,0,0.970263,0.985132,10,25*2*1,75*1*1
756,195.26,6,0,0,0.993035,0.996517,5,5*1*1,10*1*1
757,359.103,19,0,0,0.773873,0.886936,8,25*1*1,30*1*1
758,707.896,100,1,0,0.870184,0.935092,11,25*3*1,75*2*1
759,1676.77,398,0,0,0.993994,0.996997,16,25*2*4,75*8*1
760,1966.02,398,0,0,0.862351,0.931176,17,25*3*3,75*8*1
761,3914.92,1594,1,0,0.906353,0.953177,21,25*6*3,150*8*2
762,5062.74,1594,0,0,0.91407,0.957035,24,25*6*5,150*8*2
763,6270.93,3188,1,0,0.945139,0.972569,25,25*6*5,150*16*2
764,4052.3,1594,0,0,0.875626,0.937813,21,25*6*3,150*8*2
765,1476.35,398,0,0,0.91225,0.956125,15,25*6*1,75*8*1
766,2111.54,398,0,0,0.802921,0.901461,17,25*3*3,75*8*1
767,888.873,99,0,0,0.843428,0.921714,12,25*2*2,75*2*1
768,1650.01,398,0,0,0.816237,0.908119,15,25*6*1,75*8*1
769,106.119,0,0,0,0,0,0,1*1*1,1*1*1
770,0,0,0,0,0,0,0,1*1*1,1*1*1
771,1030.25,199,1,0,0.991992,0.995996,14,25*6*1,75*4*1
772,0,0,0,0,0,0,0,1*1*1,1*1*1
773,0,0,0,0,0,0,0,1*1*1,1*1*1
774,164.472,0,0,0,0,0,0,1*1*1,1*1*1
775,0,0,0,0,0,0,0,1*1*1,1*1*1
776,0,0,0,0,0,0,0,1*1*1,1*1*1
777,0,0,0,0,0,0,0,1*1*1,1*1*1
778,460.927,50,1,0,0.984104,0.992052,10,25*2*1,75*1*1
779,145.717,0,0,0,0,0,0,1*1*1,1*1*1
780,194.733,6,0,0,0.995722,0.997861,5,5*1*1,10*1*1
781,33.4861,0,0,0,0,0,0,1*1*1,1*1*1
782,149.261,0,0,0,0,0,0,1*1*1,1*1*1
783,940.684,199,0,0,0.969614,0.984807,13,25*2*2,75*4*1
784,3200.52,1594,1,0,0.940035,0.970017,20,25*6*2,150*8*2
785,5010.15,1594,0,0,0.923665,0.961832,24,25*6*5,150*8*2
786,5012.04,1594,1,0,0.923317,0.961658,24,25*6*5,150*8*2
787,1217.72,199,0,0,0.839273,0.919637,14,25*6*1,75*4*1
788,15851.6,3188,0,0,0.373899,0.68695,25,25*6*5,150*16*2
789,1847.6,398,0,0,0.917623,0.958811,17,25*3*3,75*8*1
790,19945.3,3188,0,0,0.297158,0.648579,25,25*6*5,150*16*2
791,2714.48,797,0,0,0.869043,0.934522,18,25*6*2,150*4*2
792,2582.84,797,1,0,0.913336,0.956668,18,25*6*2,150*4*2
793,3084.11,1594,1,0,0.975516,0.987758,20,25*6*2,150*8*2
794,4002.9,1594,0,0,0.886432,0.943216,21,25*6*3,150*8*2
795,3112.42,1594,0,0,0.966643,0.983322,20,25*6*2,150*8*2
796,3123.8,1594,1,0,0.963122,0.981561,20,25*6*2,150*8*2
797,1993.76,398,0,0,0.850353,0.925177,17,25*3*3,75*8*1
798,4014.26,1594,1,0,0.883924,0.941962,21,25*6*3,150*8*2
799,4024.65,1595,1,0,0.881642,0.940821,21,25*6*3,150*8*2
800,3110.1,1594,0,0,0.967364,0.983682,20,25*6*2,150*8*2
801,2618.46,797,1,0,0.900911,0.950456,18,25*6*2,150*4*2
802,5142.58,1594,0,0,0.899879,0.94994,24,25*6*5,150*8*2
803,3915.31,1594,0,0,0.906263,0.953131,21,25*6*3,150*8*2
804,3970.77,1594,1,0,0.893605,0.946803,21,25*6*3,150*8*2
805,2482.38,797,0,0,0.950298,0.975149,18,25*6*2,150*4*2
806,2044.11,398,0,0,0.829407,0.914704,17,25*3*3,75*8*1
807,3070.79,1594,0,0,0.979748,0.989874,20,25*6*2,150*8*2
808,3971.41,1594,0,0,0.893461,0.946731,21,25*6*3,150*8*2
809,3780.26,1594,1,0,0.938639,0.96932,21,25*6*3,150*8*2
810,2515.98,797,0,0,0.937607,0.968803,18,25*6*2,150*4*2
811,4080.67,1594,0,0,0.869539,0.934769,21,25*6*3,150*8*2
812,6231.37,3188,0,0,0.951139,0.97557,25,25*6*5,150*16*2
813,5040.03,1594,1,0,0.918189,0.959094,24,25*6*5,150*8*2
814,5167.74,1594,1,0,0.895498,0.947749,24,25*6*5,150*8*2
815,2545.65,797,0,0,0.926679,0.963339,18,25*6*2,150*4*2
816,1457.1,398,0,0,0.924302,0.962151,15,25*6*1,75*8*1
817,248.02,9,0,0,0.824127,0.912064,6,5*1*1,15*1*1
818,1908.92,398,0,0,0.888146,0.944073,17,25*3*3,75*8*1
819,175.88,1,0,0,0.971117,0.985558,2,1*1*1,3*1*1
820,122.757,1,1,0,0,0,0,1*1*1,1*1*1
821,94.124,1,1,0,0,0,0,1*1*1,1*1*1
822,214.304,9,0,0,0.953785,0.976893,6,5*1*1,15*1*1
823,818.962,99,0,0,0.915427,0.957714,12,25*2*2,75*2*1
824,1401.85,398,0,0,0.96073,0.980365,15,25*6*1,75*8*1
825,654.483,100,1,0,0.941201,0.9706,11,25*3*1,75*2*1
826,2105.7,398,0,0,0.805148,0.902574,17,25*3*3,75*8*1
827,1215.54,199,0,0,0.840779,0.920389,14,25*6*1,75*4*1
828,942.425,199,0,0,0.967822,0.983911,13,25*2*2,75*4*1
829,331.023,19,0,0,0.839519,0.919759,8,25*1*1,30*1*1
830,439.089,34,1,0,0.913482,0.956741,9,25*2*1,50*1*1
831,766.623,99,0,0,0.977925,0.988963,12,25*2*2,75*2*1
832,15.4767,0,0,0,0,0,0,1*1*1,1*1*1
833,556.273,49,0,0,0.815427,0.907713,10,25*2*1,75*1*1
834,67.0633,0,0,0,0,0,0,1*1*1,1*1*1
835,390.07,20,1,0,0.712436,0.856218,8,25*1*1,30*1*1
836,77.9217,0,0,0,0,0,0,1*1*1,1*1*1
837,0,0,0,0,0,0,0,1*1*1,1*1*1
838,97.4795,0,0,0,0,0,0,1*1*1,1*1*1
839,32.8934,0,0,0,0,0,0,1*1*1,1*1*1
840,0,0,0,0,0,0,0,1*1*1,1*1*1
841,0,0,0,0,0,0,0,1*1*1,1*1*1
842,89.3188,0,0,0,0,0,0,1*1*1,1*1*1
843,67.7659,0,0,0,0,0,0,1*1*1,1*1*1
844,968.147,199,0,0,0.942109,0.971054,13,25*2*2,75*4*1
845,425.6,33,0,0,0.942434,0.971217,9,25*2*1,50*1*1
846,2.36164,0,0,0,0,0,0,1*1*1,1*1*1
847,906.169,99,0,0,0.827329,0.913665,12,25*2*2,75*2*1
848,2502.52,797,1,0,0.94265,0.971325,18,25*6*2,150*4*2
849,1692.48,398,0,0,0.984768,0.992384,16,25*2*4,75*8*1
850,3114.04,1594,0,0,0.96614,0.98307,20,25*6*2,150*8*2
851,15827.6,3188,0,0,0.374466,0.687233,25,25*6*5,150*16*2
852,20025.5,3188,1,0,0.295968,0.647984,25,25*6*5,150*16*2
853,15686.9,3189,1,0,0.377825,0.688912,25,25*6*5,150*16*2
854,15776.6,3188,1,0,0.375677,0.687838,25,25*6*5,150*16*2
855,19814.1,3188,1,0,0.299125,0.649563,25,25*6*5,150*16*2
856,12412.2,3189,1,0,0.477506,0.738753,25,25*6*5,150*16*2
857,15864.7,3188,1,0,0.37359,0.686795,25,25*6*5,150*16*2
858,25208.8,3188,1,0,0.235112,0.617556,25,25*6*5,150*16*2
859,20132.6,3189,1,0,0.294393,0.647197,25,25*6*5,150*16*2
860,15862.7,3188,1,0,0.373638,0.686819,25,25*6*5,150*16*2
861,15804.5,3188,1,0,0.375013,0.687507,25,25*6*5,150*16*2
862,15841,3189,1,0,0.374149,0.687075,25,25*6*5,150*16*2
863,19976.8,3188,1,0,0.296689,0.648345,25,25*6*5,150*16*2
864,9825.35,3188,1,0,0.603225,0.801613,25,25*6*5,150*16*2
865,19889.8,3189,1,0,0.297987,0.648993,25,25*6*5,150*16*2
866,25063.8,3188,1,0,0.236473,0.618236,25,25*6*5,150*16*2
867,15713.4,3188,1,0,0.377188,0.688594,25,25*6*5,150*16*2
868,12747.8,3189,1,0,0.464935,0.732468,25,25*6*5,150*16*2
869,15760.8,3188,1,0,0.376053,0.688027,25,25*6*5,150*16*2
870,24917.5,3188,1,0,0.237861,0.61893,25,25*6*5,150*16*2
871,20204.4,3189,1,0,0.293347,0.646673,25,25*6*5,150*16*2
872,25118.5,3188,1,0,0.235958,0.617979,25,25*6*5,150*16*2
873,12521.5,3188,1,0,0.473338,0.736669,25,25*6*5,150*16*2
874,12504.5,3189,1,0,0.473981,0.736991,25,25*6*5,150*16*2
875,12603.5,3188,1,0,0.470258,0.735129,25,25*6*5,150*16*2
876,15813.8,3189,1,0,0.374793,0.687396,25,25*6*5,150*16*2
877,12686.7,3188,1,0,0.467174,0.733587,25,25*6*5,150*16*2
878,12541.5,3188,1,0,0.472583,0.736292,25,25*6*5,150*16*2
879,15851,3189,1,0,0.373913,0.686957,25,25*6*5,150*16*2
880,12591.9,3188,1,0,0.470691,0.735346,25,25*6*5,150*16*2
881,10071.4,3188,1,0,0.588488,0.794244,25,25*6*5,150*16*2
882,12672.7,3189,1,0,0.46769,0.733845,25,25*6*5,150*16*2
883,16055.1,3188,1,0,0.36916,0.68458,25,25*6*5,150*16*2
884,15675.6,3188,1,0,0.378097,0.689049,25,25*6*5,150*16*2
885,4975.34,1595,1,0,0.930127,0.965064,24,25*6*5,150*8*2
886,16012.6,3188,1,0,0.37014,0.68507,25,25*6*5,150*16*2
887,3930.27,1594,0,0,0.902813,0.951407,21,25*6*3,150*8*2
888,0,0,0,0,0,0,0,1*1*1,1*1*1
889,39.6493,0,0,0,0,0,0,1*1*1,1*1*1
890,323.676,19,0,0,0.858575,0.929287,8,25*1*1,30*1*1
891,286.116,20,1,0,0.971284,0.985642,8,25*1*1,30*1*1
892,137.294,0,0,0,0,0,0,1*1*1,1*1*1
893,374.106,20,1,0,0.742838,0.871419,8,25*1*1,30*1*1
894,1946.18,398,0,0,0.871142,0.935571,17,25*3*3,75*8*1
895,786.344,99,0,0,0.9534,0.9767,12,25*2*2,75*2*1
896,9996.24,3188,0,0,0.592913,0.796456,25,25*6*5,150*16*2
897,1604.53,398,0,0,0.839374,0.919687,15,25*6*1,75*8*1
898,19903,3188,0,0,0.297789,0.648895,25,25*6*5,150*16*2
899,19903.1,3188,1,0,0.297788,0.648894,25,25*6*5,150*16*2
900,12648.7,3189,1,0,0.468578,0.734289,25,25*6*5,150*16*2
901,2009.44,398,0,0,0.843718,0.921859,17,25*3*3,75*8*1
902,8550.78,3188,0,0,0.693141,0.846571,25,25*6*5,150*16*2
903,15960.2,3188,1,0,0.371355,0.685677,25,25*6*5,150*16*2
904,16035.6,3189,1,0,0.369609,0.684804,25,25*6*5,150*16*2
905,20384.8,3188,1,0,0.290751,0.645375,25,25*6*5,150*16*2
906,12818.2,3188,1,0,0.462382,0.731191,25,25*6*5,150*16*2
907,1988.5,398,0,0,0.852602,0.926301,17,25*3*3,75*8*1
908,0,0,0,0,0,0,0,1*1*1,1*1*1
909,220.302,9,0,0,0.927817,0.963909,6,5*1*1,15*1*1
910,258.668,10,1,0,0.790202,0.895101,6,5*1*1,15*1*1
911,1919.11,398,0,0,0.88343,0.941715,17,25*3*3,75*8*1
912,0,0,0,0,0,0,0,1*1*1,1*1*1
913,410.292,33,0,0,0.977596,0.988798,9,25*2*1,50*1*1
914,268.432,16,1,0,0.996155,0.998078,7,25*1*1,25*1*1
915,250.284,9,0,0,0.816672,0.908336,6,5*1*1,15*1*1
916,211.863,10,1,0,0.964774,0.982387,6,5*1*1,15*1*1
917,1252.69,199,0,0,0.815844,0.907922,14,25*6*1,75*4*1
918,1394.47,398,1,0,0.965815,0.982907,15,25*6*1,75*8*1
919,1340.18,200,1,0,0.762584,0.881292,14,25*6*1,75*4*1
920,420.786,33,1,0,0.953216,0.976608,9,25*2*1,50*1*1
921,37.7889,0,0,0,0,0,0,1*1*1,1*1*1
922,838.96,99,0,0,0.893606,0.946803,12,25*2*2,75*2*1
923,0,0,0,0,0,0,0,1*1*1,1*1*1
924,619.971,99,0,0,0.993595,0.996797,11,25*3*1,75*2*1
925,133.837,0,0,0,0,0,0,1*1*1,1*1*1
926,159.273,0,0,0,0,0,0,1*1*1,1*1*1
927,133.972,0,0,0,0,0,0,1*1*1,1*1*1
928,0,0,0,0,0,0,0,1*1*1,1*1*1
929,0,0,0,0,0,0,0,1*1*1,1*1*1
930,0,0,0,0,0,0,0,1*1*1,1*1*1
931,179.938,1,0,0,0.949216,0.974608,2,1*1*1,3*1*1
932,0,0,0,0,0,0,0,1*1*1,1*1*1
933,287.714,19,0,0,0.96589,0.982945,8,25*1*1,30*1*1
934,0,0,0,0,0,0,0,1*1*1,1*1*1
935,112.788,0,0,0,0,0,0,1*1*1,1*1*1
936,511.939,50,1,0,0.886043,0.943022,10,25*2*1,75*1*1
937,516.596,50,1,0,0.878056,0.939028,10,25*2*1,75*1*1
938,0,0,0,0,0,0,0,1*1*1,1*1*1
939,525.734,50,1,0,0.862794,0.931397,10,25*2*1,75*1*1
940,444.004,33,1,0,0.90337,0.951685,9,25*2*1,50*1*1
941,256.307,9,0,0,0.797481,0.898741,6,5*1*1,15*1*1
942,199.133,7,1,0,0.973721,0.986861,5,5*1*1,10*1*1
943,399.806,19,0,0,0.695087,0.847544,8,25*1*1,30*1*1
944,202.294,6,0,0,0.958506,0.979253,5,5*1*1,10*1*1
945,160.39,0,0,0,0,0,0,1*1*1,1*1*1
946,0,0,0,0,0,0,0,1*1*1,1*1*1
947,39.7743,0,0,0,0,0,0,1*1*1,1*1*1
948,383.87,19,0,0,0.723943,0.861972,8,25*1*1,30*1*1
949,334.73,20,1,0,0.830221,0.915111,8,25*1*1,30*1*1
950,184.398,3,0,0,0.994588,0.997294,3,5*1*1,5*1*1
951,477.221,49,0,0,0.950503,0.975252,10,25*2*1,75*1*1
952,380.29,20,1,0,0.730758,0.865379,8,25*1*1,30*1*1
953,114.606,0,0,0,0,0,0,1*1*1,1*1*1
954,455.777,50,1,0,0.995224,0.997612,10,25*2*1,75*1*1
955,0,0,0,0,0,0,0,1*1*1,1*1*1
956,194.659,6,0,0,0.996101,0.99805,5,5*1*1,10*1*1
957,642.644,99,0,0,0.95854,0.97927,11,25*3*1,75*2*1
958,569.736,50,1,0,0.796158,0.898079,10,25*2*1,75*1*1
959,933.013,199,0,0,0.977586,0.988793,13,25*2*2,75*4*1
960,3270.48,1594,1,0,0.919926,0.959963,20,25*6*2,150*8*2
961,5267.75,1594,0,0,0.878497,0.939248,24,25*6*5,150*8*2
962,16064.1,3188,1,0,0.368953,0.684477,25,25*6*5,150*16*2
963,6099.28,3188,1,0,0.971738,0.985869,25,25*6*5,150*16*2
964,15922,3189,1,0,0.372246,0.686123,25,25*6*5,150*16*2
965,635.949,99,0,0,0.968631,0.984316,11,25*3*1,75*2*1
966,10255.7,3188,0,0,0.577913,0.788956,25,25*6*5,150*16*2
967,8178.02,3188,1,0,0.724735,0.862368,25,25*6*5,150*16*2
968,1405.63,398,0,0,0.958147,0.979073,15,25*6*1,75*8*1
969,16225,3188,0,0,0.365294,0.682647,25,25*6*5,150*16*2
970,2462.33,797,0,0,0.958036,0.979018,18,25*6*2,150*4*2
971,20207.4,3188,0,0,0.293303,0.646652,25,25*6*5,150*16*2
972,12753.8,3188,1,0,0.464716,0.732358,25,25*6*5,150*16*2
973,3348.91,1594,0,0,0.898382,0.949191,20,25*6*2,150*8*2
974,3195.33,1594,1,0,0.941562,0.970781,20,25*6*2,150*8*2
975,4101.85,1594,0,0,0.996623,0.998312,22,25*6*4,150*8*2
976,2781.98,797,0,0,0.992135,0.996068,19,25*3*5,150*4*2
977,3406.06,1594,0,0,0.883308,0.941654,20,25*6*2,150*8*2
978,1731.23,398,0,0,0.979304,0.989652,17,25*3*3,75*8*1
979,1395.09,398,0,0,0.965386,0.982693,15,25*6*1,75*8*1
980,1915.88,398,0,0,0.88492,0.94246,17,25*3*3,75*8*1
981,2506.04,797,0,0,0.941326,0.970663,18,25*6*2,150*4*2
982,3609.8,1594,0,0,0.982963,0.991482,21,25*6*3,150*8*2
983,4171.75,1594,0,0,0.979924,0.989962,22,25*6*4,150*8*2
984,12876.6,3188,0,0,0.460285,0.730142,25,25*6*5,150*16*2
985,1224.9,199,0,0,0.834354,0.917177,14,25*6*1,75*4*1
986,2154.42,398,0,0,0.78694,0.89347,17,25*3*3,75*8*1
987,2801.71,797,0,0,0.985148,0.992574,19,25*3*5,150*4*2
988,6306.45,3188,1,0,0.939816,0.969908,25,25*6*5,150*16*2
989,2393.03,797,0,0,0.98578,0.99289,18,25*6*2,150*4*2
990,926.941,199,1,0,0.983989,0.991995,13,25*2*2,75*4*1
991,786.117,100,1,0,0.953675,0.976837,12,25*2*2,75*2*1
992,620.397,99,0,0,0.992913,0.996456,11,25*3*1,75*2*1
993,479.538,50,1,0,0.94591,0.972955,10,25*2*1,75*1*1
994,772.404,99,0,0,0.970606,0.985303,12,25*2*2,75*2*1
995,1354.52,398,0,0,0.994301,0.99715,15,25*6*1,75*8*1
996,785.664,99,0,0,0.954225,0.977112,12,25*2*2,75*2*1
997,775.993,100,1,0,0.966117,0.983058,12,25*2*2,75*2*1
998,2702.1,797,1,0,0.873025,0.936512,18,25*6*2,150*4*2
999,1786.88,398,0,0,0.948805,0.974402,17,25*3*3,75*8*1
1000,2377.59,797,0,0,0.992181,0.996091,18,25*6*2,150*4*2
1001,2133.84,398,0,0,0.79453,0.897265,17,25*3*3,75*8*1
1002,3306.5,1594,0,0,0.909905,0.954952,20,25*6*2,150*8*2
1003,3370.86,1594,1,0,0.892532,0.946266,20,25*6*2,150*8*2
1004,2744.73,797,1,0,0.859465,0.929733,18,25*6*2,150*4*2
1005,15955.2,3188,0,0,0.371471,0.685736,25,25*6*5,150*16*2
1006,15959.7,3188,1,0,0.371367,0.685683,25,25*6*5,150*16*2
1007,20655,3189,1,0,0.286947,0.643474,25,25*6*5,150*16*2
1008,5425.21,1594,1,0,0.852999,0.9265,24,25*6*5,150*8*2
1009,5342.3,1594,1,0,0.866237,0.933119,24,25*6*5,150*8*2
1010,15888.2,3188,1,0,0.373038,0.686519,25,25*6*5,150*16*2
1011,6130.27,3189,1,0,0.966825,0.983413,25,25*6*5,150*16*2
1012,6214.67,3188,1,0,0.953695,0.976848,25,25*6*5,150*16*2
1013,6138.53,3188,1,0,0.965524,0.982762,25,25*6*5,150*16*2
1014,15960.9,3189,1,0,0.371339,0.685669,25,25*6*5,150*16*2
1015,16004.3,3188,1,0,0.370332,0.685166,25,25*6*5,150*16*2
1016,9976.83,3189,1,0,0.594066,0.797033,25,25*6*5,150*16*2
1017,7753.92,3188,1,0,0.764375,0.882187,25,25*6*5,150*16*2
1018,16528.8,3188,1,0,0.35858,0.67929,25,25*6*5,150*16*2
1019,7954,3189,1,0,0.745147,0.872574,25,25*6*5,150*16*2
1020,13009.8,3188,1,0,0.455572,0.727786,25,25*6*5,150*16*2
1021,7965.84,3188,1,0,0.74404,0.87202,25,25*6*5,150*16*2
1022,8230.74,3189,1,0,0.720093,0.860047,25,25*6*5,150*16*2
1023,8016.68,3188,1,0,0.739321,0.869661,25,25*6*5,150*16*2
1024,7595.88,3188,1,0,0.780278,0.890139,25,25*6*5,150*16*2
1025,7886.1,3189,1,0,0.751563,0.875781,25,25*6*5,150*16*2
1026,10368.9,3188,1,0,0.571604,0.785802,25,25*6*5,150*16*2
1027,6671.46,3188,1,0,0.888396,0.944198,25,25*6*5,150*16*2
1028,8184.97,3189,1,0,0.72412,0.86206,25,25*6*5,150*16*2
1029,6364.07,3188,1,0,0.931307,0.965653,25,25*6*5,150*16*2
1030,5420.74,1594,1,0,0.853703,0.926851,24,25*6*5,150*8*2
1031,2013.1,398,0,0,0.842184,0.921092,17,25*3*3,75*8*1
1032,1615.65,398,0,0,0.833596,0.916798,15,25*6*1,75*8*1
1033,2156.01,398,0,0,0.78636,0.89318,17,25*3*3,75*8*1
1034,2706.48,797,0,0,0.871612,0.935806,18,25*6*2,150*4*2
1035,5334.62,1594,0,0,0.867484,0.933742,24,25*6*5,150*8*2
1036,5601.31,1594,1,0,0.826182,0.913091,24,25*6*5,150*8*2
1037,19868.8,3188,1,0,0.298302,0.649151,25,25*6*5,150*16*2
1038,3333.67,1594,0,0,0.902489,0.951244,20,25*6*2,150*8*2
1039,6387.88,3188,0,0,0.927835,0.963918,25,25*6*5,150*16*2
1040,19760.4,3188,1,0,0.299938,0.649969,25,25*6*5,150*16*2
1041,12568.3,3189,1,0,0.471575,0.735788,25,25*6*5,150*16*2
1042,13024.6,3188,1,0,0.455054,0.727527,25,25*6*5,150*16*2
1043,6430.29,3188,1,0,0.921716,0.960858,25,25*6*5,150*16*2
1044,12683.8,3189,1,0,0.467281,0.733641,25,25*6*5,150*16*2
1045,12626.6,3188,1,0,0.469398,0.734699,25,25*6*5,150*16*2
1046,8119.78,3188,1,0,0.729934,0.864967,25,25*6*5,150*16*2
1047,2205.53,398,0,0,0.768704,0.884352,17,25*3*3,75*8*1
1048,724.299,99,0,0,0.850477,0.925239,11,25*3*1,75*2*1
1049,0,0,0,0,0,0,0,1*1*1,1*1*1
1050,25.1509,0,0,0,0,0,0,1*1*1,1*1*1
1051,0,0,0,0,0,0,0,1*1*1,1*1*1
1052,246.955,9,0,0,0.827681,0.913841,6,5*1*1,15*1*1
1053,426.72,33,0,0,0.939961,0.96998,9,25*2*1,50*1*1
1054,863.721,99,0,0,0.867989,0.933994,12,25*2*2,75*2*1
1055,899.918,100,1,0,0.833076,0.916538,12,25*2*2,75*2*1
1056,247.535,9,0,0,0.825742,0.912871,6,5*1*1,15*1*1
1057,278.249,19,0,0,0.998746,0.999373,8,25*1*1,30*1*1
1058,1194.92,200,1,0,0.855287,0.927644,14,25*6*1,75*4*1
1059,1681.84,398,0,0,0.990998,0.995499,16,25*2*4,75*8*1
1060,2331.17,398,0,0,0.727274,0.863637,17,25*3*3,75*8*1
1061,3737.62,1594,1,0,0.949347,0.974674,21,25*6*3,150*8*2
1062,5099.09,1594,0,0,0.907554,0.953777,24,25*6*5,150*8*2
1063,6418.42,3188,1,0,0.92342,0.96171,25,25*6*5,150*16*2
1064,4401.39,3188,0,0,0.978736,0.989368,23,25*6*2,150*16*2
1065,1635.25,398,0,0,0.823605,0.911802,15,25*6*1,75*8*1
1066,2003.8,398,0,0,0.846092,0.923046,17,25*3*3,75*8*1
1067,750.34,99,0,0,0.999147,0.999574,12,25*2*2,75*2*1
1068,1773.28,398,0,0,0.956081,0.978041,17,25*3*3,75*8*1
1069,156.401,0,0,0,0,0,0,1*1*1,1*1*1
1070,156.04,0,0,0,0,0,0,1*1*1,1*1*1
1071,1197.18,199,0,0,0.853673,0.926836,14,25*6*1,75*4*1
1072,326.605,20,1,0,0.850875,0.925437,8,25*1*1,30*1*1
1073,0,0,0,0,0,0,0,1*1*1,1*1*1
1074,364.721,20,1,0,0.761952,0.880976,8,25*1*1,30*1*1
1075,0,0,0,0,0,0,0,1*1*1,1*1*1
1076,67.8955,0,0,0,0,0,0,1*1*1,1*1*1
1077,788.052,99,0,0,0.951333,0.975667,12,25*2*2,75*2*1
1078,550.291,49,0,0,0.824291,0.912146,10,25*2*1,75*1*1
1079,308.581,20,1,0,0.900574,0.950287,8,25*1*1,30*1*1
1080,820.76,99,0,0,0.913422,0.956711,12,25*2*2,75*2*1
1081,398.31,19,0,0,0.697698,0.848849,8,25*1*1,30*1*1
1082,428.809,34,1,0,0.935381,0.967691,9,25*2*1,50*1*1
1083,651.546,99,1,0,0.945444,0.972722,11,25*3*1,75*2*1
1084,3172.24,1594,0,0,0.948415,0.974208,20,25*6*2,150*8*2
1085,4962.98,1594,0,0,0.932444,0.966222,24,25*6*5,150*8*2
1086,5568.25,1594,1,0,0.831087,0.915543,24,25*6*5,150*8*2
1087,1590.81,398,0,0,0.846613,0.923306,15,25*6*1,75*8*1
1088,16159.7,3188,0,0,0.36677,0.683385,25,25*6*5,150*16*2
1089,1950.3,398,0,0,0.869302,0.934651,17,25*3*3,75*8*1
1090,19838.6,3188,0,0,0.298756,0.649378,25,25*6*5,150*16*2
1091,2630.83,797,0,0,0.896675,0.948338,18,25*6*2,150*4*2
1092,2528.28,797,1,0,0.933045,0.966523,18,25*6*2,150*4*2
1093,3054.01,1594,1,0,0.985131,0.992566,20,25*6*2,150*8*2
1094,4199.5,1594,0,0,0.973449,0.986725,22,25*6*4,150*8*2
1095,3302.78,1594,0,0,0.91093,0.955465,20,25*6*2,150*8*2
1096,3281.65,1594,1,0,0.916795,0.958397,20,25*6*2,150*8*2
1097,2165.35,398,0,0,0.782968,0.891484,17,25*3*3,75*8*1
1098,3821.95,1594,1,0,0.9284,0.9642,21,25*6*3,150*8*2
1099,4569.44,3188,0,0,0.942741,0.971371,23,25*6*2,150*16*2
1100,3668.78,1594,0,0,0.967161,0.98358,21,25*6*3,150*8*2
1101,2887.04,797,0,0,0.956031,0.978016,19,25*3*5,150*4*2
1102,4901.31,1594,1,0,0.944176,0.972088,24,25*6*5,150*8*2
1103,4510.21,3188,0,0,0.955122,0.977561,23,25*6*2,150*16*2
1104,4370.18,3188,1,0,0.985726,0.992863,23,25*6*2,150*16*2
1105,2902.86,797,0,0,0.950821,0.97541,19,25*3*5,150*4*2
1106,1819.17,398,0,0,0.931963,0.965982,17,25*3*3,75*8*1
1107,3435.4,1594,0,0,0.875764,0.937882,20,25*6*2,150*8*2
1108,3967.11,1594,0,0,0.894429,0.947215,21,25*6*3,150*8*2
1109,3914.97,1594,1,0,0.906342,0.953171,21,25*6*3,150*8*2
1110,2827.38,797,0,0,0.976204,0.988102,19,25*3*5,150*4*2
1111,3907.26,1594,0,0,0.90813,0.954065,21,25*6*3,150*8*2
1112,6775.53,3188,0,0,0.874751,0.937375,25,25*6*5,150*16*2
1113,5443.63,1594,1,0,0.850113,0.925056,24,25*6*5,150*8*2
1114,5467.13,1594,1,0,0.846459,0.923229,24,25*6*5,150*8*2
1115,2498.17,797,0,0,0.944291,0.972146,18,25*6*2,150*4*2
1116,1894.11,398,0,0,0.895091,0.947545,17,25*3*3,75*8*1
1117,290.829,19,0,0,0.955544,0.977772,8,25*1*1,30*1*1
1118,1952.92,398,0,0,0.868136,0.934068,17,25*3*3,75*8*1
1119,96.1519,0,0,0,0,0,0,1*1*1,1*1*1
1120,368.004,19,0,0,0.755155,0.877577,8,25*1*1,30*1*1
1121,440.451,34,1,0,0.910657,0.955329,9,25*2*1,50*1*1
1122,296.632,20,1,0,0.936851,0.968426,8,25*1*1,30*1*1
1123,970.644,199,0,0,0.939685,0.969843,13,25*2*2,75*4*1
1124,1209.3,199,0,0,0.845117,0.922559,14,25*6*1,75*4*1
1125,564.389,50,1,0,0.803701,0.90185,10,25*2*1,75*1*1
1126,2357.33,398,0,0,0.719204,0.859602,17,25*3*3,75*8*1
1127,1510.92,398,0,0,0.891377,0.945689,15,25*6*1,75*8*1
1128,1329.15,199,1,0,0.768912,0.884456,14,25*6*1,75*4*1
1129,203.793,6,0,0,0.951456,0.975728,5,5*1*1,10*1*1
1130,385.012,19,0,0,0.721796,0.860898,8,25*1*1,30*1*1
1131,957.99,199,0,0,0.952098,0.976049,13,25*2*2,75*4*1
1132,0,0,0,0,0,0,0,1*1*1,1*1*1
1133,638.217,99,0,0,0.965189,0.982594,11,25*3*1,75*2*1
1134,0,0,0,0,0,0,0,1*1*1,1*1*1
1135,656.224,100,1,0,0.938704,0.969352,11,25*3*1,75*2*1
1136,222.293,9,0,0,0.919507,0.959754,6,5*1*1,15*1*1
1137,315.798,19,0,0,0.879993,0.939996,8,25*1*1,30*1*1
1138,7.51072,0,0,0,0,0,0,1*1*1,1*1*1
1139,168.618,0,0,0,0,0,0,1*1*1,1*1*1
1140,71.0135,0,0,0,0,0,0,1*1*1,1*1*1
1141,178.865,1,0,0,0.95491,0.977455,2,1*1*1,3*1*1
1142,360.485,19,0,0,0.770906,0.885453,8,25*1*1,30*1*1
1143,34.11,0,0,0,0,0,0,1*1*1,1*1*1
1144,1061.97,200,1,0,0.962362,0.981181,14,25*6*1,75*4*1
1145,629.909,99,1,0,0.977919,0.98896,11,25*3*1,75*2*1
1146,264.813,9,0,0,0.771865,0.885933,6,5*1*1,15*1*1
1147,1557.56,398,0,0,0.864686,0.932343,15,25*6*1,75*8*1
1148,2404.24,797,0,0,0.981183,0.990592,18,25*6*2,150*4*2
1149,2062.99,398,0,0,0.821817,0.910908,17,25*3*3,75*8*1
1150,3109.99,1594,0,0,0.967399,0.983699,20,25*6*2,150*8*2
1151,15910.2,3188,0,0,0.372522,0.686261,25,25*6*5,150*16*2
1152,20172.3,3188,1,0,0.293814,0.646907,25,25*6*5,150*16*2
1153,15983.5,3189,1,0,0.370814,0.685407,25,25*6*5,150*16*2
1154,15664.6,3188,1,0,0.378363,0.689181,25,25*6*5,150*16*2
1155,20214.3,3188,1,0,0.293203,0.646602,25,25*6*5,150*16*2
1156,12884.5,3189,1,0,0.460002,0.730001,25,25*6*5,150*16*2
1157,16423.4,3188,1,0,0.360881,0.680441,25,25*6*5,150*16*2
1158,24982.2,3188,1,0,0.237245,0.618622,25,25*6*5,150*16*2
1159,19674.5,3189,1,0,0.301248,0.650624,25,25*6*5,150*16*2
1160,16063,3188,1,0,0.368978,0.684489,25,25*6*5,150*16*2
1161,16146.7,3188,1,0,0.367066,0.683533,25,25*6*5,150*16*2
1162,16246.1,3189,1,0,0.36482,0.68241,25,25*6*5,150*16*2
1163,19988.8,3188,1,0,0.296511,0.648256,25,25*6*5,150*16*2
1164,10249.2,3188,1,0,0.578279,0.78914,25,25*6*5,150*16*2
1165,20291.2,3189,1,0,0.292092,0.646046,25,25*6*5,150*16*2
1166,25090.2,3188,1,0,0.236224,0.618112,25,25*6*5,150*16*2
1167,15580.9,3188,1,0,0.380395,0.690198,25,25*6*5,150*16*2
1168,12581.9,3189,1,0,0.471066,0.735533,25,25*6*5,150*16*2
1169,15933.2,3188,1,0,0.371984,0.685992,25,25*6*5,150*16*2
1170,25353,3188,1,0,0.233775,0.616888,25,25*6*5,150*16*2
1171,20369.1,3189,1,0,0.290975,0.645488,25,25*6*5,150*16*2
1172,25287.9,3188,1,0,0.234377,0.617188,25,25*6*5,150*16*2
1173,12482.2,3188,1,0,0.474828,0.737414,25,25*6*5,150*16*2
1174,12813.4,3189,1,0,0.462555,0.731277,25,25*6*5,150*16*2
1175,12682.1,3188,1,0,0.467344,0.733672,25,25*6*5,150*16*2
1176,16263.9,3189,1,0,0.364421,0.68221,25,25*6*5,150*16*2
1177,12351.7,3188,1,0,0.479845,0.739922,25,25*6*5,150*16*2
1178,12396.3,3188,1,0,0.478118,0.739059,25,25*6*5,150*16*2
1179,16038.6,3189,1,0,0.36954,0.68477,25,25*6*5,150*16*2
1180,12756.1,3188,1,0,0.464633,0.732316,25,25*6*5,150*16*2
1181,10539.9,3188,1,0,0.56233,0.781165,25,25*6*5,150*16*2
1182,12904.9,3189,1,0,0.459275,0.729638,25,25*6*5,150*16*2
1183,15769.7,3188,1,0,0.375841,0.687921,25,25*6*5,150*16*2
1184,16219.7,3188,1,0,0.365414,0.682707,25,25*6*5,150*16*2
1185,5168.01,1595,1,0,0.895451,0.947726,24,25*6*5,150*8*2
1186,16291.9,3188,1,0,0.363794,0.681897,25,25*6*5,150*16*2
1187,3660.29,1594,0,0,0.969404,0.984702,21,25*6*3,150*8*2
1188,0,0,0,0,0,0,0,1*1*1,1*1*1
1189,446.643,33,0,0,0.898033,0.949016,9,25*2*1,50*1*1
1190,132.942,0,0,0,0,0,0,1*1*1,1*1*1
1191,252.873,9,0,0,0.808311,0.904155,6,5*1*1,15*1*1
1192,139.665,0,0,0,0,0,0,1*1*1,1*1*1
1193,609.431,49,0,0,0.744301,0.87215,10,25*2*1,75*1*1
1194,2219.08,398,0,0,0.76401,0.882005,17,25*3*3,75*8*1
1195,1083.48,199,0,0,0.943257,0.971628,14,25*6*1,75*4*1
1196,10164.8,3188,0,0,0.583081,0.79154,25,25*6*5,150*16*2
1197,1574.6,398,0,0,0.855328,0.927664,15,25*6*1,75*8*1
1198,19668.5,3188,0,0,0.30134,0.65067,25,25*6*5,150*16*2
1199,20107.9,3188,1,0,0.294755,0.647377,25,25*6*5,150*16*2
1200,12873.6,3189,1,0,0.460392,0.730196,25,25*6*5,150*16*2
1201,1749.48,398,0,0,0.969088,0.984544,17,25*3*3,75*8*1
1202,7907.71,3188,0,0,0.749509,0.874755,25,25*6*5,150*16*2
1203,15741.3,3188,1,0,0.376519,0.68826,25,25*6*5,150*16*2
1204,15797.1,3189,1,0,0.375189,0.687595,25,25*6*5,150*16*2
1205,20412.9,3188,1,0,0.290351,0.645175,25,25*6*5,150*16*2
1206,12576.5,3188,1,0,0.471268,0.735634,25,25*6*5,150*16*2
1207,1604.29,398,0,0,0.839499,0.91975,15,25*6*1,75*8*1
1208,0,0,0,0,0,0,0,1*1*1,1*1*1
1209,0,0,0,0,0,0,0,1*1*1,1*1*1
1210,117.469,0,0,0,0,0,0,1*1*1,1*1*1
1211,1984.46,398,0,0,0.854338,0.927169,17,25*3*3,75*8*1
1212,730.274,99,0,0,0.843519,0.92176,11,25*3*1,75*2*1
1213,0,0,0,0,0,0,0,1*1*1,1*1*1
1214,629.57,100,1,0,0.978446,0.989223,11,25*3*1,75*2*1
1215,499.701,50,1,0,0.907743,0.953871,10,25*2*1,75*1*1
1216,293.91,20,1,0,0.945528,0.972764,8,25*1*1,30*1*1
1217,1159.71,199,1,0,0.881255,0.940627,14,25*6*1,75*4*1
1218,1855.64,398,0,0,0.913647,0.956824,17,25*3*3,75*8*1
1219,1319.5,199,0,0,0.774536,0.887268,14,25*6*1,75*4*1
1220,229.153,9,0,0,0.89198,0.94599,6,5*1*1,15*1*1
1221,700.68,99,0,0,0.879146,0.939573,11,25*3*1,75*2*1
1222,821.165,99,0,0,0.912971,0.956486,12,25*2*2,75*2*1
1223,250.186,9,0,0,0.816992,0.908496,6,5*1*1,15*1*1
1224,376.987,19,0,0,0.737161,0.86858,8,25*1*1,30*1*1
1225,53.2052,0,0,0,0,0,0,1*1*1,1*1*1
1226,0,0,0,0,0,0,0,1*1*1,1*1*1
1227,341.432,20,1,0,0.813925,0.906962,8,25*1*1,30*1*1
1228,365.757,20,1,0,0.759794,0.879897,8,25*1*1,30*1*1
1229,390.202,20,1,0,0.712195,0.856098,8,25*1*1,30*1*1
1230,0,0,0,0,0,0,0,1*1*1,1*1*1
1231,0,0,0,0,0,0,0,1*1*1,1*1*1
1232,676.427,100,1,0,0.910667,0.955334,11,25*3*1,75*2*1
1233,211.906,9,0,0,0.964579,0.982289,6,5*1*1,15*1*1
1234,122.434,0,0,0,0,0,0,1*1*1,1*1*1
1235,220.302,10,1,0,0.927817,0.963909,6,5*1*1,15*1*1
1236,409.156,33,0,0,0.980311,0.990155,9,25*2*1,50*1*1
1237,365.359,20,1,0,0.760622,0.880311,8,25*1*1,30*1*1
1238,177.602,1,0,0,0.961701,0.98085,2,1*1*1,3*1*1
1239,169.182,2,1,0,0.997151,0.998575,1,1*1*1,2*1*1
1240,197.452,6,0,0,0.982011,0.991005,5,5*1*1,10*1*1
1241,0,0,0,0,0,0,0,1*1*1,1*1*1
1242,479.775,49,0,0,0.945443,0.972722,10,25*2*1,75*1*1
1243,448.027,34,1,0,0.895259,0.947629,9,25*2*1,50*1*1
1244,330.691,19,1,0,0.840362,0.920181,8,25*1*1,30*1*1
1245,357.704,20,1,0,0.776899,0.88845,8,25*1*1,30*1*1
1246,555.876,50,1,0,0.816009,0.908005,10,25*2*1,75*1*1
1247,547.3,50,1,0,0.828796,0.914398,10,25*2*1,75*1*1
1248,336.133,20,1,0,0.826756,0.913378,8,25*1*1,30*1*1
1249,12.3406,0,0,0,0,0,0,1*1*1,1*1*1
1250,94.4406,0,0,0,0,0,0,1*1*1,1*1*1
1251,461.186,50,1,0,0.983551,0.991776,10,25*2*1,75*1*1
1252,0,0,0,0,0,0,0,1*1*1,1*1*1
1253,225.233,9,0,0,0.907505,0.953752,6,5*1*1,15*1*1
1254,94.3636,0,0,0,0,0,0,1*1*1,1*1*1
1255,343.261,19,0,0,0.809588,0.904794,8,25*1*1,30*1*1
1256,606.955,50,1,0,0.747337,0.873669,10,25*2*1,75*1*1
1257,196.357,6,0,0,0.987487,0.993744,5,5*1*1,10*1*1
1258,393.63,19,0,0,0.705993,0.852996,8,25*1*1,30*1*1
1259,1167.01,200,1,0,0.875742,0.937871,14,25*6*1,75*4*1
1260,2856.76,797,0,0,0.966164,0.983082,19,25*3*5,150*4*2
1261,5307.31,1594,1,0,0.871948,0.935974,24,25*6*5,150*8*2
1262,16083.4,3188,1,0,0.36851,0.684255,25,25*6*5,150*16*2
1263,6452.81,3189,1,0,0.918499,0.95925,25,25*6*5,150*16*2
1264,16334.4,3188,1,0,0.362848,0.681424,25,25*6*5,150*16*2
1265,788.606,99,0,0,0.950665,0.975332,12,25*2*2,75*2*1
1266,10570.4,3188,0,0,0.560707,0.780354,25,25*6*5,150*16*2
1267,7903.32,3188,1,0,0.749925,0.874963,25,25*6*5,150*16*2
1268,1585.11,398,0,0,0.849657,0.924829,15,25*6*1,75*8*1
1269,16082.3,3188,0,0,0.368536,0.684268,25,25*6*5,150*16*2
1270,2484.51,797,0,0,0.949483,0.974741,18,25*6*2,150*4*2
1271,20410.6,3188,0,0,0.290383,0.645192,25,25*6*5,150*16*2
1272,12841.2,3188,1,0,0.461553,0.730777,25,25*6*5,150*16*2
1273,3096.52,1594,0,0,0.971607,0.985803,20,25*6*2,150*8*2
1274,3468.91,1594,1,0,0.867304,0.933652,20,25*6*2,150*8*2
1275,3898.94,1594,0,0,0.910068,0.955034,21,25*6*3,150*8*2
1276,2693.85,797,0,0,0.875698,0.937849,18,25*6*2,150*4*2
1277,3249.73,1594,1,0,0.9258,0.9629,20,25*6*2,150*8*2
1278,1329.07,199,0,0,0.768959,0.884479,14,25*6*1,75*4*1
1279,1230.67,199,1,0,0.830442,0.915221,14,25*6*1,75*4*1
1280,1989.65,398,0,0,0.85211,0.926055,17,25*3*3,75*8*1
1281,2858.78,797,0,0,0.965482,0.982741,19,25*3*5,150*4*2
1282,3875.38,1594,0,0,0.915601,0.9578,21,25*6*3,150*8*2
1283,4334.48,3188,0,0,0.993845,0.996922,23,25*6*2,150*16*2
1284,12595.5,3188,0,0,0.470557,0.735278,25,25*6*5,150*16*2
1285,1221.06,199,0,0,0.836978,0.918489,14,25*6*1,75*4*1
1286,2057.81,398,0,0,0.823886,0.911943,17,25*3*3,75*8*1
1287,2546.61,797,0,0,0.92633,0.963165,18,25*6*2,150*4*2
1288,6811.99,3188,0,0,0.870069,0.935034,25,25*6*5,150*16*2
1289,2946.38,797,1,0,0.936777,0.968388,19,25*3*5,150*4*2
1290,1447.18,398,0,0,0.930638,0.965319,15,25*6*1,75*8*1
1291,334.69,20,1,0,0.830321,0.91516,8,25*1*1,30*1*1
1292,1385.94,399,1,0,0.971759,0.98588,15,25*6*1,75*8*1
1293,795.325,99,0,0,0.942634,0.971317,12,25*2*2,75*2*1
1294,878.578,100,1,0,0.853311,0.926655,12,25*2*2,75*2*1
1295,1488.51,398,0,0,0.904797,0.952399,15,25*6*1,75*8*1
1296,841.806,99,0,0,0.890585,0.945293,12,25*2*2,75*2*1
1297,744.788,99,0,0,0.827081,0.91354,11,25*3*1,75*2*1
1298,2529.38,797,0,0,0.93264,0.96632,18,25*6*2,150*4*2
1299,2437.81,797,1,0,0.967672,0.983836,18,25*6*2,150*4*2
1300,2235.11,398,0,0,0.758531,0.879265,17,25*3*3,75*8*1
1301,2138.39,399,1,0,0.792839,0.89642,17,25*3*3,75*8*1
1302,3218.19,1594,0,0,0.934873,0.967437,20,25*6*2,150*8*2
1303,3108.55,1594,1,0,0.967847,0.983923,20,25*6*2,150*8*2
1304,2690.69,797,1,0,0.876727,0.938363,18,25*6*2,150*4*2
1305,15963,3188,0,0,0.37129,0.685645,25,25*6*5,150*16*2
1306,16317.8,3188,1,0,0.363217,0.681608,25,25*6*5,150*16*2
1307,20157,3189,1,0,0.294037,0.647018,25,25*6*5,150*16*2
1308,5101.56,1594,1,0,0.907115,0.953557,24,25*6*5,150*8*2
1309,4844.47,1594,1,0,0.955254,0.977627,24,25*6*5,150*8*2
1310,16292.9,3188,1,0,0.363772,0.681886,25,25*6*5,150*16*2
1311,6272.56,3189,1,0,0.944893,0.972447,25,25*6*5,150*16*2
1312,6696.27,3188,1,0,0.885105,0.942552,25,25*6*5,150*16*2
1313,6429.27,3188,1,0,0.921862,0.960931,25,25*6*5,150*16*2
1314,16146.6,3189,1,0,0.367068,0.683534,25,25*6*5,150*16*2
1315,16208.6,3188,1,0,0.365664,0.682832,25,25*6*5,150*16*2
1316,10514.6,3189,1,0,0.563683,0.781841,25,25*6*5,150*16*2
1317,7880.82,3188,1,0,0.752066,0.876033,25,25*6*5,150*16*2
1318,15982.9,3188,1,0,0.370828,0.685414,25,25*6*5,150*16*2
1319,8189.28,3189,1,0,0.723739,0.861869,25,25*6*5,150*16*2
1320,12786.9,3188,1,0,0.463513,0.731757,25,25*6*5,150*16*2
1321,8064.45,3188,1,0,0.734942,0.867471,25,25*6*5,150*16*2
1322,8084.63,3189,1,0,0.733107,0.866554,25,25*6*5,150*16*2
1323,7951.48,3188,1,0,0.745383,0.872692,25,25*6*5,150*16*2
1324,8123.31,3188,1,0,0.729616,0.864808,25,25*6*5,150*16*2
1325,7786.76,3189,1,0,0.761151,0.880575,25,25*6*5,150*16*2
1326,10294.7,3188,1,0,0.575723,0.787862,25,25*6*5,150*16*2
1327,6505.01,3188,1,0,0.911128,0.955564,25,25*6*5,150*16*2
1328,8232.59,3189,1,0,0.719931,0.859966,25,25*6*5,150*16*2
1329,6471.99,3188,1,0,0.915777,0.957889,25,25*6*5,150*16*2
1330,5101.35,1594,1,0,0.907152,0.953576,24,25*6*5,150*8*2
1331,1839.91,398,0,0,0.921458,0.960729,17,25*3*3,75*8*1
1332,1647.47,398,0,0,0.817496,0.908748,15,25*6*1,75*8*1
1333,1923.75,398,0,0,0.8813,0.94065,17,25*3*3,75*8*1
1334,2628.16,797,0,0,0.897586,0.948793,18,25*6*2,150*4*2
1335,5339.56,1594,0,0,0.866682,0.933341,24,25*6*5,150*8*2
1336,5355.11,1594,1,0,0.864165,0.932083,24,25*6*5,150*8*2
1337,20476.9,3188,1,0,0.289443,0.644722,25,25*6*5,150*16*2
1338,3169.64,1594,0,0,0.949193,0.974596,20,25*6*2,150*8*2
1339,6038.78,3188,0,0,0.981473,0.990737,25,25*6*5,150*16*2
1340,20322.5,3188,1,0,0.291642,0.645821,25,25*6*5,150*16*2
1341,12668.6,3189,1,0,0.467842,0.733921,25,25*6*5,150*16*2
1342,12924.9,3188,1,0,0.458564,0.729282,25,25*6*5,150*16*2
1343,6479.19,3188,1,0,0.914759,0.95738,25,25*6*5,150*16*2
1344,12349.7,3189,1,0,0.479923,0.739961,25,25*6*5,150*16*2
1345,12571,3188,1,0,0.471474,0.735737,25,25*6*5,150*16*2
1346,8145.81,3188,1,0,0.727601,0.863801,25,25*6*5,150*16*2
1347,2241.64,398,0,0,0.756321,0.878161,17,25*3*3,75*8*1
1348,917.595,199,0,0,0.994012,0.997006,13,25*2*2,75*4*1
1349,514.316,49,0,0,0.881948,0.940974,10,25*2*1,75*1*1
1350,279.225,20,1,0,0.995255,0.997627,8,25*1*1,30*1*1
1351,251.448,9,0,0,0.812892,0.906446,6,5*1*1,15*1*1
1352,490.149,49,0,0,0.925433,0.962716,10,25*2*1,75*1*1
1353,0,0,0,0,0,0,0,1*1*1,1*1*1
1354,477.558,50,1,0,0.949832,0.974916,10,25*2*1,75*1*1
1355,727.753,100,1,0,0.846441,0.923221,11,25*3*1,75*2*1
1356,454.081,50,1,0,0.998941,0.99947,10,25*2*1,75*1*1
1357,269.201,16,1,0,0.99331,0.996655,7,25*1*1,25*1*1
1358,1138.53,200,1,0,0.897649,0.948824,14,25*6*1,75*4*1
1359,1868.01,398,0,0,0.907597,0.953798,17,25*3*3,75*8*1
1360,1878.69,399,1,0,0.902437,0.951219,17,25*3*3,75*8*1
1361,4351.87,3188,0,0,0.989873,0.994937,23,25*6*2,150*16*2
1362,5137.31,1594,0,0,0.900802,0.950401,24,25*6*5,150*8*2
1363,6516.58,3188,1,0,0.909511,0.954755,25,25*6*5,150*16*2
1364,4148.49,1594,0,0,0.985419,0.992709,22,25*6*4,150*8*2
1365,1919.16,398,0,0,0.883407,0.941704,17,25*3*3,75*8*1
1366,2291.86,399,1,0,0.739749,0.869874,17,25*3*3,75*8*1
1367,635.905,99,0,0,0.968698,0.984349,11,25*3*1,75*2*1
1368,1605.99,399,1,0,0.83861,0.919305,15,25*6*1,75*8*1
1369,0,0,0,0,0,0,0,1*1*1,1*1*1
1370,394.356,20,1,0,0.704693,0.852347,8,25*1*1,30*1*1
1371,764.364,99,0,0,0.980815,0.990408,12,25*2*2,75*2*1
1372,97.7432,0,0,0,0,0,0,1*1*1,1*1*1
1373,284.984,19,0,0,0.975142,0.987571,8,25*1*1,30*1*1
1374,405.341,34,1,0,0.989537,0.994769,9,25*2*1,50*1*1
1375,351.245,20,1,0,0.791186,0.895593,8,25*1*1,30*1*1
1376,612.627,49,1,0,0.740418,0.870209,10,25*2*1,75*1*1
1377,465.018,50,1,0,0.975446,0.987723,10,25*2*1,75*1*1
1378,774.529,99,0,0,0.967943,0.983972,12,25*2*2,75*2*1
1379,491.655,49,0,0,0.922598,0.961299,10,25*2*1,75*1*1
1380,331.673,20,1,0,0.837873,0.918937,8,25*1*1,30*1*1
1381,335.808,20,1,0,0.827556,0.913778,8,25*1*1,30*1*1
1382,528.931,50,1,0,0.857579,0.928789,10,25*2*1,75*1*1
1383,1103.69,199,1,0,0.925985,0.962992,14,25*6*1,75*4*1
1384,3039.98,1594,0,0,0.989678,0.994839,20,25*6*2,150*8*2
1385,4830.47,1594,0,0,0.958023,0.979011,24,25*6*5,150*8*2
1386,5047.86,1594,1,0,0.916765,0.958382,24,25*6*5,150*8*2
1387,919.927,199,0,0,0.991492,0.995746,13,25*2*2,75*4*1
1388,16353,3188,0,0,0.362435,0.681218,25,25*6*5,150*16*2
1389,1969.53,398,0,0,0.860815,0.930407,17,25*3*3,75*8*1
1390,19922,3188,0,0,0.297505,0.648753,25,25*6*5,150*16*2
1391,2572.53,797,0,0,0.916996,0.958498,18,25*6*2,150*4*2
1392,2368.15,797,1,0,0.996136,0.998068,18,25*6*2,150*4*2
1393,3029.44,1594,1,0,0.993121,0.99656,20,25*6*2,150*8*2
1394,4245.58,1594,0,0,0.962884,0.981442,22,25*6*4,150*8*2
1395,3524.73,1594,0,0,0.853569,0.926784,20,25*6*2,150*8*2
1396,3717.95,1594,0,0,0.95437,0.977185,21,25*6*3,150*8*2
1397,1866.6,398,1,0,0.908282,0.954141,17,25*3*3,75*8*1
1398,4196.62,1594,0,0,0.974117,0.987059,22,25*6*4,150*8*2
1399,4252.37,1594,1,0,0.961346,0.980673,22,25*6*4,150*8*2
1400,3258.97,1594,0,0,0.923175,0.961588,20,25*6*2,150*8*2
1401,2545.55,797,1,0,0.926715,0.963358,18,25*6*2,150*4*2
1402,5198.27,1594,0,0,0.890238,0.945119,24,25*6*5,150*8*2
1403,4229.66,1594,0,0,0.966508,0.983254,22,25*6*4,150*8*2
1404,3882.95,1594,0,0,0.913816,0.956908,21,25*6*3,150*8*2
1405,2558.77,797,0,0,0.921927,0.960964,18,25*6*2,150*4*2
1406,2098.34,398,0,0,0.807972,0.903986,17,25*3*3,75*8*1
1407,3593.33,1594,1,0,0.987468,0.993734,21,25*6*3,150*8*2
1408,4118.84,1594,0,0,0.992512,0.996256,22,25*6*4,150*8*2
1409,3963.86,1594,0,0,0.895163,0.947581,21,25*6*3,150*8*2
1410,2757.55,797,0,0,0.85547,0.927735,18,25*6*2,150*4*2
1411,4291.01,1594,0,0,0.952689,0.976345,22,25*6*4,150*8*2
1412,6400.3,3188,0,0,0.926035,0.963017,25,25*6*5,150*16*2
1413,5004.05,1594,1,0,0.924791,0.962395,24,25*6*5,150*8*2
1414,5372.82,1594,1,0,0.861317,0.930658,24,25*6*5,150*8*2
1415,2660.59,797,0,0,0.886645,0.943323,18,25*6*2,150*4*2
1416,1851.78,398,0,0,0.915552,0.957776,17,25*3*3,75*8*1
1417,481.371,49,0,0,0.942309,0.971154,10,25*2*1,75*1*1
1418,2237.11,398,0,0,0.757853,0.878926,17,25*3*3,75*8*1
1419,419.941,33,0,0,0.955134,0.977567,9,25*2*1,50*1*1
1420,298.642,20,1,0,0.930546,0.965273,8,25*1*1,30*1*1
1421,148.33,0,0,0,0,0,0,1*1*1,1*1*1
1422,330.182,20,1,0,0.841657,0.920829,8,25*1*1,30*1*1
1423,869.077,99,0,0,0.862639,0.93132,12,25*2*2,75*2*1
1424,1314.08,199,0,0,0.77773,0.888865,14,25*6*1,75*4*1
1425,937.923,199,0,0,0.972468,0.986234,13,25*2*2,75*4*1
1426,2193.99,398,0,0,0.772747,0.886374,17,25*3*3,75*8*1
1427,1137.68,199,0,0,0.898319,0.94916,14,25*6*1,75*4*1
1428,1822.16,398,0,0,0.930434,0.965217,17,25*3*3,75*8*1
1429,195.297,6,0,0,0.992847,0.996423,5,5*1*1,10*1*1
1430,287.654,19,0,0,0.966091,0.983046,8,25*1*1,30*1*1
1431,528.144,50,1,0,0.858857,0.929428,10,25*2*1,75*1*1
1432,0,0,0,0,0,0,0,1*1*1,1*1*1
1433,512.231,50,1,0,0.885538,0.942769,10,25*2*1,75*1*1
1434,0,0,0,0,0,0,0,1*1*1,1*1*1
1435,198.026,6,0,0,0.979164,0.989582,5,5*1*1,10*1*1
1436,367.489,19,0,0,0.756213,0.878107,8,25*1*1,30*1*1
1437,145.351,0,0,0,0,0,0,1*1*1,1*1*1
1438,299.787,20,1,0,0.926991,0.963496,8,25*1*1,30*1*1
1439,141.483,0,0,0,0,0,0,1*1*1,1*1*1
1440,471.944,50,1,0,0.961131,0.980565,10,25*2*1,75*1*1
1441,433.542,33,1,0,0.92517,0.962585,9,25*2*1,50*1*1
1442,34.5325,0,0,0,0,0,0,1*1*1,1*1*1
1443,541.878,50,1,0,0.837089,0.918544,10,25*2*1,75*1*1
1444,1378.08,399,1,0,0.977302,0.988651,15,25*6*1,75*8*1
1445,661.479,99,1,0,0.931246,0.965623,11,25*3*1,75*2*1
1446,70.2251,0,0,0,0,0,0,1*1*1,1*1*1
1447,1372.53,399,1,0,0.981254,0.990627,15,25*6*1,75*8*1
1448,2763.21,797,0,0,0.998874,0.999437,19,25*3*5,150*4*2
1449,1565.86,398,0,0,0.860102,0.930051,15,25*6*1,75*8*1
1450,3412.79,1594,0,0,0.881566,0.940783,20,25*6*2,150*8*2
1451,15778.1,3188,0,0,0.375641,0.68782,25,25*6*5,150*16*2
1452,20407.9,3188,1,0,0.290422,0.645211,25,25*6*5,150*16*2
1453,16097.4,3189,1,0,0.36819,0.684095,25,25*6*5,150*16*2
1454,15842.8,3188,1,0,0.374107,0.687053,25,25*6*5,150*16*2
1455,20135.9,3188,1,0,0.294345,0.647172,25,25*6*5,150*16*2
1456,12913.9,3189,1,0,0.458955,0.729478,25,25*6*5,150*16*2
1457,16002,3188,1,0,0.370385,0.685192,25,25*6*5,150*16*2
1458,25152.1,3188,1,0,0.235642,0.617821,25,25*6*5,150*16*2
1459,20220.9,3189,1,0,0.293108,0.646554,25,25*6*5,150*16*2
1460,16137.7,3188,1,0,0.36727,0.683635,25,25*6*5,150*16*2
1461,16046.1,3188,1,0,0.369367,0.684684,25,25*6*5,150*16*2
1462,15309.3,3189,1,0,0.387144,0.693572,25,25*6*5,150*16*2
1463,20018.8,3188,1,0,0.296067,0.648033,25,25*6*5,150*16*2
1464,10464.9,3188,1,0,0.56636,0.78318,25,25*6*5,150*16*2
1465,20209.7,3189,1,0,0.29327,0.646635,25,25*6*5,150*16*2
1466,25351.4,3188,1,0,0.23379,0.616895,25,25*6*5,150*16*2
1467,16058.4,3188,1,0,0.369084,0.684542,25,25*6*5,150*16*2
1468,12734,3189,1,0,0.465439,0.732719,25,25*6*5,150*16*2
1469,16410.2,3188,1,0,0.361172,0.680586,25,25*6*5,150*16*2
1470,25758.4,3188,1,0,0.230096,0.615048,25,25*6*5,150*16*2
1471,20025.1,3189,1,0,0.295974,0.647987,25,25*6*5,150*16*2
1472,25345.6,3188,1,0,0.233843,0.616922,25,25*6*5,150*16*2
1473,13080.6,3188,1,0,0.453106,0.726553,25,25*6*5,150*16*2
1474,12908.2,3189,1,0,0.459158,0.729579,25,25*6*5,150*16*2
1475,12888.1,3188,1,0,0.459874,0.729937,25,25*6*5,150*16*2
1476,15714.6,3189,1,0,0.377159,0.688579,25,25*6*5,150*16*2
1477,12460.4,3188,1,0,0.475659,0.737829,25,25*6*5,150*16*2
1478,12863.5,3188,1,0,0.460753,0.730377,25,25*6*5,150*16*2
1479,16175.5,3189,1,0,0.366412,0.683206,25,25*6*5,150*16*2
1480,12478.1,3188,1,0,0.474984,0.737492,25,25*6*5,150*16*2
1481,10013,3188,1,0,0.591921,0.79596,25,25*6*5,150*16*2
1482,12825.4,3189,1,0,0.462122,0.731061,25,25*6*5,150*16*2
1483,16405.3,3188,1,0,0.36128,0.68064,25,25*6*5,150*16*2
1484,15700.7,3188,1,0,0.377493,0.688746,25,25*6*5,150*16*2
1485,5212.19,1595,1,0,0.887861,0.94393,24,25*6*5,150*8*2
1486,16065.2,3188,1,0,0.368928,0.684464,25,25*6*5,150*16*2
1487,3982.07,1594,0,0,0.891069,0.945535,21,25*6*3,150*8*2
1488,71.3969,0,0,0,0,0,0,1*1*1,1*1*1
1489,404.066,33,0,0,0.99266,0.99633,9,25*2*1,50*1*1
1490,483.953,50,1,0,0.937281,0.968641,10,25*2*1,75*1*1
1491,484.355,49,1,0,0.936503,0.968252,10,25*2*1,75*1*1
1492,423.791,34,1,0,0.946457,0.973229,9,25*2*1,50*1*1
1493,623.869,99,1,0,0.987387,0.993693,11,25*3*1,75*2*1
1494,2267.57,398,0,0,0.747673,0.873836,17,25*3*3,75*8*1
1495,774.219,99,0,0,0.968331,0.984165,12,25*2*2,75*2*1
1496,10293.6,3188,0,0,0.575785,0.787892,25,25*6*5,150*16*2
1497,1729.51,398,0,0,0.980278,0.990139,17,25*3*3,75*8*1
1498,20213.3,3188,0,0,0.293218,0.646609,25,25*6*5,150*16*2
1499,20175.6,3188,1,0,0.293766,0.646883,25,25*6*5,150*16*2
1500,12976.8,3189,1,0,0.45673,0.728365,25,25*6*5,150*16*2
1501,1531.85,398,0,0,0.879198,0.939599,15,25*6*1,75*8*1
1502,7453.11,3188,0,0,0.795225,0.897613,25,25*6*5,150*16*2
1503,15652,3188,1,0,0.378667,0.689334,25,25*6*5,150*16*2
1504,15838.5,3189,1,0,0.374208,0.687104,25,25*6*5,150*16*2
1505,19061.9,3188,1,0,0.310929,0.655465,25,25*6*5,150*16*2
1506,12755.6,3188,1,0,0.464651,0.732325,25,25*6*5,150*16*2
1507,1574.17,398,0,0,0.855562,0.927781,15,25*6*1,75*8*1
1508,0,0,0,0,0,0,0,1*1*1,1*1*1
1509,101.877,0,0,0,0,0,0,1*1*1,1*1*1
1510,238.555,9,0,0,0.856825,0.928413,6,5*1*1,15*1*1
1511,1738.6,398,0,0,0.975152,0.987576,17,25*3*3,75*8*1
1512,372.136,19,0,0,0.74677,0.873385,8,25*1*1,30*1*1
1513,245.24,9,0,0,0.833469,0.916735,6,5*1*1,15*1*1
1514,683.274,99,0,0,0.901542,0.950771,11,25*3*1,75*2*1
1515,0,0,0,0,0,0,0,1*1*1,1*1*1
1516,0,0,0,0,0,0,0,1*1*1,1*1*1
1517,1613.39,399,1,0,0.834764,0.917382,15,25*6*1,75*8*1
1518,2021.13,398,0,0,0.838838,0.919419,17,25*3*3,75*8*1
1519,1740.61,399,1,0,0.974026,0.987013,17,25*3*3,75*8*1
1520,0,0,0,0,0,0,0,1*1*1,1*1*1
1521,116.768,0,0,0,0,0,0,1*1*1,1*1*1
1522,166.356,0,0,0,0,0,0,1*1*1,1*1*1
1523,0,0,0,0,0,0,0,1*1*1,1*1*1
1524,620.212,99,0,0,0.993209,0.996604,11,25*3*1,75*2*1
1525,177.327,1,0,0,0.963192,0.981596,2,1*1*1,3*1*1
1526,253.856,9,0,0,0.805181,0.90259,6,5*1*1,15*1*1
1527,438.13,33,0,0,0.915482,0.957741,9,25*2*1,50*1*1
1528,0,0,0,0,0,0,0,1*1*1,1*1*1
1529,45.4251,0,0,0,0,0,0,1*1*1,1*1*1
1530,0,0,0,0,0,0,0,1*1*1,1*1*1
1531,0,0,0,0,0,0,0,1*1*1,1*1*1
1532,0,0,0,0,0,0,0,1*1*1,1*1*1
1533,150.62,0,0,0,0,0,0,1*1*1,1*1*1
1534,41.4484,0,0,0,0,0,0,1*1*1,1*1*1
1535,0,0,0,0,0,0,0,1*1*1,1*1*1
1536,0,0,0,0,0,0,0,1*1*1,1*1*1
1537,0,0,0,0,0,0,0,1*1*1,1*1*1
1538,0,0,0,0,0,0,0,1*1*1,1*1*1
1539,262.83,9,0,0,0.777689,0.888845,6,5*1*1,15*1*1
1540,667.122,99,0,0,0.923369,0.961685,11,25*3*1,75*2*1
1541,144.978,0,0,0,0,0,0,1*1*1,1*1*1
1542,265.562,9,0,0,0.769688,0.884844,6,5*1*1,15*1*1
1543,410.506,33,0,0,0.977087,0.988543,9,25*2*1,50*1*1
1544,248.833,9,0,0,0.821434,0.910717,6,5*1*1,15*1*1
1545,681.083,99,0,0,0.904442,0.952221,11,25*3*1,75*2*1
1546,117.126,0,0,0,0,0,0,1*1*1,1*1*1
1547,199.762,6,0,0,0.970655,0.985328,5,5*1*1,10*1*1
1548,119.357,0,0,0,0,0,0,1*1*1,1*1*1
1549,0,0,0,0,0,0,0,1*1*1,1*1*1
1550,0,0,0,0,0,0,0,1*1*1,1*1*1
1551,577.567,49,0,0,0.785363,0.892682,10,25*2*1,75*1*1
1552,0,0,0,0,0,0,0,1*1*1,1*1*1
1553,556.684,50,1,0,0.814825,0.907412,10,25*2*1,75*1*1
1554,0,0,0,0,0,0,0,1*1*1,1*1*1
1555,436.79,33,1,0,0.91829,0.959145,9,25*2*1,50*1*1
1556,0,0,0,0,0,0,0,1*1*1,1*1*1
1557,0,0,0,0,0,0,0,1*1*1,1*1*1
1558,624.484,100,1,0,0.986414,0.993207,11,25*3*1,75*2*1
1559,1050.5,199,1,0,0.97287,0.986435,14,25*6*1,75*4*1
1560,3103.54,1594,0,0,0.969409,0.984705,20,25*6*2,150*8*2
1561,4718.09,1594,0,0,0.980842,0.990421,24,25*6*5,150*8*2
1562,15259.5,3188,1,0,0.388407,0.694204,25,25*6*5,150*16*2
1563,6724.39,3188,1,0,0.881403,0.940702,25,25*6*5,150*16*2
1564,15977.7,3189,1,0,0.370948,0.685474,25,25*6*5,150*16*2
1565,1209,199,0,0,0.845327,0.922663,14,25*6*1,75*4*1
1566,9686.95,3188,0,0,0.611844,0.805922,25,25*6*5,150*16*2
1567,8720.5,3188,1,0,0.679651,0.839826,25,25*6*5,150*16*2
1568,1935.59,398,0,0,0.875909,0.937954,17,25*3*3,75*8*1
1569,15180,3188,0,0,0.390441,0.695221,25,25*6*5,150*16*2
1570,2816.13,797,1,0,0.980104,0.990052,19,25*3*5,150*4*2
1571,20602.6,3188,1,0,0.287677,0.643839,25,25*6*5,150*16*2
1572,12179.6,3189,1,0,0.486625,0.743313,25,25*6*5,150*16*2
1573,3541.96,1594,0,0,0.849417,0.924708,20,25*6*2,150*8*2
1574,3363.31,1594,1,0,0.894535,0.947268,20,25*6*2,150*8*2
1575,3974.24,1594,0,0,0.892825,0.946412,21,25*6*3,150*8*2
1576,2473.81,797,0,0,0.95359,0.976795,18,25*6*2,150*4*2
1577,3353.67,1594,1,0,0.897107,0.948553,20,25*6*2,150*8*2
1578,1980.91,398,0,0,0.855869,0.927935,17,25*3*3,75*8*1
1579,1435.45,398,0,0,0.938242,0.969121,15,25*6*1,75*8*1
1580,1884.18,398,0,0,0.899808,0.949904,17,25*3*3,75*8*1
1581,3087.63,1594,0,0,0.974404,0.987202,20,25*6*2,150*8*2
1582,3378.55,1594,1,0,0.8905,0.94525,20,25*6*2,150*8*2
1583,4301.24,1594,0,0,0.950424,0.975212,22,25*6*4,150*8*2
1584,12049.5,3188,0,0,0.491879,0.74594,25,25*6*5,150*16*2
1585,625.071,99,0,0,0.985488,0.992744,11,25*3*1,75*2*1
1586,2173.02,398,0,0,0.780205,0.890102,17,25*3*3,75*8*1
1587,3307.09,1594,0,0,0.909742,0.954871,20,25*6*2,150*8*2
1588,6469.68,3188,0,0,0.916104,0.958052,25,25*6*5,150*16*2
1589,2152.94,398,0,0,0.787481,0.893741,17,25*3*3,75*8*1
1590,1033.12,199,0,0,0.989236,0.994618,14,25*6*1,75*4*1
1591,546.8,50,1,0,0.829554,0.914777,10,25*2*1,75*1*1
1592,760.848,99,0,0,0.985348,0.992674,12,25*2*2,75*2*1
1593,1150.71,199,0,0,0.888147,0.944074,14,25*6*1,75*4*1
1594,1483.41,398,1,0,0.907908,0.953954,15,25*6*1,75*8*1
1595,1846.34,398,0,0,0.918249,0.959125,17,25*3*3,75*8*1
1596,792.485,99,0,0,0.946012,0.973006,12,25*2*2,75*2*1
1597,43.7316,0,0,0,0,0,0,1*1*1,1*1*1
1598,2518.01,797,1,0,0.936851,0.968425,18,25*6*2,150*4*2
1599,2244.93,398,0,0,0.755213,0.877606,17,25*3*3,75*8*1
1600,2313.23,399,1,0,0.732915,0.866457,17,25*3*3,75*8*1
1601,2978.58,797,0,0,0.92665,0.963325,19,25*3*5,150*4*2
1602,3704.18,1594,0,0,0.957918,0.978959,21,25*6*3,150*8*2
1603,3842.7,1594,1,0,0.923387,0.961694,21,25*6*3,150*8*2
1604,1907.48,399,1,0,0.888817,0.944408,17,25*3*3,75*8*1
1605,16435.6,3188,0,0,0.360614,0.680307,25,25*6*5,150*16*2
1606,16234.8,3188,1,0,0.365074,0.682537,25,25*6*5,150*16*2
1607,19615.5,3189,1,0,0.302154,0.651077,25,25*6*5,150*16*2
1608,4847.39,1594,1,0,0.954679,0.977339,24,25*6*5,150*8*2
1609,4579.71,3188,0,0,0.940627,0.970314,23,25*6*2,150*16*2
1610,15894.4,3188,0,0,0.372892,0.686446,25,25*6*5,150*16*2
1611,6120.98,3188,1,0,0.968293,0.984146,25,25*6*5,150*16*2
1612,6659.26,3189,1,0,0.890024,0.945012,25,25*6*5,150*16*2
1613,6120.95,3188,1,0,0.968297,0.984149,25,25*6*5,150*16*2
1614,15882.8,3188,1,0,0.373165,0.686582,25,25*6*5,150*16*2
1615,16472.4,3189,1,0,0.359808,0.679904,25,25*6*5,150*16*2
1616,10227.3,3188,1,0,0.579518,0.789759,25,25*6*5,150*16*2
1617,8120.05,3188,1,0,0.729909,0.864955,25,25*6*5,150*16*2
1618,16244.8,3189,1,0,0.364849,0.682425,25,25*6*5,150*16*2
1619,7789.32,3188,1,0,0.760901,0.88045,25,25*6*5,150*16*2
1620,12516.3,3188,1,0,0.473535,0.736767,25,25*6*5,150*16*2
1621,7930.32,3189,1,0,0.747372,0.873686,25,25*6*5,150*16*2
1622,8152.17,3188,1,0,0.727033,0.863517,25,25*6*5,150*16*2
1623,7957.25,3188,1,0,0.744843,0.872421,25,25*6*5,150*16*2
1624,7757.67,3189,1,0,0.764005,0.882003,25,25*6*5,150*16*2
1625,8241.72,3188,1,0,0.719134,0.859567,25,25*6*5,150*16*2
1626,9771.85,3188,1,0,0.606528,0.803264,25,25*6*5,150*16*2
1627,7142.14,3189,1,0,0.829849,0.914925,25,25*6*5,150*16*2
1628,7792.92,3188,1,0,0.760549,0.880275,25,25*6*5,150*16*2
1629,5741.6,1594,1,0,0.805995,0.902997,24,25*6*5,150*8*2
1630,4141.92,1594,0,0,0.986982,0.993491,22,25*6*4,150*8*2
1631,2887.05,797,0,0,0.956028,0.978014,19,25*3*5,150*4*2
1632,1582.09,398,0,0,0.851279,0.92564,15,25*6*1,75*8*1
1633,2635.4,797,0,0,0.89512,0.94756,18,25*6*2,150*4*2
1634,2757.91,797,1,0,0.855358,0.927679,18,25*6*2,150*4*2
1635,4802.37,1594,0,0,0.963628,0.981814,24,25*6*5,150*8*2
1636,5347.52,1594,1,0,0.865392,0.932696,24,25*6*5,150*8*2
1637,20385.6,3188,1,0,0.29074,0.64537,25,25*6*5,150*16*2
1638,3083.11,1594,0,0,0.975833,0.987916,20,25*6*2,150*8*2
1639,6336.67,3188,0,0,0.935334,0.967667,25,25*6*5,150*16*2
1640,19514.3,3188,1,0,0.303721,0.65186,25,25*6*5,150*16*2
1641,13003.9,3189,1,0,0.455779,0.727889,25,25*6*5,150*16*2
1642,12352.1,3188,1,0,0.479829,0.739915,25,25*6*5,150*16*2
1643,6289.46,3188,1,0,0.942354,0.971177,25,25*6*5,150*16*2
1644,12510.3,3189,1,0,0.473762,0.736881,25,25*6*5,150*16*2
1645,12352.9,3188,1,0,0.479798,0.739899,25,25*6*5,150*16*2
1646,8239.32,3188,1,0,0.719343,0.859672,25,25*6*5,150*16*2
1647,2231.93,398,0,0,0.759612,0.879806,17,25*3*3,75*8*1
1648,921.417,199,0,0,0.989888,0.994944,13,25*2*2,75*4*1
1649,765.947,99,1,0,0.978788,0.989394,12,25*2*2,75*2*1
1650,720.232,99,0,0,0.85528,0.92764,11,25*3*1,75*2*1
1651,73.5151,0,0,0,0,0,0,1*1*1,1*1*1
1652,958.976,199,0,0,0.951119,0.975559,13,25*2*2,75*4*1
1653,0,0,0,0,0,0,0,1*1*1,1*1*1
1654,0,0,0,0,0,0,0,1*1*1,1*1*1
1655,222.894,9,0,0,0.917028,0.958514,6,5*1*1,15*1*1
1656,631.732,99,0,0,0.975097,0.987549,11,25*3*1,75*2*1
1657,0,0,0,0,0,0,0,1*1*1,1*1*1
1658,1760.12,398,0,0,0.96323,0.981615,17,25*3*3,75*8*1
1659,1175.46,199,0,0,0.869447,0.934723,14,25*6*1,75*4*1
1660,1585.97,398,1,0,0.849196,0.924598,15,25*6*1,75*8*1
1661,3581.65,1594,0,0,0.990689,0.995344,21,25*6*3,150*8*2
1662,6187.04,3188,0,0,0.957954,0.978977,25,25*6*5,150*16*2
1663,7019.61,3188,1,0,0.844335,0.922167,25,25*6*5,150*16*2
1664,4577.22,3188,0,0,0.941139,0.970569,23,25*6*2,150*16*2
1665,1295.19,199,0,0,0.789073,0.894537,14,25*6*1,75*4*1
1666,1409.96,398,1,0,0.955204,0.977602,15,25*6*1,75*8*1
1667,1044.02,200,1,0,0.978908,0.989454,14,25*6*1,75*4*1
1668,1531.39,398,1,0,0.879462,0.939731,15,25*6*1,75*8*1
1669,256.774,9,0,0,0.796031,0.898015,6,5*1*1,15*1*1
1670,482.945,49,0,0,0.939237,0.969619,10,25*2*1,75*1*1
1671,578.295,50,1,0,0.784375,0.892187,10,25*2*1,75*1*1
1672,51.7029,0,0,0,0,0,0,1*1*1,1*1*1
1673,0,0,0,0,0,0,0,1*1*1,1*1*1
1674,0,0,0,0,0,0,0,1*1*1,1*1*1
1675,0,0,0,0,0,0,0,1*1*1,1*1*1
1676,105.832,0,0,0,0,0,0,1*1*1,1*1*1
1677,8.59027,0,0,0,0,0,0,1*1*1,1*1*1
1678,493.265,50,1,0,0.919587,0.959793,10,25*2*1,75*1*1
1679,409.315,33,1,0,0.97993,0.989965,9,25*2*1,50*1*1
1680,330.409,20,1,0,0.841079,0.920539,8,25*1*1,30*1*1
1681,0,0,0,0,0,0,0,1*1*1,1*1*1
1682,766.88,99,0,0,0.977598,0.988799,12,25*2*2,75*2*1
1683,822.826,100,1,0,0.911128,0.955564,12,25*2*2,75*2*1
1684,2671.81,797,1,0,0.882922,0.941461,18,25*6*2,150*4*2
1685,6022.47,3188,0,0,0.984131,0.992066,25,25*6*5,150*16*2
1686,4226.78,1594,0,0,0.967166,0.983583,22,25*6*4,150*8*2
1687,1276.51,199,0,0,0.80062,0.90031,14,25*6*1,75*4*1
1688,15514.2,3188,0,0,0.382031,0.691015,25,25*6*5,150*16*2
1689,2543.19,797,0,0,0.927575,0.963788,18,25*6*2,150*4*2
1690,20169.8,3188,0,0,0.29385,0.646925,25,25*6*5,150*16*2
1691,2165.56,398,0,0,0.782892,0.891446,17,25*3*3,75*8*1
1692,2361.7,797,0,0,0.998857,0.999428,18,25*6*2,150*4*2
1693,3875.52,1594,0,0,0.915567,0.957784,21,25*6*3,150*8*2
1694,3898.64,1594,1,0,0.910138,0.955069,21,25*6*3,150*8*2
1695,3513.31,1594,0,0,0.856343,0.928172,20,25*6*2,150*8*2
1696,2378.39,797,1,0,0.991847,0.995924,18,25*6*2,150*4*2
1697,2055.81,398,0,0,0.824687,0.912344,17,25*3*3,75*8*1
1698,4116.2,1594,0,0,0.993149,0.996575,22,25*6*4,150*8*2
1699,4674.41,1594,0,0,0.990007,0.995004,24,25*6*5,150*8*2
1700,3014.58,1594,0,0,0.998016,0.999008,20,25*6*2,150*8*2
1701,2611.23,797,1,0,0.903406,0.951703,18,25*6*2,150*4*2
1702,4819.27,1594,0,0,0.960249,0.980125,24,25*6*5,150*8*2
1703,4366.1,3188,0,0,0.986647,0.993324,23,25*6*2,150*16*2
1704,4510.11,3188,1,0,0.955143,0.977572,23,25*6*2,150*16*2
1705,3317.31,1594,1,0,0.90694,0.95347,20,25*6*2,150*8*2
1706,1554.08,398,0,0,0.866622,0.933311,15,25*6*1,75*8*1
1707,2393.84,797,0,0,0.985446,0.992723,18,25*6*2,150*4*2
1708,3734.29,1594,0,0,0.950194,0.975097,21,25*6*3,150*8*2
1709,4442.39,3188,0,0,0.969703,0.984852,23,25*6*2,150*16*2
1710,1848.69,398,0,0,0.917082,0.958541,17,25*3*3,75*8*1
1711,3520.24,1594,0,0,0.854658,0.927329,20,25*6*2,150*8*2
1712,6800.41,3188,0,0,0.87155,0.935775,25,25*6*5,150*16*2
1713,5594.8,1594,1,0,0.827143,0.913572,24,25*6*5,150*8*2
1714,5400.78,1594,1,0,0.856858,0.928429,24,25*6*5,150*8*2
1715,2006.34,398,0,0,0.845021,0.922511,17,25*3*3,75*8*1
1716,1131.81,199,0,0,0.902978,0.951489,14,25*6*1,75*4*1
1717,975.545,199,0,0,0.934965,0.967482,13,25*2*2,75*4*1
1718,1747.99,398,0,0,0.969914,0.984957,17,25*3*3,75*8*1
1719,0,0,0,0,0,0,0,1*1*1,1*1*1
1720,0,0,0,0,0,0,0,1*1*1,1*1*1
1721,529.581,49,0,0,0.856526,0.928263,10,25*2*1,75*1*1
1722,1090.02,200,1,0,0.937597,0.968799,14,25*6*1,75*4*1
1723,1046.11,199,1,0,0.976953,0.988476,14,25*6*1,75*4*1
1724,941.979,199,0,0,0.968281,0.98414,13,25*2*2,75*4*1
1725,977.604,199,1,0,0.932995,0.966498,13,25*2*2,75*4*1
1726,2358.43,398,0,0,0.718868,0.859434,17,25*3*3,75*8*1
1727,1051.51,199,0,0,0.971936,0.985968,14,25*6*1,75*4*1
1728,137.689,0,0,0,0,0,0,1*1*1,1*1*1
1729,462.848,50,1,0,0.980019,0.99001,10,25*2*1,75*1*1
1730,533.268,49,1,0,0.850604,0.925302,10,25*2*1,75*1*1
1731,1068.44,200,1,0,0.956535,0.978267,14,25*6*1,75*4*1
1732,153.007,0,0,0,0,0,0,1*1*1,1*1*1
1733,398.196,20,1,0,0.697898,0.848949,8,25*1*1,30*1*1
1734,497.162,49,1,0,0.912379,0.956189,10,25*2*1,75*1*1
1735,958.045,199,0,0,0.952043,0.976021,13,25*2*2,75*4*1
1736,0,0,0,0,0,0,0,1*1*1,1*1*1
1737,0,0,0,0,0,0,0,1*1*1,1*1*1
1738,0,0,0,0,0,0,0,1*1*1,1*1*1
1739,0,0,0,0,0,0,0,1*1*1,1*1*1
1740,334.165,19,0,0,0.831625,0.915813,8,25*1*1,30*1*1
1741,1049.62,200,1,0,0.973686,0.986843,14,25*6*1,75*4*1
1742,318.693,20,1,0,0.871999,0.936,8,25*1*1,30*1*1
1743,768.928,99,0,0,0.974994,0.987497,12,25*2*2,75*2*1
1744,1180.7,199,0,0,0.865588,0.932794,14,25*6*1,75*4*1
1745,1124.7,199,1,0,0.908687,0.954343,14,25*6*1,75*4*1
1746,0,0,0,0,0,0,0,1*1*1,1*1*1
1747,1001.89,199,0,0,0.910379,0.95519,13,25*2*2,75*4*1
1748,2060.01,398,0,0,0.823006,0.911503,17,25*3*3,75*8*1
1749,1685.63,398,0,0,0.98877,0.994385,16,25*2*4,75*8*1
1750,2796.95,797,0,0,0.986825,0.993412,19,25*3*5,150*4*2
1751,15838.1,3188,1,0,0.374218,0.687109,25,25*6*5,150*16*2
1752,20275.8,3188,1,0,0.292314,0.646157,25,25*6*5,150*16*2
1753,15508.9,3189,1,0,0.382161,0.691081,25,25*6*5,150*16*2
1754,16593.7,3188,1,0,0.357178,0.678589,25,25*6*5,150*16*2
1755,19486.7,3188,1,0,0.304151,0.652076,25,25*6*5,150*16*2
1756,12161.4,3189,1,0,0.487353,0.743677,25,25*6*5,150*16*2
1757,15271.9,3188,1,0,0.388092,0.694046,25,25*6*5,150*16*2
1758,25193.5,3188,1,0,0.235255,0.617628,25,25*6*5,150*16*2
1759,19616.1,3189,1,0,0.302145,0.651072,25,25*6*5,150*16*2
1760,15185,3188,1,0,0.390313,0.695156,25,25*6*5,150*16*2
1761,16321.9,3188,1,0,0.363126,0.681563,25,25*6*5,150*16*2
1762,15704.8,3189,1,0,0.377394,0.688697,25,25*6*5,150*16*2
1763,19740.3,3188,1,0,0.300244,0.650122,25,25*6*5,150*16*2
1764,10009.5,3189,1,0,0.592127,0.796064,25,25*6*5,150*16*2
1765,20506.9,3188,1,0,0.28902,0.64451,25,25*6*5,150*16*2
1766,25139.9,3188,1,0,0.235757,0.617878,25,25*6*5,150*16*2
1767,15834.1,3189,1,0,0.374312,0.687156,25,25*6*5,150*16*2
1768,12361.5,3188,1,0,0.479464,0.739732,25,25*6*5,150*16*2
1769,16285.1,3188,1,0,0.363946,0.681973,25,25*6*5,150*16*2
1770,25436.6,3189,1,0,0.233007,0.616503,25,25*6*5,150*16*2
1771,19915.9,3188,1,0,0.297596,0.648798,25,25*6*5,150*16*2
1772,24709.5,3188,1,0,0.239863,0.619932,25,25*6*5,150*16*2
1773,13508.4,3189,1,0,0.438757,0.719378,25,25*6*5,150*16*2
1774,13114.9,3188,1,0,0.451921,0.725961,25,25*6*5,150*16*2
1775,13001.4,3188,1,0,0.455866,0.727933,25,25*6*5,150*16*2
1776,15278.2,3189,1,0,0.387932,0.693966,25,25*6*5,150*16*2
1777,12030.9,3188,1,0,0.49264,0.74632,25,25*6*5,150*16*2
1778,13240.2,3188,1,0,0.447644,0.723822,25,25*6*5,150*16*2
1779,16112.6,3189,1,0,0.367843,0.683921,25,25*6*5,150*16*2
1780,12868.8,3188,1,0,0.460564,0.730282,25,25*6*5,150*16*2
1781,9997.93,3188,1,0,0.592813,0.796406,25,25*6*5,150*16*2
1782,13547.2,3189,1,0,0.4375,0.71875,25,25*6*5,150*16*2
1783,15422.9,3188,1,0,0.384292,0.692146,25,25*6*5,150*16*2
1784,15684.7,3188,1,0,0.377878,0.688939,25,25*6*5,150*16*2
1785,4670.52,1595,1,0,0.990832,0.995416,24,25*6*5,150*8*2
1786,15525.1,3188,1,0,0.381762,0.690881,25,25*6*5,150*16*2
1787,4052.45,1594,0,0,0.875594,0.937797,21,25*6*3,150*8*2
1788,597.703,49,0,0,0.758905,0.879453,10,25*2*1,75*1*1
1789,345.714,20,1,0,0.803844,0.901922,8,25*1*1,30*1*1
1790,140.798,0,0,0,0,0,0,1*1*1,1*1*1
1791,128.156,0,0,0,0,0,0,1*1*1,1*1*1
1792,0,0,0,0,0,0,0,1*1*1,1*1*1
1793,293.243,20,1,0,0.947678,0.973839,8,25*1*1,30*1*1
1794,1587.39,399,1,0,0.848437,0.924218,15,25*6*1,75*8*1
1795,1304.62,199,1,0,0.78337,0.891685,14,25*6*1,75*4*1
1796,9835.32,3188,0,0,0.602614,0.801307,25,25*6*5,150*16*2
1797,1655.42,398,0,0,0.81357,0.906785,15,25*6*1,75*8*1
1798,20195.9,3188,0,0,0.29347,0.646735,25,25*6*5,150*16*2
1799,20402.4,3188,1,0,0.2905,0.64525,25,25*6*5,150*16*2
1800,13189.4,3189,1,0,0.449368,0.724684,25,25*6*5,150*16*2
