1,1585,2432,0,0,0.771325,0.885662,22,25*3*5,150*8*1
2,7943,12934,0,0,0.780152,0.890076,35,25*6*11,150*16*4
3,15849,12935,1,0,0.390987,0.695493,35,25*6*11,150*16*4
4,15849,12934,1,0,0.390987,0.695493,35,25*6*11,150*16*4
5,19953,12935,1,0,0.310567,0.655284,35,25*6*11,150*16*4
6,12589,12934,1,0,0.492235,0.746118,35,25*6*11,150*16*4
7,1585,2432,0,0,0.771325,0.885662,22,25*3*5,150*8*1
8,40,0,0,0,0,0,0,1*1*1,1*1*1
9,79,0,0,0,0,0,0,1*1*1,1*1*1
10,20,0,0,0,0,0,0,1*1*1,1*1*1
11,1585,2432,1,0,0.771325,0.885662,22,25*3*5,150*8*1
12,316,314,0,0,0.891614,0.945807,14,25*3*1,50*2*1
13,20,0,0,0,0,0,0,1*1*1,1*1*1
14,200,132,1,0,0.79975,0.899875,9,25*1*1,50*1*1
15,126,31,0,0,0.811111,0.905556,6,5*1*1,15*1*1
16,50,0,0,0,0,0,0,1*1*1,1*1*1
17,1000,1728,0,0,0.92645,0.963225,20,25*3*3,150*8*1
18,1585,2432,1,0,0.771325,0.885662,22,25*3*5,150*8*1
19,1000,1729,1,0,0.92645,0.963225,20,25*3*3,150*8*1
20,200,131,0,0,0.79975,0.899875,9,25*1*1,50*1*1
21,16,0,0,0,0,0,0,1*1*1,1*1*1
22,316,315,1,0,0.891614,0.945807,14,25*3*1,50*2*1
23,50,0,0,0,0,0,0,1*1*1,1*1*1
24,200,132,1,0,0.79975,0.899875,9,25*1*1,50*1*1
25,50,0,0,0,0,0,0,1*1*1,1*1*1
26,32,0,0,0,0,0,0,1*1*1,1*1*1
27,63,0,0,0,0,0,0,1*1*1,1*1*1
28,50,0,0,0,0,0,0,1*1*1,1*1*1
29,40,0,0,0,0,0,0,1*1*1,1*1*1
30,40,0,0,0,0,0,0,1*1*1,1*1*1
31,40,0,0,0,0,0,0,1*1*1,1*1*1
32,50,0,0,0,0,0,0,1*1*1,1*1*1
33,50,0,0,0,0,0,0,1*1*1,1*1*1
34,50,0,0,0,0,0,0,1*1*1,1*1*1
35,40,0,0,0,0,0,0,1*1*1,1*1*1
36,63,0,0,0,0,0,0,1*1*1,1*1*1
37,50,0,0,0,0,0,0,1*1*1,1*1*1
38,40,0,0,0,0,0,0,1*1*1,1*1*1
39,50,0,0,0,0,0,0,1*1*1,1*1*1
40,40,0,0,0,0,0,0,1*1*1,1*1*1
41,63,0,0,0,0,0,0,1*1*1,1*1*1
42,50,0,0,0,0,0,0,1*1*1,1*1*1
43,50,0,0,0,0,0,0,1*1*1,1*1*1
44,63,0,0,0,0,0,0,1*1*1,1*1*1
45,79,0,0,0,0,0,0,1*1*1,1*1*1
46,100,19,0,0,0.9275,0.96375,4,5*1*1,6*1*1
47,100,20,1,0,0.9275,0.96375,4,5*1*1,6*1*1
48,79,0,0,0,0,0,0,1*1*1,1*1*1
49,126,32,1,0,0.811111,0.905556,6,5*1*1,15*1*1
50,79,0,0,0,0,0,0,1*1*1,1*1*1
51,79,0,0,0,0,0,0,1*1*1,1*1*1
52,79,0,0,0,0,0,0,1*1*1,1*1*1
53,40,0,0,0,0,0,0,1*1*1,1*1*1
54,40,0,0,0,0,0,0,1*1*1,1*1*1
55,63,0,0,0,0,0,0,1*1*1,1*1*1
56,79,0,0,0,0,0,0,1*1*1,1*1*1
57,158,98,0,0,0.87943,0.939715,8,25*1*1,30*1*1
58,316,314,0,0,0.891614,0.945807,14,25*3*1,50*2*1
59,1000,1728,0,0,0.92645,0.963225,20,25*3*3,150*8*1
60,3162,5584,0,0,0.884298,0.942149,28,25*6*5,150*8*3
61,5012,9491,0,0,0.913827,0.956913,32,25*6*8,150*16*3
62,15849,12934,0,0,0.390987,0.695493,35,25*6*11,150*16*4
63,6310,11150,0,0,0.811379,0.905689,34,25*6*10,150*16*3
64,15849,12934,0,0,0.390987,0.695493,35,25*6*11,150*16*4
65,794,1055,0,0,0.742758,0.871379,19,25*6*1,150*4*1
66,10000,12934,0,0,0.619675,0.809837,35,25*6*11,150*16*4
67,7943,12935,1,0,0.780152,0.890076,35,25*6*11,150*16*4
68,1585,2432,0,0,0.771325,0.885662,22,25*3*5,150*8*1
69,15849,12934,0,0,0.390987,0.695493,35,25*6*11,150*16*4
70,2512,4217,0,0,0.750995,0.875498,25,25*6*4,150*16*1
71,19953,12934,0,0,0.310567,0.655284,35,25*6*11,150*16*4
72,12589,12935,1,0,0.492235,0.746118,35,25*6*11,150*16*4
73,3162,5584,0,0,0.884298,0.942149,28,25*6*5,150*8*3
74,3162,5585,1,0,0.884298,0.942149,28,25*6*5,150*8*3
75,3981,7698,0,0,0.879967,0.939984,30,25*6*7,150*16*2
76,2512,4217,0,0,0.750995,0.875498,25,25*6*4,150*16*1
77,3162,5584,0,0,0.884298,0.942149,28,25*6*5,150*8*3
78,1259,2110,0,0,0.811755,0.905878,21,25*6*2,150*8*1
79,1000,1728,0,0,0.92645,0.963225,20,25*3*3,150*8*1
80,1585,2432,1,0,0.771325,0.885662,22,25*3*5,150*8*1
81,2512,4218,1,0,0.750995,0.875498,25,25*6*4,150*16*1
82,3162,5584,0,0,0.884298,0.942149,28,25*6*5,150*8*3
83,3981,7698,0,0,0.879967,0.939984,30,25*6*7,150*16*2
84,12589,12934,0,0,0.492235,0.746118,35,25*6*11,150*16*4
85,1000,1728,0,0,0.92645,0.963225,20,25*3*3,150*8*1
86,1995,3854,1,0,0.924035,0.962018,24,25*3*7,150*16*1
87,2512,4217,0,0,0.750995,0.875498,25,25*6*4,150*16*1
88,6310,11150,0,0,0.811379,0.905689,34,25*6*10,150*16*3
89,2512,4217,0,0,0.750995,0.875498,25,25*6*4,150*16*1
90,1000,1729,1,0,0.92645,0.963225,20,25*3*3,150*8*1
91,316,314,0,0,0.891614,0.945807,14,25*3*1,50*2*1
92,1000,1728,0,0,0.92645,0.963225,20,25*3*3,150*8*1
93,398,394,0,0,0.773869,0.886935,15,25*3*1,75*2*1
94,1000,1728,0,0,0.92645,0.963225,20,25*3*3,150*8*1
95,1259,2110,1,0,0.811755,0.905878,21,25*6*2,150*8*1
96,631,789,1,0,0.805943,0.902971,18,25*6*1,150*2*1
97,501,633,1,0,0.905389,0.952695,17,25*2*2,150*2*1
98,2512,4217,0,0,0.750995,0.875498,25,25*6*4,150*16*1
99,1995,3854,1,0,0.924035,0.962018,24,25*3*7,150*16*1
100,1995,3854,1,0,0.924035,0.962018,24,25*3*7,150*16*1
101,1995,3854,1,0,0.924035,0.962018,24,25*3*7,150*16*1
102,3162,5584,0,0,0.884298,0.942149,28,25*6*5,150*8*3
103,3162,5585,1,0,0.884298,0.942149,28,25*6*5,150*8*3
104,2512,4217,0,0,0.750995,0.875498,25,25*6*4,150*16*1
105,15849,12934,0,0,0.390987,0.695493,35,25*6*11,150*16*4
106,15849,12935,1,0,0.390987,0.695493,35,25*6*11,150*16*4
107,19953,12934,1,0,0.310567,0.655284,35,25*6*11,150*16*4
108,5012,9491,0,0,0.913827,0.956913,32,25*6*8,150*16*3
109,5012,9491,1,0,0.913827,0.956913,32,25*6*8,150*16*3
110,15849,12934,0,0,0.390987,0.695493,35,25*6*11,150*16*4
111,6310,11150,0,0,0.811379,0.905689,34,25*6*10,150*16*3
112,6310,11151,1,0,0.811379,0.905689,34,25*6*10,150*16*3
113,6310,11151,1,0,0.811379,0.905689,34,25*6*10,150*16*3
114,15849,12934,0,0,0.390987,0.695493,35,25*6*11,150*16*4
115,15849,12935,1,0,0.390987,0.695493,35,25*6*11,150*16*4
116,10000,12934,1,0,0.619675,0.809837,35,25*6*11,150*16*4
117,7943,12935,1,0,0.780152,0.890076,35,25*6*11,150*16*4
118,15849,12934,1,0,0.390987,0.695493,35,25*6*11,150*16*4
119,7943,12935,1,0,0.780152,0.890076,35,25*6*11,150*16*4
120,12589,12935,1,0,0.492235,0.746118,35,25*6*11,150*16*4
121,7943,12934,1,0,0.780152,0.890076,35,25*6*11,150*16*4
122,7943,12935,1,0,0.780152,0.890076,35,25*6*11,150*16*4
123,7943,12934,1,0,0.780152,0.890076,35,25*6*11,150*16*4
124,7943,12935,1,0,0.780152,0.890076,35,25*6*11,150*16*4
125,7943,12934,1,0,0.780152,0.890076,35,25*6*11,150*16*4
126,10000,12935,1,0,0.619675,0.809837,35,25*6*11,150*16*4
127,6310,11150,0,0,0.811379,0.905689,34,25*6*10,150*16*3
128,7943,12934,0,0,0.780152,0.890076,35,25*6*11,150*16*4
129,6310,11150,0,0,0.811379,0.905689,34,25*6*10,150*16*3
130,5012,9491,0,0,0.913827,0.956913,32,25*6*8,150*16*3
131,1995,3853,0,0,0.924035,0.962018,24,25*3*7,150*16*1
132,1585,2432,0,0,0.771325,0.885662,22,25*3*5,150*8*1
133,1995,3853,0,0,0.924035,0.962018,24,25*3*7,150*16*1
134,2512,4217,0,0,0.750995,0.875498,25,25*6*4,150*16*1
135,5012,9491,0,0,0.913827,0.956913,32,25*6*8,150*16*3
136,5012,9491,1,0,0.913827,0.956913,32,25*6*8,150*16*3
137,19953,12934,0,0,0.310567,0.655284,35,25*6*11,150*16*4
138,3162,5584,0,0,0.884298,0.942149,28,25*6*5,150*8*3
139,6310,11150,0,0,0.811379,0.905689,34,25*6*10,150*16*3
140,19953,12934,0,0,0.310567,0.655284,35,25*6*11,150*16*4
141,12589,12935,1,0,0.492235,0.746118,35,25*6*11,150*16*4
142,12589,12934,1,0,0.492235,0.746118,35,25*6*11,150*16*4
143,6310,11150,0,0,0.811379,0.905689,34,25*6*10,150*16*3
144,12589,12934,0,0,0.492235,0.746118,35,25*6*11,150*16*4
145,12589,12935,1,0,0.492235,0.746118,35,25*6*11,150*16*4
146,7943,12934,1,0,0.780152,0.890076,35,25*6*11,150*16*4
147,1995,3853,0,0,0.924035,0.962018,24,25*3*7,150*16*1
148,501,632,0,0,0.905389,0.952695,17,25*2*2,150*2*1
149,251,225,0,0,0.903586,0.951793,12,25*2*1,75*1*1
150,13,0,0,0,0,0,0,1*1*1,1*1*1
151,126,31,0,0,0.811111,0.905556,6,5*1*1,15*1*1
152,126,32,1,0,0.811111,0.905556,6,5*1*1,15*1*1
153,158,98,0,0,0.87943,0.939715,8,25*1*1,30*1*1
154,251,225,0,0,0.903586,0.951793,12,25*2*1,75*1*1
155,398,395,1,0,0.773869,0.886935,15,25*3*1,75*2*1
156,200,132,1,0,0.79975,0.899875,9,25*1*1,50*1*1
157,251,225,1,0,0.903586,0.951793,12,25*2*1,75*1*1
158,1000,1728,0,0,0.92645,0.963225,20,25*3*3,150*8*1
159,1585,2432,1,0,0.771325,0.885662,22,25*3*5,150*8*1
160,1995,3854,1,0,0.924035,0.962018,24,25*3*7,150*16*1
161,3981,7699,1,0,0.879967,0.939984,30,25*6*7,150*16*2
162,5012,9491,0,0,0.913827,0.956913,32,25*6*8,150*16*3
163,6310,11150,0,0,0.811379,0.905689,34,25*6*10,150*16*3
164,3981,7698,0,0,0.879967,0.939984,30,25*6*7,150*16*2
165,1585,2432,0,0,0.771325,0.885662,22,25*3*5,150*8*1
166,1995,3853,0,0,0.924035,0.962018,24,25*3*7,150*16*1
167,631,788,0,0,0.805943,0.902971,18,25*6*1,150*2*1
168,1585,2433,1,0,0.771325,0.885662,22,25*3*5,150*8*1
169,100,19,0,0,0.9275,0.96375,4,5*1*1,6*1*1
170,63,0,0,0,0,0,0,1*1*1,1*1*1
171,794,1055,0,0,0.742758,0.871379,19,25*6*1,150*4*1
172,32,0,0,0,0,0,0,1*1*1,1*1*1
173,32,0,0,0,0,0,0,1*1*1,1*1*1
174,200,132,1,0,0.79975,0.899875,9,25*1*1,50*1*1
175,40,0,0,0,0,0,0,1*1*1,1*1*1
176,158,99,1,0,0.87943,0.939715,8,25*1*1,30*1*1
177,158,99,1,0,0.87943,0.939715,8,25*1*1,30*1*1
178,316,315,1,0,0.891614,0.945807,14,25*3*1,50*2*1
179,316,315,1,0,0.891614,0.945807,14,25*3*1,50*2*1
180,251,225,0,0,0.903586,0.951793,12,25*2*1,75*1*1
181,100,19,0,0,0.9275,0.96375,4,5*1*1,6*1*1
182,251,225,0,0,0.903586,0.951793,12,25*2*1,75*1*1
183,794,1055,1,0,0.742758,0.871379,19,25*6*1,150*4*1
184,3162,5584,0,0,0.884298,0.942149,28,25*6*5,150*8*3
185,5012,9491,0,0,0.913827,0.956913,32,25*6*8,150*16*3
186,5012,9491,1,0,0.913827,0.956913,32,25*6*8,150*16*3
187,1259,2110,0,0,0.811755,0.905878,21,25*6*2,150*8*1
188,15849,12934,0,0,0.390987,0.695493,35,25*6*11,150*16*4
189,1995,3853,0,0,0.924035,0.962018,24,25*3*7,150*16*1
190,19953,12934,0,0,0.310567,0.655284,35,25*6*11,150*16*4
191,2512,4217,0,0,0.750995,0.875498,25,25*6*4,150*16*1
192,2512,4218,1,0,0.750995,0.875498,25,25*6*4,150*16*1
193,3162,5584,0,0,0.884298,0.942149,28,25*6*5,150*8*3
194,3981,7698,0,0,0.879967,0.939984,30,25*6*7,150*16*2
195,3162,5584,0,0,0.884298,0.942149,28,25*6*5,150*8*3
196,3162,5585,1,0,0.884298,0.942149,28,25*6*5,150*8*3
197,1995,3853,0,0,0.924035,0.962018,24,25*3*7,150*16*1
198,3981,7699,1,0,0.879967,0.939984,30,25*6*7,150*16*2
199,3981,7699,1,0,0.879967,0.939984,30,25*6*7,150*16*2
200,3162,5584,0,0,0.884298,0.942149,28,25*6*5,150*8*3
201,2512,4217,0,0,0.750995,0.875498,25,25*6*4,150*16*1
202,5012,9491,0,0,0.913827,0.956913,32,25*6*8,150*16*3
203,3981,7698,0,0,0.879967,0.939984,30,25*6*7,150*16*2
204,3981,7699,1,0,0.879967,0.939984,30,25*6*7,150*16*2
205,2512,4217,0,0,0.750995,0.875498,25,25*6*4,150*16*1
206,1995,3854,1,0,0.924035,0.962018,24,25*3*7,150*16*1
207,3162,5584,0,0,0.884298,0.942149,28,25*6*5,150*8*3
208,3981,7698,0,0,0.879967,0.939984,30,25*6*7,150*16*2
209,3981,7699,1,0,0.879967,0.939984,30,25*6*7,150*16*2
210,2512,4217,0,0,0.750995,0.875498,25,25*6*4,150*16*1
211,3981,7698,0,0,0.879967,0.939984,30,25*6*7,150*16*2
212,6310,11150,0,0,0.811379,0.905689,34,25*6*10,150*16*3
213,5012,9491,0,0,0.913827,0.956913,32,25*6*8,150*16*3
214,5012,9491,1,0,0.913827,0.956913,32,25*6*8,150*16*3
215,2512,4217,0,0,0.750995,0.875498,25,25*6*4,150*16*1
216,1585,2432,1,0,0.771325,0.885662,22,25*3*5,150*8*1
217,316,314,0,0,0.891614,0.945807,14,25*3*1,50*2*1
218,1995,3853,0,0,0.924035,0.962018,24,25*3*7,150*16*1
219,158,98,0,0,0.87943,0.939715,8,25*1*1,30*1*1
220,50,0,0,0,0,0,0,1*1*1,1*1*1
221,40,0,0,0,0,0,0,1*1*1,1*1*1
222,158,98,1,0,0.87943,0.939715,8,25*1*1,30*1*1
223,631,788,0,0,0.805943,0.902971,18,25*6*1,150*2*1
224,1259,2111,1,0,0.811755,0.905878,21,25*6*2,150*8*1
225,631,788,0,0,0.805943,0.902971,18,25*6*1,150*2*1
226,1995,3854,1,0,0.924035,0.962018,24,25*3*7,150*16*1
227,1259,2110,0,0,0.811755,0.905878,21,25*6*2,150*8*1
228,1000,1728,0,0,0.92645,0.963225,20,25*3*3,150*8*1
229,200,131,0,0,0.79975,0.899875,9,25*1*1,50*1*1
230,398,394,0,0,0.773869,0.886935,15,25*3*1,75*2*1
231,794,1055,0,0,0.742758,0.871379,19,25*6*1,150*4*1
232,126,31,0,0,0.811111,0.905556,6,5*1*1,15*1*1
233,501,632,0,0,0.905389,0.952695,17,25*2*2,150*2*1
234,63,0,0,0,0,0,0,1*1*1,1*1*1
235,316,314,0,0,0.891614,0.945807,14,25*3*1,50*2*1
236,32,0,0,0,0,0,0,1*1*1,1*1*1
237,25,0,0,0,0,0,0,1*1*1,1*1*1
238,32,0,0,0,0,0,0,1*1*1,1*1*1
239,40,0,0,0,0,0,0,1*1*1,1*1*1
240,50,0,0,0,0,0,0,1*1*1,1*1*1
241,40,0,0,0,0,0,0,1*1*1,1*1*1
242,79,0,0,0,0,0,0,1*1*1,1*1*1
243,100,19,0,0,0.9275,0.96375,4,5*1*1,6*1*1
244,1000,1728,0,0,0.92645,0.963225,20,25*3*3,150*8*1
245,501,633,1,0,0.905389,0.952695,17,25*2*2,150*2*1
246,158,98,0,0,0.87943,0.939715,8,25*1*1,30*1*1
247,1000,1728,0,0,0.92645,0.963225,20,25*3*3,150*8*1
248,2512,4218,1,0,0.750995,0.875498,25,25*6*4,150*16*1
249,1585,2432,0,0,0.771325,0.885662,22,25*3*5,150*8*1
250,3162,5584,1,0,0.884298,0.942149,28,25*6*5,150*8*3
251,15849,12934,0,0,0.390987,0.695493,35,25*6*11,150*16*4
252,19953,12935,1,0,0.310567,0.655284,35,25*6*11,150*16*4
253,15849,12934,1,0,0.390987,0.695493,35,25*6*11,150*16*4
254,15849,12935,1,0,0.390987,0.695493,35,25*6*11,150*16*4
255,19953,12934,1,0,0.310567,0.655284,35,25*6*11,150*16*4
256,12589,12935,1,0,0.492235,0.746118,35,25*6*11,150*16*4
257,15849,12935,1,0,0.390987,0.695493,35,25*6*11,150*16*4
258,25119,12934,1,0,0.246696,0.623348,35,25*6*11,150*16*4
259,19953,12935,1,0,0.310567,0.655284,35,25*6*11,150*16*4
260,15849,12934,1,0,0.390987,0.695493,35,25*6*11,150*16*4
261,15849,12935,1,0,0.390987,0.695493,35,25*6*11,150*16*4
262,15849,12934,1,0,0.390987,0.695493,35,25*6*11,150*16*4
263,19953,12935,1,0,0.310567,0.655284,35,25*6*11,150*16*4
264,10000,12935,1,0,0.619675,0.809837,35,25*6*11,150*16*4
265,19953,12934,1,0,0.310567,0.655284,35,25*6*11,150*16*4
266,25119,12935,1,0,0.246696,0.623348,35,25*6*11,150*16*4
267,15849,12934,1,0,0.390987,0.695493,35,25*6*11,150*16*4
268,12589,12935,1,0,0.492235,0.746118,35,25*6*11,150*16*4
269,15849,12935,1,0,0.390987,0.695493,35,25*6*11,150*16*4
270,25119,12934,1,0,0.246696,0.623348,35,25*6*11,150*16*4
271,19953,12935,1,0,0.310567,0.655284,35,25*6*11,150*16*4
272,25119,12934,1,0,0.246696,0.623348,35,25*6*11,150*16*4
273,12589,12935,1,0,0.492235,0.746118,35,25*6*11,150*16*4
274,12589,12934,1,0,0.492235,0.746118,35,25*6*11,150*16*4
275,12589,12935,1,0,0.492235,0.746118,35,25*6*11,150*16*4
276,15849,12934,1,0,0.390987,0.695493,35,25*6*11,150*16*4
277,12589,12935,1,0,0.492235,0.746118,35,25*6*11,150*16*4
278,12589,12934,1,0,0.492235,0.746118,35,25*6*11,150*16*4
279,15849,12935,1,0,0.390987,0.695493,35,25*6*11,150*16*4
280,12589,12935,1,0,0.492235,0.746118,35,25*6*11,150*16*4
281,10000,12934,1,0,0.619675,0.809837,35,25*6*11,150*16*4
282,12589,12935,1,0,0.492235,0.746118,35,25*6*11,150*16*4
283,15849,12934,1,0,0.390987,0.695493,35,25*6*11,150*16*4
284,15849,12935,1,0,0.390987,0.695493,35,25*6*11,150*16*4
285,5012,9491,0,0,0.913827,0.956913,32,25*6*8,150*16*3
286,15849,12934,0,0,0.390987,0.695493,35,25*6*11,150*16*4
287,3981,7698,0,0,0.879967,0.939984,30,25*6*7,150*16*2
288,100,19,0,0,0.9275,0.96375,4,5*1*1,6*1*1
289,100,20,1,0,0.9275,0.96375,4,5*1*1,6*1*1
290,251,225,0,0,0.903586,0.951793,12,25*2*1,75*1*1
291,251,225,1,0,0.903586,0.951793,12,25*2*1,75*1*1
292,200,131,0,0,0.79975,0.899875,9,25*1*1,50*1*1
293,316,315,1,0,0.891614,0.945807,14,25*3*1,50*2*1
294,1995,3853,0,0,0.924035,0.962018,24,25*3*7,150*16*1
295,794,1055,0,0,0.742758,0.871379,19,25*6*1,150*4*1
296,10000,12934,0,0,0.619675,0.809837,35,25*6*11,150*16*4
297,1585,2432,0,0,0.771325,0.885662,22,25*3*5,150*8*1
298,19953,12934,0,0,0.310567,0.655284,35,25*6*11,150*16*4
299,19953,12935,1,0,0.310567,0.655284,35,25*6*11,150*16*4
300,12589,12934,1,0,0.492235,0.746118,35,25*6*11,150*16*4
301,2044.85,3853,0,0,0.901509,0.950754,24,25*3*7,150*16*1
302,7447.83,12934,0,0,0.832021,0.91601,35,25*6*11,150*16*4
303,16229.5,12935,1,0,0.38182,0.69091,35,25*6*11,150*16*4
304,16031,12934,1,0,0.386548,0.693274,35,25*6*11,150*16*4
305,19606.3,12935,1,0,0.316059,0.65803,35,25*6*11,150*16*4
306,11840.3,12934,1,0,0.523361,0.76168,35,25*6*11,150*16*4
307,1585.21,2432,0,0,0.771223,0.885611,22,25*3*5,150*8*1
308,812.947,1055,0,0,0.725447,0.862724,19,25*6*1,150*4*1
309,406.541,395,1,0,0.757611,0.878806,15,25*3*1,75*2*1
310,0,0,0,0,0,0,0,1*1*1,1*1*1
311,1090.61,1728,0,0,0.849479,0.924739,20,25*3*3,150*8*1
312,0,0,0,0,0,0,0,1*1*1,1*1*1
313,23.8508,0,0,0,0,0,0,1*1*1,1*1*1
314,0,0,0,0,0,0,0,1*1*1,1*1*1
315,100.082,19,0,0,0.92674,0.96337,4,5*1*1,6*1*1
316,0,0,0,0,0,0,0,1*1*1,1*1*1
317,963.866,1728,0,0,0.961181,0.980591,20,25*3*3,150*8*1
318,972.651,1729,1,0,0.9525,0.97625,20,25*3*3,150*8*1
319,1043.4,1729,1,0,0.887915,0.943957,20,25*3*3,150*8*1
320,110.425,26,0,0,0.877971,0.938986,5,5*1*1,10*1*1
321,108.095,27,1,0,0.896896,0.948448,5,5*1*1,10*1*1
322,653.238,1055,0,0,0.90281,0.951405,19,25*6*1,150*4*1
323,0,0,0,0,0,0,0,1*1*1,1*1*1
324,735.417,1056,1,0,0.801926,0.900963,19,25*6*1,150*4*1
325,0,0,0,0,0,0,0,1*1*1,1*1*1
326,463.023,526,0,0,0.928248,0.964124,16,25*2*2,50*4*1
327,184.966,98,0,0,0.751219,0.87561,8,25*1*1,30*1*1
328,0,0,0,0,0,0,0,1*1*1,1*1*1
329,0,0,0,0,0,0,0,1*1*1,1*1*1
330,188.049,131,0,0,0.850576,0.925288,9,25*1*1,50*1*1
331,347.586,394,0,0,0.886112,0.943056,15,25*3*1,75*2*1
332,0,0,0,0,0,0,0,1*1*1,1*1*1
333,232.819,196,0,0,0.945584,0.972792,11,25*2*1,30*2*1
334,0,0,0,0,0,0,0,1*1*1,1*1*1
335,0,0,0,0,0,0,0,1*1*1,1*1*1
336,373.985,394,0,0,0.823562,0.911781,15,25*3*1,75*2*1
337,0,0,0,0,0,0,0,1*1*1,1*1*1
338,0,0,0,0,0,0,0,1*1*1,1*1*1
339,0,0,0,0,0,0,0,1*1*1,1*1*1
340,246.768,225,1,0,0.919082,0.959541,12,25*2*1,75*1*1
341,70.5241,0,0,0,0,0,0,1*1*1,1*1*1
342,104.083,26,0,0,0.931468,0.965734,5,5*1*1,10*1*1
343,65.7229,0,0,0,0,0,0,1*1*1,1*1*1
344,0,0,0,0,0,0,0,1*1*1,1*1*1
345,24.8078,0,0,0,0,0,0,1*1*1,1*1*1
346,38.2118,0,0,0,0,0,0,1*1*1,1*1*1
347,0,0,0,0,0,0,0,1*1*1,1*1*1
348,0,0,0,0,0,0,0,1*1*1,1*1*1
349,0,0,0,0,0,0,0,1*1*1,1*1*1
350,1233.26,2110,0,0,0.828698,0.914349,21,25*6*2,150*8*1
351,1162.73,2110,1,0,0.878966,0.939483,21,25*6*2,150*8*1
352,175.803,98,0,0,0.790373,0.895187,8,25*1*1,30*1*1
353,0,0,0,0,0,0,0,1*1*1,1*1*1
354,0,0,0,0,0,0,0,1*1*1,1*1*1
355,745.338,1055,0,0,0.791252,0.895626,19,25*6*1,150*4*1
356,0,0,0,0,0,0,0,1*1*1,1*1*1
357,0,0,0,0,0,0,0,1*1*1,1*1*1
358,733.242,1056,1,0,0.804305,0.902152,19,25*6*1,150*4*1
359,813.3,1055,1,0,0.725132,0.862566,19,25*6*1,150*4*1
360,2942.07,5584,0,0,0.950402,0.975201,28,25*6*5,150*8*3
361,5289.4,10346,0,0,0.916919,0.958459,33,25*6*9,150*16*3
362,15882.5,12934,0,0,0.390162,0.695081,35,25*6*11,150*16*4
363,6489.78,12935,1,0,0.954847,0.977424,35,25*6*11,150*16*4
364,15244.4,12934,1,0,0.406494,0.703247,35,25*6*11,150*16*4
365,520.352,632,0,0,0.871718,0.935859,17,25*2*2,150*2*1
366,9757.18,12934,0,0,0.635096,0.817548,35,25*6*11,150*16*4
367,7782.69,12935,1,0,0.796222,0.898111,35,25*6*11,150*16*4
368,2152.78,3853,0,0,0.856311,0.928156,24,25*3*7,150*16*1
369,15285.5,12934,0,0,0.405401,0.7027,35,25*6*11,150*16*4
370,2298.73,4217,0,0,0.820671,0.910335,25,25*6*4,150*16*1
371,19898.9,12934,0,0,0.311412,0.655706,35,25*6*11,150*16*4
372,13455.6,12935,1,0,0.460533,0.730267,35,25*6*11,150*16*4
373,3773.72,6033,0,0,0.785286,0.892643,29,25*6*5,150*16*2
374,3567.45,6034,1,0,0.830691,0.915346,29,25*6*5,150*16*2
375,3569.43,6034,1,0,0.830231,0.915115,29,25*6*5,150*16*2
376,2094.36,3853,0,0,0.880197,0.940099,24,25*3*7,150*16*1
377,3244.73,6033,0,0,0.913312,0.956656,29,25*6*5,150*16*2
378,970.046,1728,0,0,0.955058,0.977529,20,25*3*3,150*8*1
379,606.424,789,1,0,0.838605,0.919302,18,25*6*1,150*2*1
380,1644.75,3020,1,0,0.940781,0.970391,23,25*3*5,150*16*1
381,3080.19,5585,1,0,0.907785,0.953892,28,25*6*5,150*8*3
382,2843.89,4861,1,0,0.75824,0.87912,27,25*6*5,150*16*1
383,3857.48,6034,1,0,0.768235,0.884117,29,25*6*5,150*16*2
384,14006.3,12934,0,0,0.442426,0.721213,35,25*6*11,150*16*4
385,763.655,1055,0,0,0.772273,0.886136,19,25*6*1,150*4*1
386,2161.55,3853,0,0,0.852837,0.926419,24,25*3*7,150*16*1
387,1655.09,3019,0,0,0.934904,0.967452,23,25*3*5,150*16*1
388,5958.59,11150,0,0,0.85923,0.929615,34,25*6*10,150*16*3
389,2606.48,4217,0,0,0.723773,0.861887,25,25*6*4,150*16*1
390,848.815,1056,1,0,0.694792,0.847396,19,25*6*1,150*4*1
391,0,0,0,0,0,0,0,1*1*1,1*1*1
392,657.127,1055,1,0,0.897467,0.948734,19,25*6*1,150*4*1
393,617.724,789,1,0,0.823264,0.911632,18,25*6*1,150*2*1
394,1445.57,2111,1,0,0.706988,0.853494,21,25*6*2,150*8*1
395,1794.68,3572,0,0,1.02717,1.01359,24,25*3*7,150*16*1
396,579.103,788,0,0,0.878168,0.939084,18,25*6*1,150*2*1
397,331.65,394,0,0,0.92869,0.964345,15,25*3*1,75*2*1
398,2779.05,4860,0,0,0.775931,0.887965,27,25*6*5,150*16*1
399,2819.65,4861,1,0,0.764758,0.882379,27,25*6*5,150*16*1
400,1231.87,2110,0,0,0.829633,0.914816,21,25*6*2,150*8*1
401,1126.27,1728,0,0,0.822583,0.911291,20,25*3*3,150*8*1
402,3151.52,5584,0,0,0.887239,0.943619,28,25*6*5,150*8*3
403,3593.87,6034,1,0,0.824585,0.912292,29,25*6*5,150*16*2
404,3199.29,5585,1,0,0.873991,0.936995,28,25*6*5,150*8*3
405,16034.8,12934,0,0,0.386456,0.693228,35,25*6*11,150*16*4
406,15651.2,12935,1,0,0.395928,0.697964,35,25*6*11,150*16*4
407,20882.6,12934,1,0,0.296742,0.648371,35,25*6*11,150*16*4
408,4874.17,9491,0,0,0.939668,0.969834,32,25*6*8,150*16*3
409,4816.72,8425,1,0,0.783313,0.891657,31,25*6*8,150*16*2
410,15871.8,12934,0,0,0.390425,0.695213,35,25*6*11,150*16*4
411,6490.76,12935,1,0,0.954703,0.977352,35,25*6*11,150*16*4
412,6071.56,11150,0,0,0.843243,0.921621,34,25*6*10,150*16*3
413,6969.86,12934,0,0,0.889078,0.944539,35,25*6*11,150*16*4
414,14799.6,12935,1,0,0.418711,0.709355,35,25*6*11,150*16*4
415,15587.7,12934,1,0,0.397541,0.698771,35,25*6*11,150*16*4
416,11302.9,12935,1,0,0.548244,0.774122,35,25*6*11,150*16*4
417,8356.07,12934,1,0,0.741587,0.870793,35,25*6*11,150*16*4
418,14989.2,12935,1,0,0.413414,0.706707,35,25*6*11,150*16*4
419,7215.16,12935,1,0,0.858851,0.929426,35,25*6*11,150*16*4
420,12681.5,12934,1,0,0.488645,0.744322,35,25*6*11,150*16*4
421,7904.85,12935,1,0,0.783917,0.891959,35,25*6*11,150*16*4
422,8218.82,12934,1,0,0.753971,0.876985,35,25*6*11,150*16*4
423,6785.64,12935,1,0,0.913215,0.956608,35,25*6*11,150*16*4
424,8958.65,12934,1,0,0.691706,0.845853,35,25*6*11,150*16*4
425,8079.77,12935,1,0,0.766946,0.883473,35,25*6*11,150*16*4
426,10357.1,12935,1,0,0.598309,0.799155,35,25*6*11,150*16*4
427,7140.9,12934,1,0,0.867783,0.933891,35,25*6*11,150*16*4
428,8168.07,12935,1,0,0.758655,0.879328,35,25*6*11,150*16*4
429,5820.2,11150,0,0,0.87966,0.93983,34,25*6*10,150*16*3
430,6095.89,11151,1,0,0.839877,0.919939,34,25*6*10,150*16*3
431,2588.72,4217,0,0,0.728739,0.864369,25,25*6*4,150*16*1
432,719.874,1056,1,0,0.819241,0.90962,19,25*6*1,150*4*1
433,2220.3,3853,0,0,0.830271,0.915135,24,25*3*7,150*16*1
434,2488.53,4217,0,0,0.758078,0.879039,25,25*6*4,150*16*1
435,5105.92,9491,0,0,0.897018,0.948509,32,25*6*8,150*16*3
436,5092.5,9491,1,0,0.899381,0.949691,32,25*6*8,150*16*3
437,19461.8,12934,0,0,0.318406,0.659203,35,25*6*11,150*16*4
438,3547.38,6033,0,0,0.835391,0.917696,29,25*6*5,150*16*2
439,5710.76,11150,0,0,0.896518,0.948259,34,25*6*10,150*16*3
440,19978.5,12934,0,0,0.310171,0.655085,35,25*6*11,150*16*4
441,12516,12935,1,0,0.495106,0.747553,35,25*6*11,150*16*4
442,13833.3,12934,1,0,0.447959,0.723979,35,25*6*11,150*16*4
443,6493.1,12935,1,0,0.954359,0.97718,35,25*6*11,150*16*4
444,12746.5,12934,1,0,0.486153,0.743077,35,25*6*11,150*16*4
445,12118,12935,1,0,0.511367,0.755684,35,25*6*11,150*16*4
446,7530.64,12935,1,0,0.822872,0.911436,35,25*6*11,150*16*4
447,1941.34,3853,0,0,0.949576,0.974788,24,25*3*7,150*16*1
448,1030.02,1728,0,0,0.899449,0.949724,20,25*3*3,150*8*1
449,0,0,0,0,0,0,0,1*1*1,1*1*1
450,0,0,0,0,0,0,0,1*1*1,1*1*1
451,0,0,0,0,0,0,0,1*1*1,1*1*1
452,819.263,1056,1,0,0.719854,0.859927,19,25*6*1,150*4*1
453,111.896,26,0,0,0.86643,0.933215,5,5*1*1,10*1*1
454,879.064,1666,0,0,1.05391,1.02695,20,25*3*3,150*8*1
455,863.991,1638,1,0,1.07229,1.03615,20,25*3*3,150*8*1
456,403.186,394,0,0,0.763915,0.881958,15,25*3*1,75*2*1
457,0,0,0,0,0,0,0,1*1*1,1*1*1
458,717.659,1055,0,0,0.821769,0.910885,19,25*6*1,150*4*1
459,1193.27,2110,0,0,0.85647,0.928235,21,25*6*2,150*8*1
460,2375.02,4217,0,0,0.794309,0.897155,25,25*6*4,150*16*1
461,4532.79,8424,0,0,0.832379,0.91619,31,25*6*8,150*16*2
462,5264.37,10346,0,0,0.921278,0.960639,33,25*6*9,150*16*3
463,7623.02,12934,0,0,0.8129,0.90645,35,25*6*11,150*16*4
464,4279.81,7698,0,0,0.818529,0.909265,30,25*6*7,150*16*2
465,1883.51,3750,1,0,0.978731,0.989366,24,25*3*7,150*16*1
466,1952.12,3853,1,0,0.944332,0.972166,24,25*3*7,150*16*1
467,237.952,196,0,0,0.925187,0.962593,11,25*2*1,30*2*1
468,2153.32,3853,0,0,0.856097,0.928048,24,25*3*7,150*16*1
469,0,0,0,0,0,0,0,1*1*1,1*1*1
470,753,1055,0,0,0.783201,0.8916,19,25*6*1,150*4*1
471,1403.91,2110,0,0,0.727967,0.863983,21,25*6*2,150*8*1
472,372.158,394,0,0,0.827605,0.913803,15,25*3*1,75*2*1
473,0,0,0,0,0,0,0,1*1*1,1*1*1
474,0,0,0,0,0,0,0,1*1*1,1*1*1
475,993.313,1728,0,0,0.932687,0.966343,20,25*3*3,150*8*1
476,0,0,0,0,0,0,0,1*1*1,1*1*1
477,261.629,225,0,0,0.866876,0.933438,12,25*2*1,75*1*1
478,0,0,0,0,0,0,0,1*1*1,1*1*1
479,113.347,31,0,0,0.901656,0.950828,6,5*1*1,15*1*1
480,0,0,0,0,0,0,0,1*1*1,1*1*1
481,0,0,0,0,0,0,0,1*1*1,1*1*1
482,0,0,0,0,0,0,0,1*1*1,1*1*1
483,141.167,87,0,0,0.947105,0.973553,7,25*1*1,25*1*1
484,3623.2,6033,0,0,0.81791,0.908955,29,25*6*5,150*16*2
485,5046.18,9491,0,0,0.907637,0.953819,32,25*6*8,150*16*3
486,4281.59,7698,0,0,0.818189,0.909095,30,25*6*7,150*16*2
487,2147.37,3854,1,0,0.858469,0.929234,24,25*3*7,150*16*1
488,16772.1,12934,0,0,0.369468,0.684734,35,25*6*11,150*16*4
489,1965.63,3853,0,0,0.937842,0.968921,24,25*3*7,150*16*1
490,20052.9,12934,0,0,0.30902,0.65451,35,25*6*11,150*16*4
491,2192.39,3853,0,0,0.84084,0.92042,24,25*3*7,150*16*1
492,2152.36,3854,1,0,0.856478,0.928239,24,25*3*7,150*16*1
493,3857.02,6033,0,0,0.768326,0.884163,29,25*6*5,150*16*2
494,3786.31,6034,1,0,0.782675,0.891337,29,25*6*5,150*16*2
495,3080.01,5585,1,0,0.907838,0.953919,28,25*6*5,150*8*3
496,2977.2,5585,1,0,0.939188,0.969594,28,25*6*5,150*8*3
497,1479.29,2110,0,0,0.690872,0.845436,21,25*6*2,150*8*1
498,3155,5584,0,0,0.88626,0.94313,28,25*6*5,150*8*3
499,3516.86,6034,1,0,0.842641,0.92132,29,25*6*5,150*16*2
500,3120.8,5585,1,0,0.895972,0.947986,28,25*6*5,150*8*3
501,2223.46,3853,0,0,0.829091,0.914545,24,25*3*7,150*16*1
502,5856.81,11150,0,0,0.874162,0.937081,34,25*6*10,150*16*3
503,4095.87,7698,0,0,0.855288,0.927644,30,25*6*7,150*16*2
504,3793.35,6033,0,0,0.781222,0.890611,29,25*6*5,150*16*2
505,2562.19,4217,0,0,0.736284,0.868142,25,25*6*4,150*16*1
506,1155.36,2110,1,0,0.884573,0.942286,21,25*6*2,150*8*1
507,3328.22,6033,0,0,0.890401,0.9452,29,25*6*5,150*16*2
508,3543.28,6034,1,0,0.836358,0.918179,29,25*6*5,150*16*2
509,3289.89,6034,1,0,0.900775,0.950387,29,25*6*5,150*16*2
510,1890.51,3763,0,0,0.975107,0.987554,24,25*3*7,150*16*1
511,3972.31,7699,1,0,0.881892,0.940946,30,25*6*7,150*16*2
512,7247.81,12934,0,0,0.854982,0.927491,35,25*6*11,150*16*4
513,4096.66,7698,0,0,0.855123,0.927562,30,25*6*7,150*16*2
514,5081.82,9491,0,0,0.901272,0.950636,32,25*6*8,150*16*3
515,2647.21,4217,0,0,0.712637,0.856319,25,25*6*4,150*16*1
516,1557.41,2432,1,0,0.784989,0.892495,22,25*3*5,150*8*1
517,1009.16,1729,1,0,0.918041,0.95902,20,25*3*3,150*8*1
518,2412.77,4217,0,0,0.781881,0.890941,25,25*6*4,150*16*1
519,93.3607,17,0,0,0.982212,0.991106,3,5*1*1,5*1*1
520,0,0,0,0,0,0,0,1*1*1,1*1*1
521,507.135,632,0,0,0.894436,0.947218,17,25*2*2,150*2*1
522,802.016,1055,0,0,0.735334,0.867667,19,25*6*1,150*4*1
523,275.591,263,1,0,0.875029,0.937514,13,25*2*1,50*2*1
524,545.093,632,0,0,0.832152,0.916076,17,25*2*2,150*2*1
525,485.447,633,1,0,0.934397,0.967198,17,25*2*2,150*2*1
526,2505.42,4217,0,0,0.752968,0.876484,25,25*6*4,150*16*1
527,1150.4,2110,1,0,0.888387,0.944193,21,25*6*2,150*8*1
528,1817.18,3618,1,0,1.01446,1.00723,24,25*3*7,150*16*1
529,623.922,788,0,0,0.815086,0.907543,18,25*6*1,150*2*1
530,745.277,1056,1,0,0.791317,0.895658,19,25*6*1,150*4*1
531,1031.43,1728,0,0,0.898219,0.949109,20,25*3*3,150*8*1
532,0,0,0,0,0,0,0,1*1*1,1*1*1
533,0,0,0,0,0,0,0,1*1*1,1*1*1
534,845.54,1056,1,0,0.697483,0.848742,19,25*6*1,150*4*1
535,0,0,0,0,0,0,0,1*1*1,1*1*1
536,0,0,0,0,0,0,0,1*1*1,1*1*1
537,523.027,632,0,0,0.867259,0.93363,17,25*2*2,150*2*1
538,0,0,0,0,0,0,0,1*1*1,1*1*1
539,0,0,0,0,0,0,0,1*1*1,1*1*1
540,730.22,1055,0,0,0.807633,0.903817,19,25*6*1,150*4*1
541,98.8366,19,0,0,0.938418,0.969209,4,5*1*1,6*1*1
542,454.655,526,0,0,0.945332,0.972666,16,25*2*2,50*4*1
543,0,0,0,0,0,0,0,1*1*1,1*1*1
544,992.296,1728,0,0,0.933643,0.966821,20,25*3*3,150*8*1
545,561.466,789,1,0,0.905754,0.952877,18,25*6*1,150*2*1
546,147.639,98,0,0,0.941147,0.970573,8,25*1*1,30*1*1
547,721.382,1055,0,0,0.817528,0.908764,19,25*6*1,150*4*1
548,2910.05,5584,0,0,0.96086,0.98043,28,25*6*5,150*8*3
549,2008.95,3853,0,0,0.917619,0.958809,24,25*3*7,150*16*1
550,3186.21,5584,0,0,0.877579,0.938789,28,25*6*5,150*8*3
551,14902.6,12934,0,0,0.415817,0.707908,35,25*6*11,150*16*4
552,18531.8,12935,1,0,0.334385,0.667192,35,25*6*11,150*16*4
553,15678,12934,1,0,0.395251,0.697626,35,25*6*11,150*16*4
554,15312.7,12935,1,0,0.40468,0.70234,35,25*6*11,150*16*4
555,19826,12934,1,0,0.312557,0.656278,35,25*6*11,150*16*4
556,12500.8,12935,1,0,0.495708,0.747854,35,25*6*11,150*16*4
557,16337.7,12935,1,0,0.379291,0.689646,35,25*6*11,150*16*4
558,25080.4,12934,1,0,0.247075,0.623538,35,25*6*11,150*16*4
559,19966.7,12935,1,0,0.310354,0.655177,35,25*6*11,150*16*4
560,16662.1,12934,1,0,0.371907,0.685953,35,25*6*11,150*16*4
561,15663.7,12935,1,0,0.395612,0.697806,35,25*6*11,150*16*4
562,15278.8,12934,1,0,0.405578,0.702789,35,25*6*11,150*16*4
563,20124.2,12935,1,0,0.307925,0.653963,35,25*6*11,150*16*4
564,9717.11,12935,1,0,0.637715,0.818858,35,25*6*11,150*16*4
565,20155.7,12934,1,0,0.307444,0.653722,35,25*6*11,150*16*4
566,25827.8,12935,1,0,0.239926,0.619963,35,25*6*11,150*16*4
567,15207.9,12934,1,0,0.407469,0.703735,35,25*6*11,150*16*4
568,12499.1,12935,1,0,0.495776,0.747888,35,25*6*11,150*16*4
569,16245.6,12935,1,0,0.381442,0.690721,35,25*6*11,150*16*4
570,25467.4,12934,1,0,0.243321,0.62166,35,25*6*11,150*16*4
571,20024.9,12935,1,0,0.309452,0.654726,35,25*6*11,150*16*4
572,24906.2,12934,1,0,0.248804,0.624402,35,25*6*11,150*16*4
573,11491.1,12935,1,0,0.539265,0.769633,35,25*6*11,150*16*4
574,12659.2,12934,1,0,0.489506,0.744753,35,25*6*11,150*16*4
575,11882.2,12935,1,0,0.521515,0.760758,35,25*6*11,150*16*4
576,16406.9,12934,1,0,0.377692,0.688846,35,25*6*11,150*16*4
577,12472.9,12935,1,0,0.496817,0.748409,35,25*6*11,150*16*4
578,12402.6,12934,1,0,0.499633,0.749817,35,25*6*11,150*16*4
579,15424,12935,1,0,0.40176,0.70088,35,25*6*11,150*16*4
580,12475.8,12935,1,0,0.496702,0.748351,35,25*6*11,150*16*4
581,10703.1,12934,1,0,0.578968,0.789484,35,25*6*11,150*16*4
582,12637.8,12935,1,0,0.490335,0.745167,35,25*6*11,150*16*4
583,14624.2,12934,1,0,0.423733,0.711866,35,25*6*11,150*16*4
584,15685.5,12935,1,0,0.395062,0.697531,35,25*6*11,150*16*4
585,5974.52,11150,0,0,0.856939,0.92847,34,25*6*10,150*16*3
586,15542.2,12934,0,0,0.398705,0.699352,35,25*6*11,150*16*4
587,3401.88,6033,0,0,0.871121,0.935561,29,25*6*5,150*16*2
588,980.995,1728,0,0,0.944398,0.972199,20,25*3*3,150*8*1
589,1065.25,1729,1,0,0.869702,0.934851,20,25*3*3,150*8*1
590,0,0,0,0,0,0,0,1*1*1,1*1*1
591,188.671,131,0,0,0.847772,0.923886,9,25*1*1,50*1*1
592,1512.09,2432,0,0,0.808517,0.904258,22,25*3*5,150*8*1
593,362.42,394,0,0,0.849843,0.924921,15,25*3*1,75*2*1
594,2963.62,5584,0,0,0.943491,0.971746,28,25*6*5,150*8*3
595,654.439,1055,0,0,0.901154,0.950577,19,25*6*1,150*4*1
596,9451.85,12934,0,0,0.655612,0.827806,35,25*6*11,150*16*4
597,1692,3019,0,0,0.914509,0.957255,23,25*3*5,150*16*1
598,19757.8,12934,0,0,0.313636,0.656818,35,25*6*11,150*16*4
599,20075.5,12935,1,0,0.308672,0.654336,35,25*6*11,150*16*4
600,13675.4,12934,1,0,0.453131,0.726566,35,25*6*11,150*16*4
601,1730.13,3443,0,0,1.0655,1.03275,24,25*3*7,150*16*1
602,7966.08,12934,0,0,0.777892,0.888946,35,25*6*11,150*16*4
603,15825.7,12935,1,0,0.391562,0.695781,35,25*6*11,150*16*4
604,15897.7,12934,1,0,0.389789,0.694895,35,25*6*11,150*16*4
605,19911.7,12935,1,0,0.311211,0.655606,35,25*6*11,150*16*4
606,12652.9,12934,1,0,0.489749,0.744875,35,25*6*11,150*16*4
607,1601.94,2432,0,0,0.763168,0.881584,22,25*3*5,150*8*1
608,94.5331,19,0,0,0.981138,0.990569,4,5*1*1,6*1*1
609,0,0,0,0,0,0,0,1*1*1,1*1*1
610,0,0,0,0,0,0,0,1*1*1,1*1*1
611,1455.12,2110,0,0,0.702348,0.851174,21,25*6*2,150*8*1
612,284.364,263,0,0,0.848033,0.924016,13,25*2*1,50*2*1
613,0.402026,0,0,0,0,0,0,1*1*1,1*1*1
614,182.042,98,1,0,0.763285,0.881643,8,25*1*1,30*1*1
615,0,0,0,0,0,0,0,1*1*1,1*1*1
616,0,0,0,0,0,0,0,1*1*1,1*1*1
617,964.654,1728,0,0,0.960396,0.980198,20,25*3*3,150*8*1
618,1602.58,2432,1,0,0.762864,0.881432,22,25*3*5,150*8*1
619,1240.22,2110,1,0,0.824047,0.912024,21,25*6*2,150*8*1
620,197.512,131,0,0,0.809824,0.904912,9,25*1*1,50*1*1
621,150.032,98,0,0,0.926136,0.963068,8,25*1*1,30*1*1
622,358.37,394,0,0,0.859447,0.929723,15,25*3*1,75*2*1
623,0,0,0,0,0,0,0,1*1*1,1*1*1
624,244.596,225,1,0,0.927243,0.963622,12,25*2*1,75*1*1
625,0,0,0,0,0,0,0,1*1*1,1*1*1
626,0,0,0,0,0,0,0,1*1*1,1*1*1
627,0,0,0,0,0,0,0,1*1*1,1*1*1
628,168.898,98,0,0,0.822686,0.911343,8,25*1*1,30*1*1
629,76.5802,0,0,0,0,0,0,1*1*1,1*1*1
630,0,0,0,0,0,0,0,1*1*1,1*1*1
631,148.98,98,1,0,0.932676,0.966338,8,25*1*1,30*1*1
632,108.68,26,0,0,0.892068,0.946034,5,5*1*1,10*1*1
633,19.0098,0,0,0,0,0,0,1*1*1,1*1*1
634,43.5193,0,0,0,0,0,0,1*1*1,1*1*1
635,0,0,0,0,0,0,0,1*1*1,1*1*1
636,73.7673,0,0,0,0,0,0,1*1*1,1*1*1
637,116.811,32,1,0,0.874918,0.937459,6,5*1*1,15*1*1
638,199.403,131,0,0,0.802144,0.901072,9,25*1*1,50*1*1
639,176.24,98,0,0,0.788414,0.894207,8,25*1*1,30*1*1
640,60.9284,0,0,0,0,0,0,1*1*1,1*1*1
641,169.895,98,1,0,0.817858,0.908929,8,25*1*1,30*1*1
642,29.8969,0,0,0,0,0,0,1*1*1,1*1*1
643,93.2587,17,0,0,0.983286,0.991643,3,5*1*1,5*1*1
644,118.256,31,0,0,0.864227,0.932113,6,5*1*1,15*1*1
645,1.29984,0,0,0,0,0,0,1*1*1,1*1*1
646,113.373,32,1,0,0.901449,0.950725,6,5*1*1,15*1*1
647,208.895,131,0,0,0.765696,0.882848,9,25*1*1,50*1*1
648,0,0,0,0,0,0,0,1*1*1,1*1*1
649,226.01,196,0,0,0.974072,0.987036,11,25*2*1,30*2*1
650,235.647,197,1,0,0.934236,0.967118,11,25*2*1,30*2*1
651,79.5698,0,0,0,0,0,0,1*1*1,1*1*1
652,249.776,225,0,0,0.908014,0.954007,12,25*2*1,75*1*1
653,60.4658,0,0,0,0,0,0,1*1*1,1*1*1
654,28.3402,0,0,0,0,0,0,1*1*1,1*1*1
655,173.473,99,1,0,0.800989,0.900495,8,25*1*1,30*1*1
656,158.42,99,1,0,0.877099,0.938549,8,25*1*1,30*1*1
657,0,0,0,0,0,0,0,1*1*1,1*1*1
658,330.18,395,1,0,0.932825,0.966412,15,25*3*1,75*2*1
659,1141.57,2110,0,0,0.895258,0.947629,21,25*6*2,150*8*1
660,2981.89,5584,0,0,0.937711,0.968855,28,25*6*5,150*8*3
661,4985.45,9491,0,0,0.918693,0.959347,32,25*6*8,150*16*3
662,15888.1,12934,0,0,0.390025,0.695012,35,25*6*11,150*16*4
663,6252.5,11150,0,0,0.81884,0.90942,34,25*6*10,150*16*3
664,15789.3,12934,0,0,0.392465,0.696233,35,25*6*11,150*16*4
665,862.421,1634,0,0,1.07424,1.03712,20,25*3*3,150*8*1
666,9816.08,12934,0,0,0.631286,0.815643,35,25*6*11,150*16*4
667,7903.1,12935,1,0,0.784091,0.892046,35,25*6*11,150*16*4
668,1482.76,2110,0,0,0.689255,0.844628,21,25*6*2,150*8*1
669,15823.3,12934,0,0,0.391622,0.695811,35,25*6*11,150*16*4
670,2424.04,4217,0,0,0.778246,0.889123,25,25*6*4,150*16*1
671,20082.1,12934,0,0,0.308571,0.654285,35,25*6*11,150*16*4
672,12638.2,12935,1,0,0.490319,0.74516,35,25*6*11,150*16*4
673,3195.19,5584,0,0,0.875112,0.937556,28,25*6*5,150*8*3
674,3290.58,6034,1,0,0.900586,0.950293,29,25*6*5,150*16*2
675,3997.32,7698,0,0,0.876375,0.938187,30,25*6*7,150*16*2
676,2387.39,4217,0,0,0.790193,0.895097,25,25*6*4,150*16*1
677,3368.22,6033,0,0,0.879827,0.939913,29,25*6*5,150*16*2
678,1200.01,2110,0,0,0.85166,0.92583,21,25*6*2,150*8*1
679,1046.65,1728,0,0,0.885157,0.942579,20,25*3*3,150*8*1
680,1486.37,2110,1,0,0.687581,0.843791,21,25*6*2,150*8*1
681,2434.63,4218,1,0,0.774861,0.887431,25,25*6*4,150*16*1
682,3314.32,6033,0,0,0.894135,0.947068,29,25*6*5,150*16*2
683,3937.85,7698,0,0,0.88961,0.944805,30,25*6*7,150*16*2
684,12419.9,12934,0,0,0.498937,0.749469,35,25*6*11,150*16*4
685,1176.33,2110,0,0,0.868804,0.934402,21,25*6*2,150*8*1
686,1919.2,3820,0,0,0.96053,0.980265,24,25*3*7,150*16*1
687,2573.45,4217,0,0,0.733063,0.866531,25,25*6*4,150*16*1
688,6364.72,11150,0,0,0.804403,0.902202,34,25*6*10,150*16*3
689,2471.67,4217,0,0,0.763249,0.881625,25,25*6*4,150*16*1
690,1104.14,1729,1,0,0.839069,0.919535,20,25*3*3,150*8*1
691,319.199,314,0,0,0.882678,0.941339,14,25*3*1,50*2*1
692,1037.42,1728,0,0,0.893033,0.946516,20,25*3*3,150*8*1
693,547.898,633,1,0,0.827891,0.913946,17,25*2*2,150*2*1
694,1174.43,2110,1,0,0.870209,0.935105,21,25*6*2,150*8*1
695,1262.27,2110,1,0,0.809652,0.904826,21,25*6*2,150*8*1
696,674.577,1056,1,0,0.874252,0.937126,19,25*6*1,150*4*1
697,330.972,395,1,0,0.930592,0.965296,15,25*3*1,75*2*1
698,2519.65,4217,0,0,0.748715,0.874358,25,25*6*4,150*16*1
699,2140.06,3854,1,0,0.861401,0.930701,24,25*3*7,150*16*1
700,2026.26,3854,1,0,0.90978,0.95489,24,25*3*7,150*16*1
701,2054.4,3854,1,0,0.897318,0.948659,24,25*3*7,150*16*1
702,3324.25,6033,0,0,0.891464,0.945732,29,25*6*5,150*16*2
703,3167.55,5585,1,0,0.882748,0.941374,28,25*6*5,150*8*3
704,2616.71,4217,0,0,0.720943,0.860472,25,25*6*4,150*16*1
705,15833.2,12934,0,0,0.391377,0.695688,35,25*6*11,150*16*4
706,15879.1,12935,1,0,0.390246,0.695123,35,25*6*11,150*16*4
707,20154.4,12934,1,0,0.307464,0.653732,35,25*6*11,150*16*4
708,5018.05,9491,0,0,0.912725,0.956363,32,25*6*8,150*16*3
709,5044.12,9491,1,0,0.908008,0.954004,32,25*6*8,150*16*3
710,15842.3,12934,0,0,0.391152,0.695576,35,25*6*11,150*16*4
711,6576.75,12935,1,0,0.942221,0.97111,35,25*6*11,150*16*4
712,6255.81,11150,0,0,0.818407,0.909204,34,25*6*10,150*16*3
713,6270.46,11151,1,0,0.816495,0.908248,34,25*6*10,150*16*3
714,15771.3,12934,0,0,0.392913,0.696457,35,25*6*11,150*16*4
715,15812.3,12935,1,0,0.391894,0.695947,35,25*6*11,150*16*4
716,9994.66,12934,1,0,0.620006,0.810003,35,25*6*11,150*16*4
717,8208.64,12935,1,0,0.754906,0.877453,35,25*6*11,150*16*4
718,16078.5,12934,1,0,0.385406,0.692703,35,25*6*11,150*16*4
719,8083.73,12935,1,0,0.766571,0.883285,35,25*6*11,150*16*4
720,12506.1,12935,1,0,0.495498,0.747749,35,25*6*11,150*16*4
721,7985.94,12934,1,0,0.775957,0.887979,35,25*6*11,150*16*4
722,8014.42,12935,1,0,0.7732,0.8866,35,25*6*11,150*16*4
723,8008.94,12934,1,0,0.773729,0.886865,35,25*6*11,150*16*4
724,7876.69,12935,1,0,0.78672,0.89336,35,25*6*11,150*16*4
725,8053.17,12934,1,0,0.76948,0.88474,35,25*6*11,150*16*4
726,9974.44,12935,1,0,0.621263,0.810631,35,25*6*11,150*16*4
727,6312.95,11150,0,0,0.811,0.9055,34,25*6*10,150*16*3
728,7777.71,12934,0,0,0.796732,0.898366,35,25*6*11,150*16*4
729,6161.58,11150,0,0,0.830923,0.915462,34,25*6*10,150*16*3
730,5136.83,9491,0,0,0.89162,0.94581,32,25*6*8,150*16*3
731,2113.76,3853,0,0,0.872119,0.936059,24,25*3*7,150*16*1
732,1594.4,2432,0,0,0.766777,0.883389,22,25*3*5,150*8*1
733,1864.1,3710,0,0,0.988922,0.994461,24,25*3*7,150*16*1
734,2516.39,4217,0,0,0.749685,0.874843,25,25*6*4,150*16*1
735,4923.73,9491,0,0,0.930209,0.965105,32,25*6*8,150*16*3
736,5058.23,9491,1,0,0.905475,0.952737,32,25*6*8,150*16*3
737,20170.1,12934,0,0,0.307225,0.653612,35,25*6*11,150*16*4
738,3072.11,5584,0,0,0.910172,0.955086,28,25*6*5,150*8*3
739,6290.58,11150,0,0,0.813884,0.906942,34,25*6*10,150*16*3
740,19905.8,12934,0,0,0.311304,0.655652,35,25*6*11,150*16*4
741,12458.8,12935,1,0,0.497379,0.74869,35,25*6*11,150*16*4
742,12699,12934,1,0,0.487971,0.743986,35,25*6*11,150*16*4
743,6385.66,11150,0,0,0.801765,0.900883,34,25*6*10,150*16*3
744,12653.9,12934,0,0,0.489711,0.744855,35,25*6*11,150*16*4
745,12466.8,12935,1,0,0.49706,0.74853,35,25*6*11,150*16*4
746,7966.91,12934,1,0,0.777811,0.888905,35,25*6*11,150*16*4
747,1872.64,3727,0,0,0.984412,0.992206,24,25*3*7,150*16*1
748,525.316,632,0,0,0.86348,0.93174,17,25*2*2,150*2*1
749,295.597,263,0,0,0.815807,0.907903,13,25*2*1,50*2*1
750,28.1773,0,0,0,0,0,0,1*1*1,1*1*1
751,94.7315,19,0,0,0.979083,0.989541,4,5*1*1,6*1*1
752,21.8409,0,0,0,0,0,0,1*1*1,1*1*1
753,154.618,98,0,0,0.898666,0.949333,8,25*1*1,30*1*1
754,390.051,394,0,0,0.78964,0.89482,15,25*3*1,75*2*1
755,467.502,526,0,0,0.919354,0.959677,16,25*2*2,50*4*1
756,195.26,131,0,0,0.819164,0.909582,9,25*1*1,50*1*1
757,359.103,394,0,0,0.857693,0.928846,15,25*3*1,75*2*1
758,707.896,1055,0,0,0.833103,0.916551,19,25*6*1,150*4*1
759,1676.77,3019,0,0,0.922816,0.961408,23,25*3*5,150*16*1
760,1966.02,3853,0,0,0.937656,0.968828,24,25*3*7,150*16*1
761,3914.92,7699,1,0,0.89482,0.94741,30,25*6*7,150*16*2
762,5062.74,9491,0,0,0.904668,0.952334,32,25*6*8,150*16*3
763,6270.93,11150,0,0,0.816434,0.908217,34,25*6*10,150*16*3
764,4052.3,7698,0,0,0.864484,0.932242,30,25*6*7,150*16*2
765,1476.35,2110,0,0,0.692248,0.846124,21,25*6*2,150*8*1
766,2111.54,3853,0,0,0.873036,0.936518,24,25*3*7,150*16*1
767,888.873,1684,0,0,1.04227,1.02114,20,25*3*3,150*8*1
768,1650.01,3020,1,0,0.937782,0.968891,23,25*3*5,150*16*1
769,106.119,26,0,0,0.913597,0.956798,5,5*1*1,10*1*1
770,0,0,0,0,0,0,0,1*1*1,1*1*1
771,1030.25,1728,0,0,0.899248,0.949624,20,25*3*3,150*8*1
772,0,0,0,0,0,0,0,1*1*1,1*1*1
773,0,0,0,0,0,0,0,1*1*1,1*1*1
774,164.472,98,0,0,0.844825,0.922412,8,25*1*1,30*1*1
775,0,0,0,0,0,0,0,1*1*1,1*1*1
776,0,0,0,0,0,0,0,1*1*1,1*1*1
777,0,0,0,0,0,0,0,1*1*1,1*1*1
778,460.927,526,0,0,0.932469,0.966234,16,25*2*2,50*4*1
779,145.717,98,0,0,0.953561,0.97678,8,25*1*1,30*1*1
780,194.733,131,0,0,0.821381,0.910691,9,25*1*1,50*1*1
781,33.4861,0,0,0,0,0,0,1*1*1,1*1*1
782,149.261,98,0,0,0.93092,0.96546,8,25*1*1,30*1*1
783,940.684,1728,0,0,0.984868,0.992434,20,25*3*3,150*8*1
784,3200.52,5584,0,0,0.873655,0.936827,28,25*6*5,150*8*3
785,5010.15,9491,0,0,0.914164,0.957082,32,25*6*8,150*16*3
786,5012.04,9491,1,0,0.91382,0.95691,32,25*6*8,150*16*3
787,1217.72,2110,0,0,0.839273,0.919637,21,25*6*2,150*8*1
788,15851.6,12934,0,0,0.390923,0.695461,35,25*6*11,150*16*4
789,1847.6,3677,0,0,0.997754,0.998877,24,25*3*7,150*16*1
790,19945.3,12934,0,0,0.310687,0.655344,35,25*6*11,150*16*4
791,2714.48,4860,0,0,0.794388,0.897194,27,25*6*5,150*16*1
792,2582.84,4218,1,0,0.730398,0.865199,25,25*6*4,150*16*1
793,3084.11,5584,0,0,0.906631,0.953316,28,25*6*5,150*8*3
794,4002.9,7698,0,0,0.875153,0.937577,30,25*6*7,150*16*2
795,3112.42,5584,0,0,0.898385,0.949192,28,25*6*5,150*8*3
796,3123.8,5585,1,0,0.895112,0.947556,28,25*6*5,150*8*3
797,1993.76,3853,0,0,0.92461,0.962305,24,25*3*7,150*16*1
798,4014.26,7699,1,0,0.872676,0.936338,30,25*6*7,150*16*2
799,4024.65,7699,1,0,0.870424,0.935212,30,25*6*7,150*16*2
800,3110.1,5584,0,0,0.899055,0.949527,28,25*6*5,150*8*3
801,2618.46,4217,0,0,0.720462,0.860231,25,25*6*4,150*16*1
802,5142.58,9491,0,0,0.890623,0.945311,32,25*6*8,150*16*3
803,3915.31,7698,0,0,0.894731,0.947366,30,25*6*7,150*16*2
804,3970.77,7699,1,0,0.882234,0.941117,30,25*6*7,150*16*2
805,2482.38,4217,0,0,0.759956,0.879978,25,25*6*4,150*16*1
806,2044.11,3854,1,0,0.901835,0.950918,24,25*3*7,150*16*1
807,3070.79,5584,0,0,0.910564,0.955282,28,25*6*5,150*8*3
808,3971.41,7698,0,0,0.882092,0.941046,30,25*6*7,150*16*2
809,3780.26,6033,0,0,0.783928,0.891964,29,25*6*5,150*16*2
810,2515.98,4217,0,0,0.749807,0.874904,25,25*6*4,150*16*1
811,4080.67,7698,0,0,0.858474,0.929237,30,25*6*7,150*16*2
812,6231.37,11150,0,0,0.821617,0.910809,34,25*6*10,150*16*3
813,5040.03,9491,0,0,0.908745,0.954372,32,25*6*8,150*16*3
814,5167.74,9491,1,0,0.886287,0.943143,32,25*6*8,150*16*3
815,2545.65,4217,0,0,0.741068,0.870534,25,25*6*4,150*16*1
816,1457.1,2110,1,0,0.701393,0.850697,21,25*6*2,150*8*1
817,248.02,225,0,0,0.914442,0.957221,12,25*2*1,75*1*1
818,1908.92,3799,0,0,0.965703,0.982852,24,25*3*7,150*16*1
819,175.88,98,0,0,0.790027,0.895014,8,25*1*1,30*1*1
820,122.757,31,0,0,0.832539,0.91627,6,5*1*1,15*1*1
821,94.124,19,0,0,0.985402,0.992701,4,5*1*1,6*1*1
822,214.304,131,0,0,0.74637,0.873185,9,25*1*1,50*1*1
823,818.962,1055,0,0,0.720119,0.860059,19,25*6*1,150*4*1
824,1401.85,2110,0,0,0.729037,0.864518,21,25*6*2,150*8*1
825,654.483,1055,0,0,0.901093,0.950546,19,25*6*1,150*4*1
826,2105.7,3853,0,0,0.875457,0.937729,24,25*3*7,150*16*1
827,1215.54,2110,0,0,0.840779,0.920389,21,25*6*2,150*8*1
828,942.425,1728,0,0,0.983049,0.991525,20,25*3*3,150*8*1
829,331.023,394,0,0,0.930449,0.965224,15,25*3*1,75*2*1
830,439.089,526,0,0,0.978845,0.989422,16,25*2*2,50*4*1
831,766.623,1055,0,0,0.769283,0.884641,19,25*6*1,150*4*1
832,15.4767,0,0,0,0,0,0,1*1*1,1*1*1
833,556.273,789,1,0,0.914209,0.957105,18,25*6*1,150*2*1
834,67.0633,0,0,0,0,0,0,1*1*1,1*1*1
835,390.07,394,0,0,0.789602,0.894801,15,25*3*1,75*2*1
836,77.9217,0,0,0,0,0,0,1*1*1,1*1*1
837,0,0,0,0,0,0,0,1*1*1,1*1*1
838,97.4795,19,0,0,0.951482,0.975741,4,5*1*1,6*1*1
839,32.8934,0,0,0,0,0,0,1*1*1,1*1*1
840,0,0,0,0,0,0,0,1*1*1,1*1*1
841,0,0,0,0,0,0,0,1*1*1,1*1*1
842,89.3188,6,0,0,0.956126,0.978063,2,1*1*1,3*1*1
843,67.7659,0,0,0,0,0,0,1*1*1,1*1*1
844,968.147,1728,0,0,0.956931,0.978466,20,25*3*3,150*8*1
845,425.6,394,0,0,0.723684,0.861842,15,25*3*1,75*2*1
846,2.36164,0,0,0,0,0,0,1*1*1,1*1*1
847,906.169,1717,0,0,1.02238,1.01119,20,25*3*3,150*8*1
848,2502.52,4217,0,0,0.75384,0.87692,25,25*6*4,150*16*1
849,1692.48,3020,1,0,0.91425,0.957125,23,25*3*5,150*16*1
850,3114.04,5585,1,0,0.897917,0.948959,28,25*6*5,150*8*3
851,15827.6,12934,0,0,0.391515,0.695758,35,25*6*11,150*16*4
852,20025.5,12935,1,0,0.309443,0.654721,35,25*6*11,150*16*4
853,15686.9,12934,1,0,0.395027,0.697514,35,25*6*11,150*16*4
854,15776.6,12935,1,0,0.392781,0.696391,35,25*6*11,150*16*4
855,19814.1,12934,1,0,0.312744,0.656372,35,25*6*11,150*16*4
856,12412.2,12935,1,0,0.499247,0.749623,35,25*6*11,150*16*4
857,15864.7,12935,1,0,0.3906,0.6953,35,25*6*11,150*16*4
858,25208.8,12934,1,0,0.245817,0.622908,35,25*6*11,150*16*4
859,20132.6,12935,1,0,0.307797,0.653898,35,25*6*11,150*16*4
860,15862.7,12934,1,0,0.390649,0.695325,35,25*6*11,150*16*4
861,15804.5,12935,1,0,0.392088,0.696044,35,25*6*11,150*16*4
862,15841,12934,1,0,0.391184,0.695592,35,25*6*11,150*16*4
863,19976.8,12935,1,0,0.310197,0.655099,35,25*6*11,150*16*4
864,9825.35,12935,1,0,0.63069,0.815345,35,25*6*11,150*16*4
865,19889.8,12934,1,0,0.311554,0.655777,35,25*6*11,150*16*4
866,25063.8,12935,1,0,0.247239,0.62362,35,25*6*11,150*16*4
867,15713.4,12934,1,0,0.394361,0.69718,35,25*6*11,150*16*4
868,12747.8,12935,1,0,0.486103,0.743052,35,25*6*11,150*16*4
869,15760.8,12935,1,0,0.393175,0.696587,35,25*6*11,150*16*4
870,24917.5,12934,1,0,0.248691,0.624345,35,25*6*11,150*16*4
871,20204.4,12935,1,0,0.306703,0.653351,35,25*6*11,150*16*4
872,25118.5,12934,1,0,0.246701,0.62335,35,25*6*11,150*16*4
873,12521.5,12935,1,0,0.494889,0.747444,35,25*6*11,150*16*4
874,12504.5,12934,1,0,0.495562,0.747781,35,25*6*11,150*16*4
875,12603.5,12935,1,0,0.491669,0.745834,35,25*6*11,150*16*4
876,15813.8,12934,1,0,0.391857,0.695929,35,25*6*11,150*16*4
877,12686.7,12935,1,0,0.488445,0.744222,35,25*6*11,150*16*4
878,12541.5,12934,1,0,0.4941,0.74705,35,25*6*11,150*16*4
879,15851,12935,1,0,0.390937,0.695469,35,25*6*11,150*16*4
880,12591.9,12935,1,0,0.492122,0.746061,35,25*6*11,150*16*4
881,10071.4,12934,1,0,0.615282,0.807641,35,25*6*11,150*16*4
882,12672.7,12935,1,0,0.488984,0.744492,35,25*6*11,150*16*4
883,16055.1,12934,1,0,0.385968,0.692984,35,25*6*11,150*16*4
884,15675.6,12935,1,0,0.395312,0.697656,35,25*6*11,150*16*4
885,4975.34,9491,0,0,0.92056,0.96028,32,25*6*8,150*16*3
886,16012.6,12934,0,0,0.386992,0.693496,35,25*6*11,150*16*4
887,3930.27,7698,0,0,0.891326,0.945663,30,25*6*7,150*16*2
888,0,0,0,0,0,0,0,1*1*1,1*1*1
889,39.6493,0,0,0,0,0,0,1*1*1,1*1*1
890,323.676,394,0,0,0.951569,0.975784,15,25*3*1,75*2*1
891,286.116,263,0,0,0.84284,0.92142,13,25*2*1,50*2*1
892,137.294,87,1,0,0.973823,0.986911,7,25*1*1,25*1*1
893,374.106,394,0,0,0.823296,0.911648,15,25*3*1,75*2*1
894,1946.18,3853,0,0,0.947215,0.973607,24,25*3*7,150*16*1
895,786.344,1055,0,0,0.74999,0.874995,19,25*6*1,150*4*1
896,9996.24,12934,0,0,0.619908,0.809954,35,25*6*11,150*16*4
897,1604.53,2432,0,0,0.761937,0.880968,22,25*3*5,150*8*1
898,19903,12934,0,0,0.311348,0.655674,35,25*6*11,150*16*4
899,19903.1,12935,1,0,0.311346,0.655673,35,25*6*11,150*16*4
900,12648.7,12934,1,0,0.489912,0.744956,35,25*6*11,150*16*4
901,2009.44,3853,0,0,0.917395,0.958697,24,25*3*7,150*16*1
902,8550.78,12934,0,0,0.7247,0.86235,35,25*6*11,150*16*4
903,15960.2,12935,1,0,0.388263,0.694131,35,25*6*11,150*16*4
904,16035.6,12934,1,0,0.386437,0.693219,35,25*6*11,150*16*4
905,20384.8,12935,1,0,0.303989,0.651994,35,25*6*11,150*16*4
906,12818.2,12934,1,0,0.483434,0.741717,35,25*6*11,150*16*4
907,1988.5,3853,0,0,0.927056,0.963528,24,25*3*7,150*16*1
908,0,0,0,0,0,0,0,1*1*1,1*1*1
909,220.302,174,0,0,0.910341,0.955171,10,25*2*1,50*1*1
910,258.668,225,0,0,0.8768,0.9384,12,25*2*1,75*1*1
911,1919.11,3820,0,0,0.960575,0.980288,24,25*3*7,150*16*1
912,0,0,0,0,0,0,0,1*1*1,1*1*1
913,410.292,394,0,0,0.750685,0.875342,15,25*3*1,75*2*1
914,268.432,263,0,0,0.898365,0.949183,13,25*2*1,50*2*1
915,250.284,225,1,0,0.906171,0.953085,12,25*2*1,75*1*1
916,211.863,132,1,0,0.754969,0.877485,9,25*1*1,50*1*1
917,1252.69,2110,0,0,0.815844,0.907922,21,25*6*2,150*8*1
918,1394.47,2110,1,0,0.732895,0.866447,21,25*6*2,150*8*1
919,1340.18,2110,1,0,0.762584,0.881292,21,25*6*2,150*8*1
920,420.786,394,0,0,0.731964,0.865982,15,25*3*1,75*2*1
921,37.7889,0,0,0,0,0,0,1*1*1,1*1*1
922,838.96,1055,0,0,0.702954,0.851477,19,25*6*1,150*4*1
923,0,0,0,0,0,0,0,1*1*1,1*1*1
924,619.971,789,1,0,0.82028,0.91014,18,25*6*1,150*2*1
925,133.837,87,0,0,0.998976,0.999488,7,25*1*1,25*1*1
926,159.273,98,0,0,0.872401,0.936201,8,25*1*1,30*1*1
927,133.972,87,0,0,0.99797,0.998985,7,25*1*1,25*1*1
928,0,0,0,0,0,0,0,1*1*1,1*1*1
929,0,0,0,0,0,0,0,1*1*1,1*1*1
930,0,0,0,0,0,0,0,1*1*1,1*1*1
931,179.938,98,0,0,0.77221,0.886105,8,25*1*1,30*1*1
932,0,0,0,0,0,0,0,1*1*1,1*1*1
933,287.714,263,0,0,0.838159,0.919079,13,25*2*1,50*2*1
934,0,0,0,0,0,0,0,1*1*1,1*1*1
935,112.788,31,0,0,0.906125,0.953062,6,5*1*1,15*1*1
936,511.939,632,0,0,0.886043,0.943022,17,25*2*2,150*2*1
937,516.596,633,1,0,0.878056,0.939028,17,25*2*2,150*2*1
938,0,0,0,0,0,0,0,1*1*1,1*1*1
939,525.734,633,1,0,0.862794,0.931397,17,25*2*2,150*2*1
940,444.004,526,1,0,0.968009,0.984005,16,25*2*2,50*4*1
941,256.307,225,0,0,0.884876,0.942438,12,25*2*1,75*1*1
942,199.133,132,1,0,0.803232,0.901616,9,25*1*1,50*1*1
943,399.806,395,1,0,0.770374,0.885187,15,25*3*1,75*2*1
944,202.294,132,1,0,0.790681,0.89534,9,25*1*1,50*1*1
945,160.39,99,1,0,0.866326,0.933163,8,25*1*1,30*1*1
946,0,0,0,0,0,0,0,1*1*1,1*1*1
947,39.7743,0,0,0,0,0,0,1*1*1,1*1*1
948,383.87,395,1,0,0.802355,0.901177,15,25*3*1,75*2*1
949,334.73,395,1,0,0.920145,0.960072,15,25*3*1,75*2*1
950,184.398,99,1,0,0.753533,0.876767,8,25*1*1,30*1*1
951,477.221,526,0,0,0.900631,0.950315,16,25*2*2,50*4*1
952,380.29,394,0,0,0.809908,0.904954,15,25*3*1,75*2*1
953,114.606,31,0,0,0.891751,0.945875,6,5*1*1,15*1*1
954,455.777,526,0,0,0.943005,0.971503,16,25*2*2,50*4*1
955,0,0,0,0,0,0,0,1*1*1,1*1*1
956,194.659,131,0,0,0.821693,0.910847,9,25*1*1,50*1*1
957,642.644,1055,0,0,0.917693,0.958847,19,25*6*1,150*4*1
958,569.736,789,1,0,0.892606,0.946303,18,25*6*1,150*2*1
959,933.013,1729,1,0,0.992966,0.996483,20,25*3*3,150*8*1
960,3270.48,6033,0,0,0.906121,0.95306,29,25*6*5,150*16*2
961,5267.75,10346,0,0,0.920687,0.960344,33,25*6*9,150*16*3
962,16064.1,12934,0,0,0.385751,0.692876,35,25*6*11,150*16*4
963,6099.28,11150,0,0,0.839411,0.919705,34,25*6*10,150*16*3
964,15922,12934,0,0,0.389194,0.694597,35,25*6*11,150*16*4
965,635.949,788,0,0,0.799671,0.899836,18,25*6*1,150*2*1
966,10255.7,12934,0,0,0.604225,0.802112,35,25*6*11,150*16*4
967,8178.02,12935,1,0,0.757732,0.878866,35,25*6*11,150*16*4
968,1405.63,2110,0,0,0.727076,0.863538,21,25*6*2,150*8*1
969,16225,12934,0,0,0.381926,0.690963,35,25*6*11,150*16*4
970,2462.33,4217,0,0,0.766144,0.883072,25,25*6*4,150*16*1
971,20207.4,12934,0,0,0.306657,0.653329,35,25*6*11,150*16*4
972,12753.8,12935,1,0,0.485875,0.742937,35,25*6*11,150*16*4
973,3348.91,6033,0,0,0.8849,0.94245,29,25*6*5,150*16*2
974,3195.33,5585,1,0,0.875074,0.937537,28,25*6*5,150*8*3
975,4101.85,7698,0,0,0.854041,0.927021,30,25*6*7,150*16*2
976,2781.98,4860,0,0,0.775113,0.887557,27,25*6*5,150*16*1
977,3406.06,6033,0,0,0.870052,0.935026,29,25*6*5,150*16*2
978,1731.23,3446,0,0,1.06482,1.03241,24,25*3*7,150*16*1
979,1395.09,2110,0,0,0.732569,0.866285,21,25*6*2,150*8*1
980,1915.88,3813,0,0,0.962195,0.981097,24,25*3*7,150*16*1
981,2506.04,4217,0,0,0.752781,0.876391,25,25*6*4,150*16*1
982,3609.8,6033,0,0,0.820946,0.910473,29,25*6*5,150*16*2
983,4171.75,7698,0,0,0.839732,0.919866,30,25*6*7,150*16*2
984,12876.6,12934,0,0,0.481241,0.740621,35,25*6*11,150*16*4
985,1224.9,2110,0,0,0.834354,0.917177,21,25*6*2,150*8*1
986,2154.42,3853,0,0,0.85566,0.92783,24,25*3*7,150*16*1
987,2801.71,4860,0,0,0.769655,0.884827,27,25*6*5,150*16*1
988,6306.45,11150,0,0,0.811836,0.905918,34,25*6*10,150*16*3
989,2393.03,4217,0,0,0.788331,0.894166,25,25*6*4,150*16*1
990,926.941,1729,1,0,0.99947,0.999735,20,25*3*3,150*8*1
991,786.117,1055,0,0,0.750206,0.875103,19,25*6*1,150*4*1
992,620.397,789,1,0,0.819717,0.909859,18,25*6*1,150*2*1
993,479.538,633,1,0,0.94591,0.972955,17,25*2*2,150*2*1
994,772.404,1055,0,0,0.763525,0.881763,19,25*6*1,150*4*1
995,1354.52,2110,0,0,0.754511,0.877255,21,25*6*2,150*8*1
996,785.664,1055,0,0,0.750639,0.875319,19,25*6*1,150*4*1
997,775.993,1056,1,0,0.759994,0.879997,19,25*6*1,150*4*1
998,2702.1,4552,0,0,0.79181,0.895905,26,25*3*9,150*16*1
999,1786.88,3556,0,0,1.03166,1.01583,24,25*3*7,150*16*1
1000,2377.59,4218,1,0,0.793451,0.896725,25,25*6*4,150*16*1
1001,2133.84,3853,0,0,0.863912,0.931956,24,25*3*7,150*16*1
1002,3306.5,6033,0,0,0.89625,0.948125,29,25*6*5,150*16*2
1003,3370.86,6034,1,0,0.879138,0.939569,29,25*6*5,150*16*2
1004,2744.73,4861,1,0,0.785633,0.892816,27,25*6*5,150*16*1
1005,15955.2,12934,0,0,0.388384,0.694192,35,25*6*11,150*16*4
1006,15959.7,12935,1,0,0.388275,0.694137,35,25*6*11,150*16*4
1007,20655,12934,1,0,0.300012,0.650006,35,25*6*11,150*16*4
1008,5425.21,11150,0,0,0.943705,0.971853,34,25*6*10,150*16*3
1009,5342.3,10346,0,0,0.907839,0.95392,33,25*6*9,150*16*3
1010,15888.2,12934,0,0,0.390022,0.695011,35,25*6*11,150*16*4
1011,6130.27,11150,0,0,0.835167,0.917584,34,25*6*10,150*16*3
1012,6214.67,11151,1,0,0.823825,0.911912,34,25*6*10,150*16*3
1013,6138.53,11151,1,0,0.834043,0.917022,34,25*6*10,150*16*3
1014,15960.9,12934,0,0,0.388246,0.694123,35,25*6*11,150*16*4
1015,16004.3,12935,1,0,0.387193,0.693596,35,25*6*11,150*16*4
1016,9976.83,12934,1,0,0.621114,0.810557,35,25*6*11,150*16*4
1017,7753.92,12935,1,0,0.799176,0.899588,35,25*6*11,150*16*4
1018,16528.8,12934,1,0,0.374906,0.687453,35,25*6*11,150*16*4
1019,7954,12935,1,0,0.779073,0.889537,35,25*6*11,150*16*4
1020,13009.8,12935,1,0,0.476314,0.738157,35,25*6*11,150*16*4
1021,7965.84,12934,1,0,0.777915,0.888958,35,25*6*11,150*16*4
1022,8230.74,12935,1,0,0.752879,0.876439,35,25*6*11,150*16*4
1023,8016.68,12934,1,0,0.772982,0.886491,35,25*6*11,150*16*4
1024,7595.88,12935,1,0,0.815804,0.907902,35,25*6*11,150*16*4
1025,7886.1,12934,1,0,0.785781,0.892891,35,25*6*11,150*16*4
1026,10368.9,12935,1,0,0.597628,0.798814,35,25*6*11,150*16*4
1027,6671.46,12935,1,0,0.928845,0.964422,35,25*6*11,150*16*4
1028,8184.97,12934,1,0,0.757089,0.878544,35,25*6*11,150*16*4
1029,6364.07,11150,0,0,0.804485,0.902243,34,25*6*10,150*16*3
1030,5420.74,11151,1,0,0.944484,0.972242,34,25*6*10,150*16*3
1031,2013.1,3853,0,0,0.915727,0.957863,24,25*3*7,150*16*1
1032,1615.65,3019,0,0,0.957726,0.978863,23,25*3*5,150*16*1
1033,2156.01,3853,0,0,0.855029,0.927514,24,25*3*7,150*16*1
1034,2706.48,4860,0,0,0.796736,0.898368,27,25*6*5,150*16*1
1035,5334.62,10346,0,0,0.909146,0.954573,33,25*6*9,150*16*3
1036,5601.31,11150,0,0,0.914036,0.957018,34,25*6*10,150*16*3
1037,19868.8,12934,0,0,0.311883,0.655942,35,25*6*11,150*16*4
1038,3333.67,6033,0,0,0.888945,0.944473,29,25*6*5,150*16*2
1039,6387.88,11150,0,0,0.801487,0.900743,34,25*6*10,150*16*3
1040,19760.4,12934,0,0,0.313594,0.656797,35,25*6*11,150*16*4
1041,12568.3,12935,1,0,0.493046,0.746523,35,25*6*11,150*16*4
1042,13024.6,12934,1,0,0.475773,0.737886,35,25*6*11,150*16*4
1043,6430.29,11150,0,0,0.7962,0.8981,34,25*6*10,150*16*3
1044,12683.8,12934,0,0,0.488556,0.744278,35,25*6*11,150*16*4
1045,12626.6,12935,1,0,0.490769,0.745385,35,25*6*11,150*16*4
1046,8119.78,12934,1,0,0.763167,0.881584,35,25*6*11,150*16*4
1047,2205.53,3853,0,0,0.835831,0.917915,24,25*3*7,150*16*1
1048,724.299,1055,0,0,0.814236,0.907118,19,25*6*1,150*4*1
1049,0,0,0,0,0,0,0,1*1*1,1*1*1
1050,25.1509,0,0,0,0,0,0,1*1*1,1*1*1
1051,0,0,0,0,0,0,0,1*1*1,1*1*1
1052,246.955,225,1,0,0.918386,0.959193,12,25*2*1,75*1*1
1053,426.72,395,1,0,0.721785,0.860892,15,25*3*1,75*2*1
1054,863.721,1637,0,0,1.07263,1.03631,20,25*3*3,150*8*1
1055,899.918,1706,1,0,1.02948,1.01474,20,25*3*3,150*8*1
1056,247.535,225,0,0,0.916234,0.958117,12,25*2*1,75*1*1
1057,278.249,263,1,0,0.86667,0.933335,13,25*2*1,50*2*1
1058,1194.92,2110,0,0,0.855287,0.927644,21,25*6*2,150*8*1
1059,1681.84,3019,0,0,0.920034,0.960017,23,25*3*5,150*16*1
1060,2331.17,4217,0,0,0.80925,0.904625,25,25*6*4,150*16*1
1061,3737.62,6033,0,0,0.792871,0.896435,29,25*6*5,150*16*2
1062,5099.09,9491,0,0,0.898219,0.94911,32,25*6*8,150*16*3
1063,6418.42,11150,0,0,0.797673,0.898836,34,25*6*10,150*16*3
1064,4401.39,8424,0,0,0.857229,0.928615,31,25*6*8,150*16*2
1065,1635.25,3019,0,0,0.946247,0.973123,23,25*3*5,150*16*1
1066,2003.8,3853,0,0,0.919977,0.959989,24,25*3*7,150*16*1
1067,750.34,1055,0,0,0.785977,0.892989,19,25*6*1,150*4*1
1068,1773.28,3529,0,0,1.03957,1.01979,24,25*3*7,150*16*1
1069,156.401,98,0,0,0.888421,0.944211,8,25*1*1,30*1*1
1070,156.04,98,1,0,0.890477,0.945238,8,25*1*1,30*1*1
1071,1197.18,2110,0,0,0.853673,0.926836,21,25*6*2,150*8*1
1072,326.605,394,0,0,0.943035,0.971518,15,25*3*1,75*2*1
1073,0,0,0,0,0,0,0,1*1*1,1*1*1
1074,364.721,395,1,0,0.844481,0.922241,15,25*3*1,75*2*1
1075,0,0,0,0,0,0,0,1*1*1,1*1*1
1076,67.8955,0,0,0,0,0,0,1*1*1,1*1*1
1077,788.052,1055,1,0,0.748364,0.874182,19,25*6*1,150*4*1
1078,550.291,789,1,0,0.924147,0.962074,18,25*6*1,150*2*1
1079,308.581,314,0,0,0.91305,0.956525,14,25*3*1,50*2*1
1080,820.76,1055,0,0,0.718541,0.859271,19,25*6*1,150*4*1
1081,398.31,395,1,0,0.773267,0.886634,15,25*3*1,75*2*1
1082,428.809,395,1,0,0.718269,0.859134,15,25*3*1,75*2*1
1083,651.546,1056,1,0,0.905155,0.952577,19,25*6*1,150*4*1
1084,3172.24,5584,0,0,0.881443,0.940722,28,25*6*5,150*8*3
1085,4962.98,9491,0,0,0.922853,0.961426,32,25*6*8,150*16*3
1086,5568.25,11150,0,0,0.919463,0.959732,34,25*6*10,150*16*3
1087,1590.81,2432,0,0,0.768508,0.884254,22,25*3*5,150*8*1
1088,16159.7,12934,0,0,0.383469,0.691735,35,25*6*11,150*16*4
1089,1950.3,3853,0,0,0.945214,0.972607,24,25*3*7,150*16*1
1090,19838.6,12934,0,0,0.312358,0.656179,35,25*6*11,150*16*4
1091,2630.83,4217,0,0,0.717074,0.858537,25,25*6*4,150*16*1
1092,2528.28,4218,1,0,0.746159,0.87308,25,25*6*4,150*16*1
1093,3054.01,5584,0,0,0.915567,0.957783,28,25*6*5,150*8*3
1094,4199.5,7698,0,0,0.834183,0.917091,30,25*6*7,150*16*2
1095,3302.78,6033,0,0,0.897259,0.94863,29,25*6*5,150*16*2
1096,3281.65,6034,1,0,0.903037,0.951518,29,25*6*5,150*16*2
1097,2165.35,3853,0,0,0.85134,0.92567,24,25*3*7,150*16*1
1098,3821.95,6033,0,0,0.775376,0.887688,29,25*6*5,150*16*2
1099,4569.44,8424,0,0,0.825703,0.912851,31,25*6*8,150*16*2
1100,3668.78,6034,1,0,0.807748,0.903874,29,25*6*5,150*16*2
1101,2887.04,4861,1,0,0.746907,0.873453,27,25*6*5,150*16*1
1102,4901.31,9491,0,0,0.934464,0.967232,32,25*6*8,150*16*3
1103,4510.21,8425,1,0,0.836546,0.918273,31,25*6*8,150*16*2
1104,4370.18,8425,1,0,0.863351,0.931676,31,25*6*8,150*16*2
1105,2902.86,5584,0,0,0.96324,0.98162,28,25*6*5,150*8*3
1106,1819.17,3621,0,0,1.01335,1.00667,24,25*3*7,150*16*1
1107,3435.4,6033,0,0,0.862622,0.931311,29,25*6*5,150*16*2
1108,3967.11,7698,0,0,0.883048,0.941524,30,25*6*7,150*16*2
1109,3914.97,7699,1,0,0.894809,0.947404,30,25*6*7,150*16*2
1110,2827.38,4860,0,0,0.762667,0.881334,27,25*6*5,150*16*1
1111,3907.26,7698,0,0,0.896575,0.948287,30,25*6*7,150*16*2
1112,6775.53,12934,0,0,0.914578,0.957289,35,25*6*11,150*16*4
1113,5443.63,11150,0,0,0.940512,0.970256,34,25*6*10,150*16*3
1114,5467.13,11151,1,0,0.936469,0.968235,34,25*6*10,150*16*3
1115,2498.17,4217,0,0,0.755153,0.877576,25,25*6*4,150*16*1
1116,1894.11,3771,1,0,0.973254,0.986627,24,25*3*7,150*16*1
1117,290.829,263,0,0,0.829181,0.914591,13,25*2*1,50*2*1
1118,1952.92,3853,0,0,0.943945,0.971973,24,25*3*7,150*16*1
1119,96.1519,19,0,0,0.96462,0.98231,4,5*1*1,6*1*1
1120,368.004,394,0,0,0.836947,0.918474,15,25*3*1,75*2*1
1121,440.451,526,0,0,0.975818,0.987909,16,25*2*2,50*4*1
1122,296.632,263,0,0,0.81296,0.90648,13,25*2*1,50*2*1
1123,970.644,1728,0,0,0.954469,0.977235,20,25*3*3,150*8*1
1124,1209.3,2110,1,0,0.845117,0.922559,21,25*6*2,150*8*1
1125,564.389,789,1,0,0.901063,0.950531,18,25*6*1,150*2*1
1126,2357.33,4218,1,0,0.80027,0.900135,25,25*6*4,150*16*1
1127,1510.92,2432,0,0,0.809143,0.904571,22,25*3*5,150*8*1
1128,1329.15,2110,0,0,0.768912,0.884456,21,25*6*2,150*8*1
1129,203.793,131,0,0,0.784865,0.892433,9,25*1*1,50*1*1
1130,385.012,394,0,0,0.799975,0.899988,15,25*3*1,75*2*1
1131,957.99,1728,0,0,0.967077,0.983538,20,25*3*3,150*8*1
1132,0,0,0,0,0,0,0,1*1*1,1*1*1
1133,638.217,789,1,0,0.796829,0.898415,18,25*6*1,150*2*1
1134,0,0,0,0,0,0,0,1*1*1,1*1*1
1135,656.224,1056,1,0,0.898702,0.949351,19,25*6*1,150*4*1
1136,222.293,175,1,0,0.902188,0.951094,10,25*2*1,50*1*1
1137,315.798,315,1,0,0.892184,0.946092,14,25*3*1,50*2*1
1138,7.51072,0,0,0,0,0,0,1*1*1,1*1*1
1139,168.618,98,0,0,0.824052,0.912026,8,25*1*1,30*1*1
1140,71.0135,0,0,0,0,0,0,1*1*1,1*1*1
1141,178.865,98,1,0,0.776843,0.888421,8,25*1*1,30*1*1
1142,360.485,394,0,0,0.854404,0.927202,15,25*3*1,75*2*1
1143,34.11,0,0,0,0,0,0,1*1*1,1*1*1
1144,1061.97,1728,0,0,0.872388,0.936194,20,25*3*3,150*8*1
1145,629.909,789,1,0,0.807339,0.903669,18,25*6*1,150*2*1
1146,264.813,225,0,0,0.856453,0.928227,12,25*2*1,75*1*1
1147,1557.56,2432,0,0,0.784914,0.892457,22,25*3*5,150*8*1
1148,2404.24,4217,0,0,0.784655,0.892328,25,25*6*4,150*16*1
1149,2062.99,3854,1,0,0.893582,0.946791,24,25*3*7,150*16*1
1150,3109.99,5584,0,0,0.899086,0.949543,28,25*6*5,150*8*3
1151,15910.2,12934,0,0,0.389483,0.694741,35,25*6*11,150*16*4
1152,20172.3,12935,1,0,0.307191,0.653596,35,25*6*11,150*16*4
1153,15983.5,12934,1,0,0.387697,0.693848,35,25*6*11,150*16*4
1154,15664.6,12935,1,0,0.395589,0.697795,35,25*6*11,150*16*4
1155,20214.3,12934,1,0,0.306553,0.653276,35,25*6*11,150*16*4
1156,12884.5,12935,1,0,0.480946,0.740473,35,25*6*11,150*16*4
1157,16423.4,12935,1,0,0.377312,0.688656,35,25*6*11,150*16*4
1158,24982.2,12934,1,0,0.248047,0.624023,35,25*6*11,150*16*4
1159,19674.5,12935,1,0,0.314964,0.657482,35,25*6*11,150*16*4
1160,16063,12934,1,0,0.385778,0.692889,35,25*6*11,150*16*4
1161,16146.7,12935,1,0,0.383778,0.691889,35,25*6*11,150*16*4
1162,16246.1,12934,1,0,0.38143,0.690715,35,25*6*11,150*16*4
1163,19988.8,12935,1,0,0.310011,0.655006,35,25*6*11,150*16*4
1164,10249.2,12935,1,0,0.604608,0.802304,35,25*6*11,150*16*4
1165,20291.2,12934,1,0,0.305391,0.652696,35,25*6*11,150*16*4
1166,25090.2,12935,1,0,0.246979,0.623489,35,25*6*11,150*16*4
1167,15580.9,12934,1,0,0.397715,0.698857,35,25*6*11,150*16*4
1168,12581.9,12935,1,0,0.492513,0.746257,35,25*6*11,150*16*4
1169,15933.2,12935,1,0,0.388921,0.69446,35,25*6*11,150*16*4
1170,25353,12934,1,0,0.244419,0.622209,35,25*6*11,150*16*4
1171,20369.1,12935,1,0,0.304223,0.652112,35,25*6*11,150*16*4
1172,25287.9,12934,1,0,0.245048,0.622524,35,25*6*11,150*16*4
1173,12482.2,12935,1,0,0.496447,0.748223,35,25*6*11,150*16*4
1174,12813.4,12934,1,0,0.483615,0.741807,35,25*6*11,150*16*4
1175,12682.1,12935,1,0,0.488622,0.744311,35,25*6*11,150*16*4
1176,16263.9,12934,1,0,0.381013,0.690506,35,25*6*11,150*16*4
1177,12351.7,12935,1,0,0.501692,0.750846,35,25*6*11,150*16*4
1178,12396.3,12934,1,0,0.499887,0.749944,35,25*6*11,150*16*4
1179,16038.6,12935,1,0,0.386365,0.693182,35,25*6*11,150*16*4
1180,12756.1,12935,1,0,0.485787,0.742894,35,25*6*11,150*16*4
1181,10539.9,12934,1,0,0.587933,0.793966,35,25*6*11,150*16*4
1182,12904.9,12935,1,0,0.480186,0.740093,35,25*6*11,150*16*4
1183,15769.7,12934,1,0,0.392953,0.696476,35,25*6*11,150*16*4
1184,16219.7,12935,1,0,0.382051,0.691025,35,25*6*11,150*16*4
1185,5168.01,9491,0,0,0.886241,0.94312,32,25*6*8,150*16*3
1186,16291.9,12934,0,0,0.380358,0.690179,35,25*6*11,150*16*4
1187,3660.29,6033,0,0,0.809622,0.904811,29,25*6*5,150*16*2
1188,0,0,0,0,0,0,0,1*1*1,1*1*1
1189,446.643,526,0,0,0.96229,0.981145,16,25*2*2,50*4*1
1190,132.942,31,0,0,0.768756,0.884378,6,5*1*1,15*1*1
1191,252.873,225,0,0,0.896893,0.948446,12,25*2*1,75*1*1
1192,139.665,88,1,0,0.957291,0.978645,7,25*1*1,25*1*1
1193,609.431,789,1,0,0.834467,0.917233,18,25*6*1,150*2*1
1194,2219.08,3854,1,0,0.830727,0.915364,24,25*3*7,150*16*1
1195,1083.48,1728,0,0,0.855069,0.927534,20,25*3*3,150*8*1
1196,10164.8,12934,0,0,0.609628,0.804814,35,25*6*11,150*16*4
1197,1574.6,2432,0,0,0.776419,0.88821,22,25*3*5,150*8*1
1198,19668.5,12934,0,0,0.31506,0.65753,35,25*6*11,150*16*4
1199,20107.9,12935,1,0,0.308175,0.654087,35,25*6*11,150*16*4
1200,12873.6,12934,1,0,0.481353,0.740677,35,25*6*11,150*16*4
1201,1749.48,3482,0,0,1.05371,1.02686,24,25*3*7,150*16*1
1202,7907.71,12934,0,0,0.783634,0.891817,35,25*6*11,150*16*4
1203,15741.3,12935,1,0,0.393662,0.696831,35,25*6*11,150*16*4
1204,15797.1,12934,1,0,0.392271,0.696136,35,25*6*11,150*16*4
1205,20412.9,12935,1,0,0.30357,0.651785,35,25*6*11,150*16*4
1206,12576.5,12934,1,0,0.492725,0.746362,35,25*6*11,150*16*4
1207,1604.29,2432,0,0,0.762051,0.881025,22,25*3*5,150*8*1
1208,0,0,0,0,0,0,0,1*1*1,1*1*1
1209,0,0,0,0,0,0,0,1*1*1,1*1*1
1210,117.469,31,0,0,0.870017,0.935008,6,5*1*1,15*1*1
1211,1984.46,3853,0,0,0.928943,0.964471,24,25*3*7,150*16*1
1212,730.274,1055,0,0,0.807574,0.903787,19,25*6*1,150*4*1
1213,0,0,0,0,0,0,0,1*1*1,1*1*1
1214,629.57,789,1,0,0.807774,0.903887,18,25*6*1,150*2*1
1215,499.701,633,1,0,0.907743,0.953871,17,25*2*2,150*2*1
1216,293.91,263,0,0,0.820489,0.910245,13,25*2*1,50*2*1
1217,1159.71,2110,0,0,0.881255,0.940627,21,25*6*2,150*8*1
1218,1855.64,3693,0,0,0.993431,0.996715,24,25*3*7,150*16*1
1219,1319.5,2110,1,0,0.774536,0.887268,21,25*6*2,150*8*1
1220,229.153,196,0,0,0.960712,0.980356,11,25*2*1,30*2*1
1221,700.68,1055,0,0,0.841682,0.920841,19,25*6*1,150*4*1
1222,821.165,1056,1,0,0.718187,0.859093,19,25*6*1,150*4*1
1223,250.186,225,1,0,0.906526,0.953263,12,25*2*1,75*1*1
1224,376.987,395,1,0,0.817004,0.908502,15,25*3*1,75*2*1
1225,53.2052,0,0,0,0,0,0,1*1*1,1*1*1
1226,0,0,0,0,0,0,0,1*1*1,1*1*1
1227,341.432,395,1,0,0.902083,0.951041,15,25*3*1,75*2*1
1228,365.757,395,1,0,0.842089,0.921045,15,25*3*1,75*2*1
1229,390.202,395,1,0,0.789335,0.894667,15,25*3*1,75*2*1
1230,0,0,0,0,0,0,0,1*1*1,1*1*1
1231,0,0,0,0,0,0,0,1*1*1,1*1*1
1232,676.427,1056,1,0,0.871861,0.93593,19,25*6*1,150*4*1
1233,211.906,132,1,0,0.754816,0.877408,9,25*1*1,50*1*1
1234,122.434,31,0,0,0.834735,0.917368,6,5*1*1,15*1*1
1235,220.302,174,0,0,0.910341,0.955171,10,25*2*1,50*1*1
1236,409.156,394,0,0,0.752769,0.876385,15,25*3*1,75*2*1
1237,365.359,395,1,0,0.843006,0.921503,15,25*3*1,75*2*1
1238,177.602,98,1,0,0.782367,0.891184,8,25*1*1,30*1*1
1239,169.182,99,1,0,0.821305,0.910652,8,25*1*1,30*1*1
1240,197.452,132,1,0,0.81007,0.905035,9,25*1*1,50*1*1
1241,0,0,0,0,0,0,0,1*1*1,1*1*1
1242,479.775,632,0,0,0.945443,0.972722,17,25*2*2,150*2*1
1243,448.027,526,1,0,0.959317,0.979659,16,25*2*2,50*4*1
1244,330.691,394,0,0,0.931383,0.965692,15,25*3*1,75*2*1
1245,357.704,395,1,0,0.861047,0.930524,15,25*3*1,75*2*1
1246,555.876,789,1,0,0.914862,0.957431,18,25*6*1,150*2*1
1247,547.3,632,0,0,0.828796,0.914398,17,25*2*2,150*2*1
1248,336.133,394,0,0,0.916304,0.958152,15,25*3*1,75*2*1
1249,12.3406,0,0,0,0,0,0,1*1*1,1*1*1
1250,94.4406,19,0,0,0.982099,0.991049,4,5*1*1,6*1*1
1251,461.186,526,0,0,0.931945,0.965973,16,25*2*2,50*4*1
1252,0,0,0,0,0,0,0,1*1*1,1*1*1
1253,225.233,174,0,0,0.890411,0.945206,10,25*2*1,50*1*1
1254,94.3636,19,0,0,0.9829,0.99145,4,5*1*1,6*1*1
1255,343.261,394,0,0,0.897276,0.948638,15,25*3*1,75*2*1
1256,606.955,788,0,0,0.837871,0.918936,18,25*6*1,150*2*1
1257,196.357,131,0,0,0.814588,0.907294,9,25*1*1,50*1*1
1258,393.63,394,0,0,0.782461,0.89123,15,25*3*1,75*2*1
1259,1167.01,2110,0,0,0.875742,0.937871,21,25*6*2,150*8*1
1260,2856.76,4860,0,0,0.754824,0.877412,27,25*6*5,150*16*1
1261,5307.31,10346,0,0,0.913825,0.956912,33,25*6*9,150*16*3
1262,16083.4,12934,0,0,0.385289,0.692644,35,25*6*11,150*16*4
1263,6452.81,11150,0,0,0.793422,0.896711,34,25*6*10,150*16*3
1264,16334.4,12934,0,0,0.379368,0.689684,35,25*6*11,150*16*4
1265,788.606,1055,0,0,0.747839,0.873919,19,25*6*1,150*4*1
1266,10570.4,12934,0,0,0.586236,0.793118,35,25*6*11,150*16*4
1267,7903.32,12935,1,0,0.784069,0.892035,35,25*6*11,150*16*4
1268,1585.11,2432,0,0,0.771271,0.885636,22,25*3*5,150*8*1
1269,16082.3,12934,0,0,0.385315,0.692657,35,25*6*11,150*16*4
1270,2484.51,4217,0,0,0.759305,0.879652,25,25*6*4,150*16*1
1271,20410.6,12934,0,0,0.303604,0.651802,35,25*6*11,150*16*4
1272,12841.2,12935,1,0,0.482568,0.741284,35,25*6*11,150*16*4
1273,3096.52,5584,0,0,0.902998,0.951499,28,25*6*5,150*8*3
1274,3468.91,6034,1,0,0.854289,0.927144,29,25*6*5,150*16*2
1275,3898.94,7698,0,0,0.898488,0.949244,30,25*6*7,150*16*2
1276,2693.85,4552,0,0,0.794235,0.897118,26,25*3*9,150*16*1
1277,3249.73,6033,0,0,0.911907,0.955953,29,25*6*5,150*16*2
1278,1329.07,2110,0,0,0.768959,0.884479,21,25*6*2,150*8*1
1279,1230.67,2110,1,0,0.830442,0.915221,21,25*6*2,150*8*1
1280,1989.65,3854,1,0,0.92652,0.96326,24,25*3*7,150*16*1
1281,2858.78,4860,0,0,0.75429,0.877145,27,25*6*5,150*16*1
1282,3875.38,7698,0,0,0.90395,0.951975,30,25*6*7,150*16*2
1283,4334.48,7699,1,0,0.808205,0.904103,30,25*6*7,150*16*2
1284,12595.5,12934,0,0,0.491981,0.745991,35,25*6*11,150*16*4
1285,1221.06,2110,0,0,0.836978,0.918489,21,25*6*2,150*8*1
1286,2057.81,3853,0,0,0.895831,0.947916,24,25*3*7,150*16*1
1287,2546.61,4217,0,0,0.740789,0.870394,25,25*6*4,150*16*1
1288,6811.99,12934,0,0,0.909683,0.954841,35,25*6*11,150*16*4
1289,2946.38,5584,0,0,0.949012,0.974506,28,25*6*5,150*8*3
1290,1447.18,2110,0,0,0.706201,0.853101,21,25*6*2,150*8*1
1291,334.69,394,0,0,0.920255,0.960127,15,25*3*1,75*2*1
1292,1385.94,2110,0,0,0.737406,0.868703,21,25*6*2,150*8*1
1293,795.325,1055,0,0,0.741521,0.87076,19,25*6*1,150*4*1
1294,878.578,1665,0,0,1.05449,1.02724,20,25*3*3,150*8*1
1295,1488.51,2110,0,0,0.686593,0.843296,21,25*6*2,150*8*1
1296,841.806,1055,0,0,0.700577,0.850289,19,25*6*1,150*4*1
1297,744.788,1056,1,0,0.791836,0.895918,19,25*6*1,150*4*1
1298,2529.38,4217,0,0,0.745835,0.872917,25,25*6*4,150*16*1
1299,2437.81,4218,1,0,0.77385,0.886925,25,25*6*4,150*16*1
1300,2235.11,3853,0,0,0.824769,0.912385,24,25*3*7,150*16*1
1301,2138.39,3854,1,0,0.862074,0.931037,24,25*3*7,150*16*1
1302,3218.19,5584,0,0,0.868858,0.934429,28,25*6*5,150*8*3
1303,3108.55,5585,1,0,0.899503,0.949751,28,25*6*5,150*8*3
1304,2690.69,4552,0,0,0.795168,0.897584,26,25*3*9,150*16*1
1305,15963,12934,0,0,0.388195,0.694097,35,25*6*11,150*16*4
1306,16317.8,12935,1,0,0.379754,0.689877,35,25*6*11,150*16*4
1307,20157,12934,1,0,0.307424,0.653712,35,25*6*11,150*16*4
1308,5101.56,9491,0,0,0.897784,0.948892,32,25*6*8,150*16*3
1309,4844.47,9491,1,0,0.945428,0.972714,32,25*6*8,150*16*3
1310,16292.9,12934,0,0,0.380334,0.690167,35,25*6*11,150*16*4
1311,6272.56,11150,0,0,0.816222,0.908111,34,25*6*10,150*16*3
1312,6696.27,12934,0,0,0.925403,0.962702,35,25*6*11,150*16*4
1313,6429.27,11150,0,0,0.796327,0.898163,34,25*6*10,150*16*3
1314,16146.6,12934,0,0,0.38378,0.69189,35,25*6*11,150*16*4
1315,16208.6,12935,1,0,0.382312,0.691156,35,25*6*11,150*16*4
1316,10514.6,12934,1,0,0.589347,0.794674,35,25*6*11,150*16*4
1317,7880.82,12935,1,0,0.786308,0.893154,35,25*6*11,150*16*4
1318,15982.9,12934,1,0,0.387711,0.693856,35,25*6*11,150*16*4
1319,8189.28,12935,1,0,0.75669,0.878345,35,25*6*11,150*16*4
1320,12786.9,12935,1,0,0.484617,0.742309,35,25*6*11,150*16*4
1321,8064.45,12934,1,0,0.768403,0.884202,35,25*6*11,150*16*4
1322,8084.63,12935,1,0,0.766485,0.883243,35,25*6*11,150*16*4
1323,7951.48,12934,1,0,0.77932,0.88966,35,25*6*11,150*16*4
1324,8123.31,12935,1,0,0.762836,0.881418,35,25*6*11,150*16*4
1325,7786.76,12934,1,0,0.795806,0.897903,35,25*6*11,150*16*4
1326,10294.7,12935,1,0,0.601936,0.800968,35,25*6*11,150*16*4
1327,6505.01,12935,1,0,0.952612,0.976306,35,25*6*11,150*16*4
1328,8232.59,12934,1,0,0.75271,0.876355,35,25*6*11,150*16*4
1329,6471.99,12935,1,0,0.957472,0.978736,35,25*6*11,150*16*4
1330,5101.35,9491,0,0,0.897821,0.948911,32,25*6*8,150*16*3
1331,1839.91,3662,0,0,1.00192,1.00096,24,25*3*7,150*16*1
1332,1647.47,3019,0,0,0.939228,0.969614,23,25*3*5,150*16*1
1333,1923.75,3829,0,0,0.958259,0.979129,24,25*3*7,150*16*1
1334,2628.16,4217,0,0,0.717803,0.858901,25,25*6*4,150*16*1
1335,5339.56,10346,0,0,0.908305,0.954153,33,25*6*9,150*16*3
1336,5355.11,10347,1,0,0.905668,0.952834,33,25*6*9,150*16*3
1337,20476.9,12934,0,0,0.302621,0.651311,35,25*6*11,150*16*4
1338,3169.64,5584,0,0,0.882166,0.941083,28,25*6*5,150*8*3
1339,6038.78,11150,0,0,0.84782,0.92391,34,25*6*10,150*16*3
1340,20322.5,12934,0,0,0.304921,0.65246,35,25*6*11,150*16*4
1341,12668.6,12935,1,0,0.489142,0.744571,35,25*6*11,150*16*4
1342,12924.9,12934,1,0,0.479443,0.739721,35,25*6*11,150*16*4
1343,6479.19,12935,1,0,0.956408,0.978204,35,25*6*11,150*16*4
1344,12349.7,12934,1,0,0.501773,0.750887,35,25*6*11,150*16*4
1345,12571,12935,1,0,0.49294,0.74647,35,25*6*11,150*16*4
1346,8145.81,12935,1,0,0.760729,0.880364,35,25*6*11,150*16*4
1347,2241.64,3853,0,0,0.822367,0.911183,24,25*3*7,150*16*1
1348,917.595,1728,0,0,1.00965,1.00483,20,25*3*3,150*8*1
1349,514.316,633,1,0,0.881948,0.940974,17,25*2*2,150*2*1
1350,279.225,263,0,0,0.86364,0.93182,13,25*2*1,50*2*1
1351,251.448,225,1,0,0.901976,0.950988,12,25*2*1,75*1*1
1352,490.149,632,0,0,0.925433,0.962716,17,25*2*2,150*2*1
1353,0,0,0,0,0,0,0,1*1*1,1*1*1
1354,477.558,633,1,0,0.949832,0.974916,17,25*2*2,150*2*1
1355,727.753,1055,0,0,0.810371,0.905186,19,25*6*1,150*4*1
1356,454.081,526,0,0,0.946527,0.973264,16,25*2*2,50*4*1
1357,269.201,263,0,0,0.895799,0.9479,13,25*2*1,50*2*1
1358,1138.53,2110,0,0,0.897649,0.948824,21,25*6*2,150*8*1
1359,1868.01,3718,0,0,0.986852,0.993426,24,25*3*7,150*16*1
1360,1878.69,3740,1,0,0.981242,0.990621,24,25*3*7,150*16*1
1361,4351.87,7699,1,0,0.804976,0.902488,30,25*6*7,150*16*2
1362,5137.31,9491,0,0,0.891537,0.945768,32,25*6*8,150*16*3
1363,6516.58,12934,0,0,0.950921,0.97546,35,25*6*11,150*16*4
1364,4148.49,7698,0,0,0.84444,0.92222,30,25*6*7,150*16*2
1365,1919.16,3821,1,0,0.96055,0.980275,24,25*3*7,150*16*1
1366,2291.86,4217,0,0,0.823131,0.911565,25,25*6*4,150*16*1
1367,635.905,789,1,0,0.799726,0.899863,18,25*6*1,150*2*1
1368,1605.99,2432,1,0,0.761244,0.880622,22,25*3*5,150*8*1
1369,0,0,0,0,0,0,0,1*1*1,1*1*1
1370,394.356,394,0,0,0.78102,0.89051,15,25*3*1,75*2*1
1371,764.364,1055,0,0,0.771556,0.885778,19,25*6*1,150*4*1
1372,97.7432,19,0,0,0.948915,0.974458,4,5*1*1,6*1*1
1373,284.984,263,0,0,0.846188,0.923094,13,25*2*1,50*2*1
1374,405.341,394,1,0,0.759854,0.879927,15,25*3*1,75*2*1
1375,351.245,395,1,0,0.876881,0.93844,15,25*3*1,75*2*1
1376,612.627,789,1,0,0.830114,0.915057,18,25*6*1,150*2*1
1377,465.018,526,0,0,0.924265,0.962133,16,25*2*2,50*4*1
1378,774.529,1055,0,0,0.76143,0.880715,19,25*6*1,150*4*1
1379,491.655,632,0,0,0.922598,0.961299,17,25*2*2,150*2*1
1380,331.673,394,0,0,0.928625,0.964313,15,25*3*1,75*2*1
1381,335.808,395,1,0,0.917191,0.958595,15,25*3*1,75*2*1
1382,528.931,632,0,0,0.857579,0.928789,17,25*2*2,150*2*1
1383,1103.69,1728,0,0,0.839411,0.919706,20,25*3*3,150*8*1
1384,3039.98,5584,0,0,0.919792,0.959896,28,25*6*5,150*8*3
1385,4830.47,8424,0,0,0.781083,0.890542,31,25*6*8,150*16*2
1386,5047.86,9491,0,0,0.907335,0.953667,32,25*6*8,150*16*3
1387,919.927,1728,0,0,1.00709,1.00355,20,25*3*3,150*8*1
1388,16353,12934,0,0,0.378937,0.689468,35,25*6*11,150*16*4
1389,1969.53,3853,0,0,0.935985,0.967992,24,25*3*7,150*16*1
1390,19922,12934,0,0,0.311051,0.655525,35,25*6*11,150*16*4
1391,2572.53,4217,0,0,0.733325,0.866662,25,25*6*4,150*16*1
1392,2368.15,4218,1,0,0.796613,0.898307,25,25*6*4,150*16*1
1393,3029.44,5584,0,0,0.922992,0.961496,28,25*6*5,150*8*3
1394,4245.58,7698,0,0,0.825129,0.912564,30,25*6*7,150*16*2
1395,3524.73,6033,0,0,0.840759,0.92038,29,25*6*5,150*16*2
1396,3717.95,6034,1,0,0.797066,0.898533,29,25*6*5,150*16*2
1397,1866.6,3715,0,0,0.987598,0.993799,24,25*3*7,150*16*1
1398,4196.62,7699,1,0,0.834755,0.917378,30,25*6*7,150*16*2
1399,4252.37,7699,1,0,0.823811,0.911906,30,25*6*7,150*16*2
1400,3258.97,6033,0,0,0.909321,0.954661,29,25*6*5,150*16*2
1401,2545.55,4217,0,0,0.741097,0.870549,25,25*6*4,150*16*1
1402,5198.27,9491,0,0,0.881082,0.940541,32,25*6*8,150*16*3
1403,4229.66,7698,0,0,0.828234,0.914117,30,25*6*7,150*16*2
1404,3882.95,7699,1,0,0.902188,0.951094,30,25*6*7,150*16*2
1405,2558.77,4217,0,0,0.737268,0.868634,25,25*6*4,150*16*1
1406,2098.34,3854,1,0,0.878528,0.939264,24,25*3*7,150*16*1
1407,3593.33,6033,0,0,0.824709,0.912354,29,25*6*5,150*16*2
1408,4118.84,7698,0,0,0.850519,0.925259,30,25*6*7,150*16*2
1409,3963.86,7699,1,0,0.883772,0.941886,30,25*6*7,150*16*2
1410,2757.55,4860,0,0,0.78198,0.89099,27,25*6*5,150*16*1
1411,4291.01,7698,0,0,0.816393,0.908196,30,25*6*7,150*16*2
1412,6400.3,11150,0,0,0.799931,0.899966,34,25*6*10,150*16*3
1413,5004.05,9491,0,0,0.915279,0.957639,32,25*6*8,150*16*3
1414,5372.82,10346,0,0,0.902682,0.951341,33,25*6*9,150*16*3
1415,2660.59,4217,0,0,0.709053,0.854527,25,25*6*4,150*16*1
1416,1851.78,3686,1,0,0.995502,0.997751,24,25*3*7,150*16*1
1417,481.371,633,1,0,0.942309,0.971154,17,25*2*2,150*2*1
1418,2237.11,3853,0,0,0.824032,0.912016,24,25*3*7,150*16*1
1419,419.941,394,0,0,0.733436,0.866718,15,25*3*1,75*2*1
1420,298.642,263,0,0,0.807489,0.903744,13,25*2*1,50*2*1
1421,148.33,98,1,0,0.936763,0.968381,8,25*1*1,30*1*1
1422,330.182,394,0,0,0.932819,0.966409,15,25*3*1,75*2*1
1423,869.077,1647,0,0,1.06602,1.03301,20,25*3*3,150*8*1
1424,1314.08,2110,0,0,0.77773,0.888865,21,25*6*2,150*8*1
1425,937.923,1728,0,0,0.987768,0.993884,20,25*3*3,150*8*1
1426,2193.99,3854,1,0,0.840227,0.920114,24,25*3*7,150*16*1
1427,1137.68,2110,0,0,0.898319,0.94916,21,25*6*2,150*8*1
1428,1822.16,3627,0,0,1.01168,1.00584,24,25*3*7,150*16*1
1429,195.297,131,0,0,0.819009,0.909504,9,25*1*1,50*1*1
1430,287.654,263,1,0,0.838334,0.919167,13,25*2*1,50*2*1
1431,528.144,632,0,0,0.858857,0.929428,17,25*2*2,150*2*1
1432,0,0,0,0,0,0,0,1*1*1,1*1*1
1433,512.231,633,1,0,0.885538,0.942769,17,25*2*2,150*2*1
1434,0,0,0,0,0,0,0,1*1*1,1*1*1
1435,198.026,131,0,0,0.807722,0.903861,9,25*1*1,50*1*1
1436,367.489,394,0,0,0.83812,0.91906,15,25*3*1,75*2*1
1437,145.351,98,0,0,0.955962,0.977981,8,25*1*1,30*1*1
1438,299.787,263,0,0,0.804404,0.902202,13,25*2*1,50*2*1
1439,141.483,87,1,0,0.94499,0.972495,7,25*1*1,25*1*1
1440,471.944,526,0,0,0.910701,0.955351,16,25*2*2,50*4*1
1441,433.542,526,1,0,0.991369,0.995684,16,25*2*2,50*4*1
1442,34.5325,0,0,0,0,0,0,1*1*1,1*1*1
1443,541.878,633,1,0,0.837089,0.918544,17,25*2*2,150*2*1
1444,1378.08,2110,1,0,0.741612,0.870806,21,25*6*2,150*8*1
1445,661.479,1055,0,0,0.891563,0.945781,19,25*6*1,150*4*1
1446,70.2251,0,0,0,0,0,0,1*1*1,1*1*1
1447,1372.53,2110,0,0,0.74461,0.872305,21,25*6*2,150*8*1
1448,2763.21,4860,0,0,0.780379,0.890189,27,25*6*5,150*16*1
1449,1565.86,2432,1,0,0.780753,0.890377,22,25*3*5,150*8*1
1450,3412.79,6033,0,0,0.868336,0.934168,29,25*6*5,150*16*2
1451,15778.1,12934,0,0,0.392744,0.696372,35,25*6*11,150*16*4
1452,20407.9,12935,1,0,0.303645,0.651822,35,25*6*11,150*16*4
1453,16097.4,12934,1,0,0.384953,0.692477,35,25*6*11,150*16*4
1454,15842.8,12935,1,0,0.39114,0.69557,35,25*6*11,150*16*4
1455,20135.9,12934,1,0,0.307746,0.653873,35,25*6*11,150*16*4
1456,12913.9,12935,1,0,0.479851,0.739926,35,25*6*11,150*16*4
1457,16002,12935,1,0,0.387248,0.693624,35,25*6*11,150*16*4
1458,25152.1,12934,1,0,0.246371,0.623186,35,25*6*11,150*16*4
1459,20220.9,12935,1,0,0.306453,0.653226,35,25*6*11,150*16*4
1460,16137.7,12934,1,0,0.383992,0.691996,35,25*6*11,150*16*4
1461,16046.1,12935,1,0,0.386184,0.693092,35,25*6*11,150*16*4
1462,15309.3,12934,1,0,0.40477,0.702385,35,25*6*11,150*16*4
1463,20018.8,12935,1,0,0.309547,0.654773,35,25*6*11,150*16*4
1464,10464.9,12935,1,0,0.592146,0.796073,35,25*6*11,150*16*4
1465,20209.7,12934,1,0,0.306623,0.653311,35,25*6*11,150*16*4
1466,25351.4,12935,1,0,0.244434,0.622217,35,25*6*11,150*16*4
1467,16058.4,12934,1,0,0.385888,0.692944,35,25*6*11,150*16*4
1468,12734,12935,1,0,0.48663,0.743315,35,25*6*11,150*16*4
1469,16410.2,12935,1,0,0.377616,0.688808,35,25*6*11,150*16*4
1470,25758.4,12934,1,0,0.240572,0.620286,35,25*6*11,150*16*4
1471,20025.1,12935,1,0,0.309449,0.654725,35,25*6*11,150*16*4
1472,25345.6,12934,1,0,0.24449,0.622245,35,25*6*11,150*16*4
1473,13080.6,12935,1,0,0.473736,0.736868,35,25*6*11,150*16*4
1474,12908.2,12934,1,0,0.480063,0.740032,35,25*6*11,150*16*4
1475,12888.1,12935,1,0,0.480812,0.740406,35,25*6*11,150*16*4
1476,15714.6,12934,1,0,0.394331,0.697165,35,25*6*11,150*16*4
1477,12460.4,12935,1,0,0.497315,0.748658,35,25*6*11,150*16*4
1478,12863.5,12934,1,0,0.481731,0.740866,35,25*6*11,150*16*4
1479,16175.5,12935,1,0,0.383095,0.691547,35,25*6*11,150*16*4
1480,12478.1,12935,1,0,0.49661,0.748305,35,25*6*11,150*16*4
1481,10013,12934,1,0,0.61887,0.809435,35,25*6*11,150*16*4
1482,12825.4,12935,1,0,0.483162,0.741581,35,25*6*11,150*16*4
1483,16405.3,12934,1,0,0.377729,0.688864,35,25*6*11,150*16*4
1484,15700.7,12935,1,0,0.39468,0.69734,35,25*6*11,150*16*4
1485,5212.19,10346,0,0,0.930501,0.965251,33,25*6*9,150*16*3
1486,16065.2,12934,0,0,0.385725,0.692863,35,25*6*11,150*16*4
1487,3982.07,7698,0,0,0.879731,0.939865,30,25*6*7,150*16*2
1488,71.3969,0,0,0,0,0,0,1*1*1,1*1*1
1489,404.066,394,0,0,0.762252,0.881126,15,25*3*1,75*2*1
1490,483.953,632,0,0,0.937281,0.968641,17,25*2*2,150*2*1
1491,484.355,633,1,0,0.936503,0.968252,17,25*2*2,150*2*1
1492,423.791,394,0,0,0.726773,0.863387,15,25*3*1,75*2*1
1493,623.869,788,0,0,0.815155,0.907578,18,25*6*1,150*2*1
1494,2267.57,4218,1,0,0.831948,0.915974,25,25*6*4,150*16*1
1495,774.219,1056,1,0,0.761735,0.880868,19,25*6*1,150*4*1
1496,10293.6,12934,0,0,0.602,0.801,35,25*6*11,150*16*4
1497,1729.51,3442,0,0,1.06588,1.03294,24,25*3*7,150*16*1
1498,20213.3,12934,0,0,0.306568,0.653284,35,25*6*11,150*16*4
1499,20175.6,12935,1,0,0.307141,0.65357,35,25*6*11,150*16*4
1500,12976.8,12934,1,0,0.477525,0.738763,35,25*6*11,150*16*4
1501,1531.85,2432,0,0,0.798087,0.899044,22,25*3*5,150*8*1
1502,7453.11,12934,0,0,0.831431,0.915716,35,25*6*11,150*16*4
1503,15652,12935,1,0,0.395908,0.697954,35,25*6*11,150*16*4
1504,15838.5,12934,1,0,0.391246,0.695623,35,25*6*11,150*16*4
1505,19061.9,12935,1,0,0.325086,0.662543,35,25*6*11,150*16*4
1506,12755.6,12934,1,0,0.485806,0.742903,35,25*6*11,150*16*4
1507,1574.17,2432,0,0,0.776631,0.888316,22,25*3*5,150*8*1
1508,0,0,0,0,0,0,0,1*1*1,1*1*1
1509,101.877,19,0,0,0.910412,0.955206,4,5*1*1,6*1*1
1510,238.555,196,0,0,0.922848,0.961424,11,25*2*1,30*2*1
1511,1738.6,3460,0,0,1.06031,1.03015,24,25*3*7,150*16*1
1512,372.136,394,0,0,0.827654,0.913827,15,25*3*1,75*2*1
1513,245.24,225,1,0,0.924808,0.962404,12,25*2*1,75*1*1
1514,683.274,1055,0,0,0.863124,0.931562,19,25*6*1,150*4*1
1515,0,0,0,0,0,0,0,1*1*1,1*1*1
1516,0,0,0,0,0,0,0,1*1*1,1*1*1
1517,1613.39,2432,0,0,0.757752,0.878876,22,25*3*5,150*8*1
1518,2021.13,3853,0,0,0.912089,0.956044,24,25*3*7,150*16*1
1519,1740.61,3465,1,0,1.05908,1.02954,24,25*3*7,150*16*1
1520,0,0,0,0,0,0,0,1*1*1,1*1*1
1521,116.768,31,0,0,0.87524,0.93762,6,5*1*1,15*1*1
1522,166.356,98,0,0,0.835257,0.917628,8,25*1*1,30*1*1
1523,0,0,0,0,0,0,0,1*1*1,1*1*1
1524,620.212,788,0,0,0.819962,0.909981,18,25*6*1,150*2*1
1525,177.327,98,0,0,0.783581,0.89179,8,25*1*1,30*1*1
1526,253.856,225,0,0,0.89342,0.94671,12,25*2*1,75*1*1
1527,438.13,526,0,0,0.980987,0.990494,16,25*2*2,50*4*1
1528,0,0,0,0,0,0,0,1*1*1,1*1*1
1529,45.4251,0,0,0,0,0,0,1*1*1,1*1*1
1530,0,0,0,0,0,0,0,1*1*1,1*1*1
1531,0,0,0,0,0,0,0,1*1*1,1*1*1
1532,0,0,0,0,0,0,0,1*1*1,1*1*1
1533,150.62,98,0,0,0.92252,0.96126,8,25*1*1,30*1*1
1534,41.4484,0,0,0,0,0,0,1*1*1,1*1*1
1535,0,0,0,0,0,0,0,1*1*1,1*1*1
1536,0,0,0,0,0,0,0,1*1*1,1*1*1
1537,0,0,0,0,0,0,0,1*1*1,1*1*1
1538,0,0,0,0,0,0,0,1*1*1,1*1*1
1539,262.83,225,0,0,0.862915,0.931458,12,25*2*1,75*1*1
1540,667.122,1055,1,0,0.884021,0.942011,19,25*6*1,150*4*1
1541,144.978,98,0,0,0.958421,0.979211,8,25*1*1,30*1*1
1542,265.562,225,0,0,0.854038,0.927019,12,25*2*1,75*1*1
1543,410.506,395,1,0,0.750294,0.875147,15,25*3*1,75*2*1
1544,248.833,225,1,0,0.911455,0.955727,12,25*2*1,75*1*1
1545,681.083,1055,0,0,0.8659,0.93295,19,25*6*1,150*4*1
1546,117.126,31,0,0,0.872565,0.936282,6,5*1*1,15*1*1
1547,199.762,131,0,0,0.800703,0.900351,9,25*1*1,50*1*1
1548,119.357,31,0,0,0.856255,0.928127,6,5*1*1,15*1*1
1549,0,0,0,0,0,0,0,1*1*1,1*1*1
1550,0,0,0,0,0,0,0,1*1*1,1*1*1
1551,577.567,788,0,0,0.880504,0.940252,18,25*6*1,150*2*1
1552,0,0,0,0,0,0,0,1*1*1,1*1*1
1553,556.684,789,1,0,0.913534,0.956767,18,25*6*1,150*2*1
1554,0,0,0,0,0,0,0,1*1*1,1*1*1
1555,436.79,526,0,0,0.983997,0.991998,16,25*2*2,50*4*1
1556,0,0,0,0,0,0,0,1*1*1,1*1*1
1557,0,0,0,0,0,0,0,1*1*1,1*1*1
1558,624.484,788,0,0,0.814352,0.907176,18,25*6*1,150*2*1
1559,1050.5,1729,1,0,0.881913,0.940957,20,25*3*3,150*8*1
1560,3103.54,5584,0,0,0.900955,0.950478,28,25*6*5,150*8*3
1561,4718.09,8424,0,0,0.799688,0.899844,31,25*6*8,150*16*2
1562,15259.5,12934,0,0,0.406091,0.703046,35,25*6*11,150*16*4
1563,6724.39,12935,1,0,0.921533,0.960767,35,25*6*11,150*16*4
1564,15977.7,12934,1,0,0.387837,0.693919,35,25*6*11,150*16*4
1565,1209,2110,0,0,0.845327,0.922663,21,25*6*2,150*8*1
1566,9686.95,12934,0,0,0.639701,0.81985,35,25*6*11,150*16*4
1567,8720.5,12935,1,0,0.710596,0.855298,35,25*6*11,150*16*4
1568,1935.59,3852,0,0,0.952397,0.976198,24,25*3*7,150*16*1
1569,15180,12934,0,0,0.408218,0.704109,35,25*6*11,150*16*4
1570,2816.13,4860,0,0,0.765714,0.882857,27,25*6*5,150*16*1
1571,20602.6,12934,0,0,0.300775,0.650388,35,25*6*11,150*16*4
1572,12179.6,12935,1,0,0.508781,0.754391,35,25*6*11,150*16*4
1573,3541.96,6033,0,0,0.83667,0.918335,29,25*6*5,150*16*2
1574,3363.31,6034,1,0,0.881111,0.940556,29,25*6*5,150*16*2
1575,3974.24,7698,0,0,0.881464,0.940732,30,25*6*7,150*16*2
1576,2473.81,4217,0,0,0.762589,0.881294,25,25*6*4,150*16*1
1577,3353.67,6033,0,0,0.883644,0.941822,29,25*6*5,150*16*2
1578,1980.91,3853,0,0,0.930608,0.965304,24,25*3*7,150*16*1
1579,1435.45,2110,0,0,0.711972,0.855986,21,25*6*2,150*8*1
1580,1884.18,3750,0,0,0.978383,0.989192,24,25*3*7,150*16*1
1581,3087.63,5584,0,0,0.905597,0.952799,28,25*6*5,150*8*3
1582,3378.55,6034,1,0,0.877137,0.938568,29,25*6*5,150*16*2
1583,4301.24,7698,0,0,0.814451,0.907226,30,25*6*7,150*16*2
1584,12049.5,12934,0,0,0.514274,0.757137,35,25*6*11,150*16*4
1585,625.071,788,0,0,0.813588,0.906794,18,25*6*1,150*2*1
1586,2173.02,3854,1,0,0.848335,0.924168,24,25*3*7,150*16*1
1587,3307.09,6033,0,0,0.89609,0.948045,29,25*6*5,150*16*2
1588,6469.68,12934,0,0,0.957814,0.978907,35,25*6*11,150*16*4
1589,2152.94,3853,0,0,0.856248,0.928124,24,25*3*7,150*16*1
1590,1033.12,1728,0,0,0.89675,0.948375,20,25*3*3,150*8*1
1591,546.8,633,1,0,0.829554,0.914777,17,25*2*2,150*2*1
1592,760.848,1055,0,0,0.775122,0.887561,19,25*6*1,150*4*1
1593,1150.71,2110,0,0,0.888147,0.944074,21,25*6*2,150*8*1
1594,1483.41,2110,1,0,0.688953,0.844477,21,25*6*2,150*8*1
1595,1846.34,3676,1,0,0.998435,0.999217,24,25*3*7,150*16*1
1596,792.485,1055,0,0,0.744178,0.872089,19,25*6*1,150*4*1
1597,43.7316,0,0,0,0,0,0,1*1*1,1*1*1
1598,2518.01,4217,0,0,0.749203,0.874601,25,25*6*4,150*16*1
1599,2244.93,3854,1,0,0.821161,0.910581,24,25*3*7,150*16*1
1600,2313.23,4217,0,0,0.815526,0.907763,25,25*6*4,150*16*1
1601,2978.58,5584,0,0,0.938753,0.969376,28,25*6*5,150*8*3
1602,3704.18,6034,1,0,0.800029,0.900014,29,25*6*5,150*16*2
1603,3842.7,6034,1,0,0.77119,0.885595,29,25*6*5,150*16*2
1604,1907.48,3796,0,0,0.966432,0.983216,24,25*3*7,150*16*1
1605,16435.6,12934,0,0,0.377032,0.688516,35,25*6*11,150*16*4
1606,16234.8,12935,1,0,0.381695,0.690848,35,25*6*11,150*16*4
1607,19615.5,12934,1,0,0.315911,0.657955,35,25*6*11,150*16*4
1608,4847.39,9491,0,0,0.944859,0.972429,32,25*6*8,150*16*3
1609,4579.71,8425,1,0,0.823851,0.911926,31,25*6*8,150*16*2
1610,15894.4,12934,0,0,0.38987,0.694935,35,25*6*11,150*16*4
1611,6120.98,11150,0,0,0.836435,0.918217,34,25*6*10,150*16*3
1612,6659.26,12934,0,0,0.930546,0.965273,35,25*6*11,150*16*4
1613,6120.95,11150,0,0,0.836439,0.918219,34,25*6*10,150*16*3
1614,15882.8,12934,0,0,0.390155,0.695077,35,25*6*11,150*16*4
1615,16472.4,12935,1,0,0.37619,0.688095,35,25*6*11,150*16*4
1616,10227.3,12934,1,0,0.605903,0.802951,35,25*6*11,150*16*4
1617,8120.05,12935,1,0,0.763142,0.881571,35,25*6*11,150*16*4
1618,16244.8,12934,1,0,0.381461,0.69073,35,25*6*11,150*16*4
1619,7789.32,12935,1,0,0.795544,0.897772,35,25*6*11,150*16*4
1620,12516.3,12935,1,0,0.495094,0.747547,35,25*6*11,150*16*4
1621,7930.32,12934,1,0,0.7814,0.8907,35,25*6*11,150*16*4
1622,8152.17,12935,1,0,0.760135,0.880068,35,25*6*11,150*16*4
1623,7957.25,12934,1,0,0.778755,0.889378,35,25*6*11,150*16*4
1624,7757.67,12935,1,0,0.79879,0.899395,35,25*6*11,150*16*4
1625,8241.72,12934,1,0,0.751876,0.875938,35,25*6*11,150*16*4
1626,9771.85,12935,1,0,0.634143,0.817071,35,25*6*11,150*16*4
1627,7142.14,12935,1,0,0.867632,0.933816,35,25*6*11,150*16*4
1628,7792.92,12934,1,0,0.795177,0.897588,35,25*6*11,150*16*4
1629,5741.6,11150,0,0,0.891703,0.945851,34,25*6*10,150*16*3
1630,4141.92,7698,0,0,0.845779,0.92289,30,25*6*7,150*16*2
1631,2887.05,4860,0,0,0.746904,0.873452,27,25*6*5,150*16*1
1632,1582.09,2432,1,0,0.772744,0.886372,22,25*3*5,150*8*1
1633,2635.4,4218,1,0,0.715831,0.857915,25,25*6*4,150*16*1
1634,2757.91,4860,0,0,0.781878,0.890939,27,25*6*5,150*16*1
1635,4802.37,8424,0,0,0.785654,0.892827,31,25*6*8,150*16*2
1636,5347.52,10346,0,0,0.906953,0.953477,33,25*6*9,150*16*3
1637,20385.6,12934,0,0,0.303977,0.651988,35,25*6*11,150*16*4
1638,3083.11,5584,0,0,0.906925,0.953463,28,25*6*5,150*8*3
1639,6336.67,11150,0,0,0.807964,0.903982,34,25*6*10,150*16*3
1640,19514.3,12934,0,0,0.317549,0.658775,35,25*6*11,150*16*4
1641,13003.9,12935,1,0,0.47653,0.738265,35,25*6*11,150*16*4
1642,12352.1,12934,1,0,0.501676,0.750838,35,25*6*11,150*16*4
1643,6289.46,11150,0,0,0.814029,0.907014,34,25*6*10,150*16*3
1644,12510.3,12934,0,0,0.495332,0.747666,35,25*6*11,150*16*4
1645,12352.9,12935,1,0,0.501643,0.750822,35,25*6*11,150*16*4
1646,8239.32,12934,1,0,0.752095,0.876047,35,25*6*11,150*16*4
1647,2231.93,3853,0,0,0.825944,0.912972,24,25*3*7,150*16*1
1648,921.417,1728,0,0,1.00546,1.00273,20,25*3*3,150*8*1
1649,765.947,1056,1,0,0.769962,0.884981,19,25*6*1,150*4*1
1650,720.232,1055,1,0,0.818833,0.909417,19,25*6*1,150*4*1
1651,73.5151,0,0,0,0,0,0,1*1*1,1*1*1
1652,958.976,1729,1,0,0.966083,0.983041,20,25*3*3,150*8*1
1653,0,0,0,0,0,0,0,1*1*1,1*1*1
1654,0,0,0,0,0,0,0,1*1*1,1*1*1
1655,222.894,174,0,0,0.899755,0.949878,10,25*2*1,50*1*1
1656,631.732,788,0,0,0.805009,0.902505,18,25*6*1,150*2*1
1657,0,0,0,0,0,0,0,1*1*1,1*1*1
1658,1760.12,3504,1,0,1.04734,1.02367,24,25*3*7,150*16*1
1659,1175.46,2110,0,0,0.869447,0.934723,21,25*6*2,150*8*1
1660,1585.97,2432,0,0,0.770853,0.885427,22,25*3*5,150*8*1
1661,3581.65,6033,1,0,0.827398,0.913699,29,25*6*5,150*16*2
1662,6187.04,11150,0,0,0.827504,0.913752,34,25*6*10,150*16*3
1663,7019.61,12934,0,0,0.882777,0.941388,35,25*6*11,150*16*4
1664,4577.22,8424,0,0,0.824299,0.91215,31,25*6*8,150*16*2
1665,1295.19,2110,0,0,0.789073,0.894537,21,25*6*2,150*8*1
1666,1409.96,2110,1,0,0.724843,0.862422,21,25*6*2,150*8*1
1667,1044.02,1729,1,0,0.887387,0.943694,20,25*3*3,150*8*1
1668,1531.39,2432,0,0,0.798327,0.899164,22,25*3*5,150*8*1
1669,256.774,225,0,0,0.883267,0.941633,12,25*2*1,75*1*1
1670,482.945,632,0,0,0.939237,0.969619,17,25*2*2,150*2*1
1671,578.295,788,0,0,0.879395,0.939698,18,25*6*1,150*2*1
1672,51.7029,0,0,0,0,0,0,1*1*1,1*1*1
1673,0,0,0,0,0,0,0,1*1*1,1*1*1
1674,0,0,0,0,0,0,0,1*1*1,1*1*1
1675,0,0,0,0,0,0,0,1*1*1,1*1*1
1676,105.832,26,0,0,0.916075,0.958037,5,5*1*1,10*1*1
1677,8.59027,0,0,0,0,0,0,1*1*1,1*1*1
1678,493.265,632,0,0,0.919587,0.959793,17,25*2*2,150*2*1
1679,409.315,394,0,0,0.752477,0.876238,15,25*3*1,75*2*1
1680,330.409,395,1,0,0.932178,0.966089,15,25*3*1,75*2*1
1681,0,0,0,0,0,0,0,1*1*1,1*1*1
1682,766.88,1055,1,0,0.769025,0.884513,19,25*6*1,150*4*1
1683,822.826,1056,1,0,0.716737,0.858369,19,25*6*1,150*4*1
1684,2671.81,4217,0,0,0.706076,0.853038,25,25*6*4,150*16*1
1685,6022.47,11150,0,0,0.850116,0.925058,34,25*6*10,150*16*3
1686,4226.78,7698,0,0,0.828799,0.914399,30,25*6*7,150*16*2
1687,1276.51,2110,0,0,0.80062,0.90031,21,25*6*2,150*8*1
1688,15514.2,12934,0,0,0.399424,0.699712,35,25*6*11,150*16*4
1689,2543.19,4217,0,0,0.741785,0.870892,25,25*6*4,150*16*1
1690,20169.8,12934,0,0,0.307229,0.653615,35,25*6*11,150*16*4
1691,2165.56,3853,0,0,0.851258,0.925629,24,25*3*7,150*16*1
1692,2361.7,4217,0,0,0.798789,0.899395,25,25*6*4,150*16*1
1693,3875.52,7698,0,0,0.903917,0.951959,30,25*6*7,150*16*2
1694,3898.64,7699,1,0,0.898557,0.949278,30,25*6*7,150*16*2
1695,3513.31,6033,0,0,0.843492,0.921746,29,25*6*5,150*16*2
1696,2378.39,4217,0,0,0.793184,0.896592,25,25*6*4,150*16*1
1697,2055.81,3854,1,0,0.896703,0.948351,24,25*3*7,150*16*1
1698,4116.2,7699,1,0,0.851064,0.925532,30,25*6*7,150*16*2
1699,4674.41,8424,0,0,0.807161,0.90358,31,25*6*8,150*16*2
1700,3014.58,5584,0,0,0.927542,0.963771,28,25*6*5,150*8*3
1701,2611.23,4217,0,0,0.722456,0.861228,25,25*6*4,150*16*1
1702,4819.27,8424,0,0,0.782899,0.891449,31,25*6*8,150*16*2
1703,4366.1,7699,1,0,0.802352,0.901176,30,25*6*7,150*16*2
1704,4510.11,8424,0,0,0.836565,0.918282,31,25*6*8,150*16*2
1705,3317.31,6034,1,0,0.893329,0.946665,29,25*6*5,150*16*2
1706,1554.08,2433,1,0,0.786671,0.893336,22,25*3*5,150*8*1
1707,2393.84,4217,0,0,0.788064,0.894032,25,25*6*4,150*16*1
1708,3734.29,6033,0,0,0.793578,0.896789,29,25*6*5,150*16*2
1709,4442.39,8424,0,0,0.849318,0.924659,31,25*6*8,150*16*2
1710,1848.69,3679,0,0,0.997166,0.998583,24,25*3*7,150*16*1
1711,3520.24,6033,0,0,0.841832,0.920916,29,25*6*5,150*16*2
1712,6800.41,12934,0,0,0.911232,0.955616,35,25*6*11,150*16*4
1713,5594.8,11150,0,0,0.9151,0.95755,34,25*6*10,150*16*3
1714,5400.78,10346,0,0,0.898009,0.949005,33,25*6*9,150*16*3
1715,2006.34,3853,0,0,0.918812,0.959406,24,25*3*7,150*16*1
1716,1131.81,1728,0,0,0.818556,0.909278,20,25*3*3,150*8*1
1717,975.545,1729,1,0,0.949674,0.974837,20,25*3*3,150*8*1
1718,1747.99,3479,0,0,1.05461,1.02731,24,25*3*7,150*16*1
1719,0,0,0,0,0,0,0,1*1*1,1*1*1
1720,0,0,0,0,0,0,0,1*1*1,1*1*1
1721,529.581,632,0,0,0.856526,0.928263,17,25*2*2,150*2*1
1722,1090.02,1728,0,0,0.849939,0.924969,20,25*3*3,150*8*1
1723,1046.11,1729,1,0,0.885614,0.942807,20,25*3*3,150*8*1
1724,941.979,1729,1,0,0.983514,0.991757,20,25*3*3,150*8*1
1725,977.604,1729,1,0,0.947674,0.973837,20,25*3*3,150*8*1
1726,2358.43,4217,0,0,0.799897,0.899948,25,25*6*4,150*16*1
1727,1051.51,1729,1,0,0.881066,0.940533,20,25*3*3,150*8*1
1728,137.689,87,0,0,0.971029,0.985514,7,25*1*1,25*1*1
1729,462.848,526,0,0,0.928599,0.964299,16,25*2*2,50*4*1
1730,533.268,632,1,0,0.850604,0.925302,17,25*2*2,150*2*1
1731,1068.44,1728,0,0,0.867105,0.933553,20,25*3*3,150*8*1
1732,153.007,98,0,0,0.908128,0.954064,8,25*1*1,30*1*1
1733,398.196,394,0,0,0.773488,0.886744,15,25*3*1,75*2*1
1734,497.162,632,0,0,0.912379,0.956189,17,25*2*2,150*2*1
1735,958.045,1728,0,0,0.967021,0.983511,20,25*3*3,150*8*1
1736,0,0,0,0,0,0,0,1*1*1,1*1*1
1737,0,0,0,0,0,0,0,1*1*1,1*1*1
1738,0,0,0,0,0,0,0,1*1*1,1*1*1
1739,0,0,0,0,0,0,0,1*1*1,1*1*1
1740,334.165,394,0,0,0.9217,0.96085,15,25*3*1,75*2*1
1741,1049.62,1728,0,0,0.882653,0.941326,20,25*3*3,150*8*1
1742,318.693,314,0,0,0.88408,0.94204,14,25*3*1,50*2*1
1743,768.928,1055,0,0,0.766977,0.883488,19,25*6*1,150*4*1
1744,1180.7,2110,0,0,0.865588,0.932794,21,25*6*2,150*8*1
1745,1124.7,1728,0,0,0.823731,0.911865,20,25*3*3,150*8*1
1746,0,0,0,0,0,0,0,1*1*1,1*1*1
1747,1001.89,1729,1,0,0.924702,0.962351,20,25*3*3,150*8*1
1748,2060.01,3853,0,0,0.894874,0.947437,24,25*3*7,150*16*1
1749,1685.63,3019,0,0,0.917965,0.958983,23,25*3*5,150*16*1
1750,2796.95,4861,1,0,0.770965,0.885482,27,25*6*5,150*16*1
1751,15838.1,12934,0,0,0.391256,0.695628,35,25*6*11,150*16*4
1752,20275.8,12935,1,0,0.305623,0.652811,35,25*6*11,150*16*4
1753,15508.9,12934,1,0,0.399561,0.69978,35,25*6*11,150*16*4
1754,16593.7,12935,1,0,0.37344,0.68672,35,25*6*11,150*16*4
1755,19486.7,12934,1,0,0.317999,0.658999,35,25*6*11,150*16*4
1756,12161.4,12935,1,0,0.509542,0.754771,35,25*6*11,150*16*4
1757,15271.9,12935,1,0,0.405762,0.702881,35,25*6*11,150*16*4
1758,25193.5,12934,1,0,0.245966,0.622983,35,25*6*11,150*16*4
1759,19616.1,12935,1,0,0.315901,0.657951,35,25*6*11,150*16*4
1760,15185,12934,1,0,0.408084,0.704042,35,25*6*11,150*16*4
1761,16321.9,12935,1,0,0.379659,0.689829,35,25*6*11,150*16*4
1762,15704.8,12934,1,0,0.394577,0.697288,35,25*6*11,150*16*4
1763,19740.3,12935,1,0,0.313914,0.656957,35,25*6*11,150*16*4
1764,10009.5,12935,1,0,0.619087,0.809543,35,25*6*11,150*16*4
1765,20506.9,12934,1,0,0.302179,0.651089,35,25*6*11,150*16*4
1766,25139.9,12935,1,0,0.246491,0.623245,35,25*6*11,150*16*4
1767,15834.1,12934,1,0,0.391355,0.695677,35,25*6*11,150*16*4
1768,12361.5,12935,1,0,0.501294,0.750647,35,25*6*11,150*16*4
1769,16285.1,12935,1,0,0.380517,0.690258,35,25*6*11,150*16*4
1770,25436.6,12934,1,0,0.243615,0.621808,35,25*6*11,150*16*4
1771,19915.9,12935,1,0,0.311146,0.655573,35,25*6*11,150*16*4
1772,24709.5,12934,1,0,0.250784,0.625392,35,25*6*11,150*16*4
1773,13508.4,12935,1,0,0.458733,0.729367,35,25*6*11,150*16*4
1774,13114.9,12934,1,0,0.472497,0.736248,35,25*6*11,150*16*4
1775,13001.4,12935,1,0,0.476622,0.738311,35,25*6*11,150*16*4
1776,15278.2,12934,1,0,0.405594,0.702797,35,25*6*11,150*16*4
1777,12030.9,12935,1,0,0.51507,0.757535,35,25*6*11,150*16*4
1778,13240.2,12934,1,0,0.468025,0.734013,35,25*6*11,150*16*4
1779,16112.6,12935,1,0,0.38459,0.692295,35,25*6*11,150*16*4
1780,12868.8,12935,1,0,0.481533,0.740766,35,25*6*11,150*16*4
1781,9997.93,12934,1,0,0.619803,0.809902,35,25*6*11,150*16*4
1782,13547.2,12935,1,0,0.457419,0.72871,35,25*6*11,150*16*4
1783,15422.9,12934,1,0,0.401789,0.700894,35,25*6*11,150*16*4
1784,15684.7,12935,1,0,0.395082,0.697541,35,25*6*11,150*16*4
1785,4670.52,8424,0,0,0.807833,0.903916,31,25*6*8,150*16*2
1786,15525.1,12934,0,0,0.399144,0.699572,35,25*6*11,150*16*4
1787,4052.45,7698,0,0,0.864452,0.932226,30,25*6*7,150*16*2
1788,597.703,788,0,0,0.850841,0.92542,18,25*6*1,150*2*1
1789,345.714,394,0,0,0.89091,0.945455,15,25*3*1,75*2*1
1790,140.798,87,0,0,0.949587,0.974794,7,25*1*1,25*1*1
1791,128.156,31,0,0,0.797466,0.898733,6,5*1*1,15*1*1
1792,0,0,0,0,0,0,0,1*1*1,1*1*1
1793,293.243,263,0,0,0.822356,0.911178,13,25*2*1,50*2*1
1794,1587.39,2432,0,0,0.770164,0.885082,22,25*3*5,150*8*1
1795,1304.62,2110,0,0,0.78337,0.891685,21,25*6*2,150*8*1
1796,9835.32,12934,0,0,0.630051,0.815025,35,25*6*11,150*16*4
1797,1655.42,3019,0,0,0.934717,0.967359,23,25*3*5,150*16*1
1798,20195.9,12934,0,0,0.306832,0.653416,35,25*6*11,150*16*4
1799,20402.4,12935,1,0,0.303727,0.651863,35,25*6*11,150*16*4
1800,13189.4,12934,1,0,0.469828,0.734914,35,25*6*11,150*16*4
