1,1585,398,0,0,0.970726,0.985363,42,25*4*2,64*2*2
2,7943,3188,0,0,0.991086,0.995543,79,25*4*10,64*16*2
3,15849,4782,0,0,0.580838,0.790419,82,25*4*13,64*16*3
4,15849,4782,1,0,0.580838,0.790419,82,25*4*13,64*16*3
5,19953,4782,1,0,0.461369,0.730685,82,25*4*13,64*16*3
6,12589,4782,1,0,0.73125,0.865625,82,25*4*13,64*16*3
7,1585,398,0,0,0.970726,0.985363,42,25*4*2,64*2*2
8,40,0,0,0,0,0,0,1*1*1,1*1*1
9,79,0,0,0,0,0,0,1*1*1,1*1*1
10,20,0,0,0,0,0,0,1*1*1,1*1*1
11,1585,399,1,0,0.970726,0.985363,42,25*4*2,64*2*2
12,316,49,0,0,0.99019,0.995095,9,25*1*1,32*1*1
13,20,0,0,0,0,0,0,1*1*1,1*1*1
14,200,12,0,0,0.9485,0.97425,3,5*1*1,8*1*1
15,126,0,0,0,0,0,0,1*1*1,1*1*1
16,50,0,0,0,0,0,0,1*1*1,1*1*1
17,1000,398,0,0,0.9709,0.98545,33,25*4*1,64*2*2
18,1585,398,0,0,0.970726,0.985363,42,25*4*2,64*2*2
19,1000,398,0,0,0.9709,0.98545,33,25*4*1,64*2*2
20,200,12,0,0,0.9485,0.97425,3,5*1*1,8*1*1
21,16,0,0,0,0,0,0,1*1*1,1*1*1
22,316,49,0,0,0.99019,0.995095,9,25*1*1,32*1*1
23,50,0,0,0,0,0,0,1*1*1,1*1*1
24,200,12,0,0,0.9485,0.97425,3,5*1*1,8*1*1
25,50,0,0,0,0,0,0,1*1*1,1*1*1
26,32,0,0,0,0,0,0,1*1*1,1*1*1
27,63,0,0,0,0,0,0,1*1*1,1*1*1
28,50,0,0,0,0,0,0,1*1*1,1*1*1
29,40,0,0,0,0,0,0,1*1*1,1*1*1
30,40,0,0,0,0,0,0,1*1*1,1*1*1
31,40,0,0,0,0,0,0,1*1*1,1*1*1
32,50,0,0,0,0,0,0,1*1*1,1*1*1
33,50,0,0,0,0,0,0,1*1*1,1*1*1
34,50,0,0,0,0,0,0,1*1*1,1*1*1
35,40,0,0,0,0,0,0,1*1*1,1*1*1
36,63,0,0,0,0,0,0,1*1*1,1*1*1
37,50,0,0,0,0,0,0,1*1*1,1*1*1
38,40,0,0,0,0,0,0,1*1*1,1*1*1
39,50,0,0,0,0,0,0,1*1*1,1*1*1
40,40,0,0,0,0,0,0,1*1*1,1*1*1
41,63,0,0,0,0,0,0,1*1*1,1*1*1
42,50,0,0,0,0,0,0,1*1*1,1*1*1
43,50,0,0,0,0,0,0,1*1*1,1*1*1
44,63,0,0,0,0,0,0,1*1*1,1*1*1
45,79,0,0,0,0,0,0,1*1*1,1*1*1
46,100,0,0,0,0,0,0,1*1*1,1*1*1
47,100,0,0,0,0,0,0,1*1*1,1*1*1
48,79,0,0,0,0,0,0,1*1*1,1*1*1
49,126,0,0,0,0,0,0,1*1*1,1*1*1
50,79,0,0,0,0,0,0,1*1*1,1*1*1
51,79,0,0,0,0,0,0,1*1*1,1*1*1
52,79,0,0,0,0,0,0,1*1*1,1*1*1
53,40,0,0,0,0,0,0,1*1*1,1*1*1
54,40,0,0,0,0,0,0,1*1*1,1*1*1
55,63,0,0,0,0,0,0,1*1*1,1*1*1
56,79,0,0,0,0,0,0,1*1*1,1*1*1
57,158,0,0,0,0,0,0,1*1*1,1*1*1
58,316,49,0,0,0.99019,0.995095,9,25*1*1,32*1*1
59,1000,399,1,0,0.9709,0.98545,33,25*4*1,64*2*2
60,3162,1594,0,0,0.973182,0.986591,59,25*4*4,64*8*2
61,5012,2391,0,0,0.976816,0.988408,70,25*4*6,64*8*3
62,15849,4782,0,0,0.580838,0.790419,82,25*4*13,64*16*3
63,6310,3188,0,0,0.872948,0.936474,73,25*4*7,64*16*2
64,15849,4782,0,0,0.580838,0.790419,82,25*4*13,64*16*3
65,794,99,0,0,0.968892,0.984446,24,25*4*1,64*1*1
66,10000,4782,0,0,0.92057,0.960285,82,25*4*13,64*16*3
67,7943,3188,0,0,0.991086,0.995543,79,25*4*10,64*16*2
68,1585,398,0,0,0.970726,0.985363,42,25*4*2,64*2*2
69,15849,4782,0,0,0.580838,0.790419,82,25*4*13,64*16*3
70,2512,1195,0,0,0.999005,0.999502,57,25*4*3,64*4*3
71,19953,4782,0,0,0.461369,0.730685,82,25*4*13,64*16*3
72,12589,4782,1,0,0.73125,0.865625,82,25*4*13,64*16*3
73,3162,1594,0,0,0.973182,0.986591,59,25*4*4,64*8*2
74,3162,1594,1,0,0.973182,0.986591,59,25*4*4,64*8*2
75,3981,1594,0,0,0.988721,0.994361,64,25*4*5,64*8*2
76,2512,1195,0,0,0.999005,0.999502,57,25*4*3,64*4*3
77,3162,1594,0,0,0.973182,0.986591,59,25*4*4,64*8*2
78,1259,398,0,0,0.771168,0.885584,33,25*4*1,64*2*2
79,1000,399,1,0,0.9709,0.98545,33,25*4*1,64*2*2
80,1585,398,0,0,0.970726,0.985363,42,25*4*2,64*2*2
81,2512,1195,0,0,0.999005,0.999502,57,25*4*3,64*4*3
82,3162,1594,0,0,0.973182,0.986591,59,25*4*4,64*8*2
83,3981,1594,0,0,0.988721,0.994361,64,25*4*5,64*8*2
84,12589,4782,0,0,0.73125,0.865625,82,25*4*13,64*16*3
85,1000,398,0,0,0.9709,0.98545,33,25*4*1,64*2*2
86,1995,797,0,0,0.89193,0.945965,48,25*4*2,64*4*2
87,2512,1195,0,0,0.999005,0.999502,57,25*4*3,64*4*3
88,6310,3188,0,0,0.872948,0.936474,73,25*4*7,64*16*2
89,2512,1195,0,0,0.999005,0.999502,57,25*4*3,64*4*3
90,1000,398,0,0,0.9709,0.98545,33,25*4*1,64*2*2
91,316,50,1,0,0.99019,0.995095,9,25*1*1,32*1*1
92,1000,399,1,0,0.9709,0.98545,33,25*4*1,64*2*2
93,398,49,1,0,0.828392,0.914196,10,25*1*1,32*1*1
94,1000,399,1,0,0.9709,0.98545,33,25*4*1,64*2*2
95,1259,399,1,0,0.771168,0.885584,33,25*4*1,64*2*2
96,631,99,1,0,0.908558,0.954279,23,25*2*1,64*1*1
97,501,100,1,0,0.965469,0.982735,15,25*2*1,64*1*1
98,2512,1195,0,0,0.999005,0.999502,57,25*4*3,64*4*3
99,1995,797,0,0,0.89193,0.945965,48,25*4*2,64*4*2
100,1995,797,1,0,0.89193,0.945965,48,25*4*2,64*4*2
101,1995,797,1,0,0.89193,0.945965,48,25*4*2,64*4*2
102,3162,1594,0,0,0.973182,0.986591,59,25*4*4,64*8*2
103,3162,1594,1,0,0.973182,0.986591,59,25*4*4,64*8*2
104,2512,1195,0,0,0.999005,0.999502,57,25*4*3,64*4*3
105,15849,4782,0,0,0.580838,0.790419,82,25*4*13,64*16*3
106,15849,4782,1,0,0.580838,0.790419,82,25*4*13,64*16*3
107,19953,4782,1,0,0.461369,0.730685,82,25*4*13,64*16*3
108,5012,2391,0,0,0.976816,0.988408,70,25*4*6,64*8*3
109,5012,2391,1,0,0.976816,0.988408,70,25*4*6,64*8*3
110,15849,4782,0,0,0.580838,0.790419,82,25*4*13,64*16*3
111,6310,3188,0,0,0.872948,0.936474,73,25*4*7,64*16*2
112,6310,3188,1,0,0.872948,0.936474,73,25*4*7,64*16*2
113,6310,3189,1,0,0.872948,0.936474,73,25*4*7,64*16*2
114,15849,4782,0,0,0.580838,0.790419,82,25*4*13,64*16*3
115,15849,4782,1,0,0.580838,0.790419,82,25*4*13,64*16*3
116,10000,4782,1,0,0.92057,0.960285,82,25*4*13,64*16*3
117,7943,3188,0,0,0.991086,0.995543,79,25*4*10,64*16*2
118,15849,4782,0,0,0.580838,0.790419,82,25*4*13,64*16*3
119,7943,3188,0,0,0.991086,0.995543,79,25*4*10,64*16*2
120,12589,4782,0,0,0.73125,0.865625,82,25*4*13,64*16*3
121,7943,3188,0,0,0.991086,0.995543,79,25*4*10,64*16*2
122,7943,3188,1,0,0.991086,0.995543,79,25*4*10,64*16*2
123,7943,3189,1,0,0.991086,0.995543,79,25*4*10,64*16*2
124,7943,3188,1,0,0.991086,0.995543,79,25*4*10,64*16*2
125,7943,3188,1,0,0.991086,0.995543,79,25*4*10,64*16*2
126,10000,4782,0,0,0.92057,0.960285,82,25*4*13,64*16*3
127,6310,3188,0,0,0.872948,0.936474,73,25*4*7,64*16*2
128,7943,3188,0,0,0.991086,0.995543,79,25*4*10,64*16*2
129,6310,3188,0,0,0.872948,0.936474,73,25*4*7,64*16*2
130,5012,2391,0,0,0.976816,0.988408,70,25*4*6,64*8*3
131,1995,797,0,0,0.89193,0.945965,48,25*4*2,64*4*2
132,1585,398,1,0,0.970726,0.985363,42,25*4*2,64*2*2
133,1995,797,1,0,0.89193,0.945965,48,25*4*2,64*4*2
134,2512,1195,0,0,0.999005,0.999502,57,25*4*3,64*4*3
135,5012,2391,0,0,0.976816,0.988408,70,25*4*6,64*8*3
136,5012,2391,1,0,0.976816,0.988408,70,25*4*6,64*8*3
137,19953,4782,0,0,0.461369,0.730685,82,25*4*13,64*16*3
138,3162,1594,0,0,0.973182,0.986591,59,25*4*4,64*8*2
139,6310,3188,0,0,0.872948,0.936474,73,25*4*7,64*16*2
140,19953,4782,0,0,0.461369,0.730685,82,25*4*13,64*16*3
141,12589,4782,1,0,0.73125,0.865625,82,25*4*13,64*16*3
142,12589,4782,1,0,0.73125,0.865625,82,25*4*13,64*16*3
143,6310,3188,0,0,0.872948,0.936474,73,25*4*7,64*16*2
144,12589,4782,0,0,0.73125,0.865625,82,25*4*13,64*16*3
145,12589,4782,1,0,0.73125,0.865625,82,25*4*13,64*16*3
146,7943,3188,0,0,0.991086,0.995543,79,25*4*10,64*16*2
147,1995,797,0,0,0.89193,0.945965,48,25*4*2,64*4*2
148,501,99,0,0,0.965469,0.982735,15,25*2*1,64*1*1
149,251,24,0,0,0.822709,0.911355,4,5*1*1,16*1*1
150,13,0,0,0,0,0,0,1*1*1,1*1*1
151,126,0,0,0,0,0,0,1*1*1,1*1*1
152,126,0,0,0,0,0,0,1*1*1,1*1*1
153,158,0,0,0,0,0,0,1*1*1,1*1*1
154,251,25,1,0,0.822709,0.911355,4,5*1*1,16*1*1
155,398,49,0,0,0.828392,0.914196,10,25*1*1,32*1*1
156,200,12,0,0,0.9485,0.97425,3,5*1*1,8*1*1
157,251,25,1,0,0.822709,0.911355,4,5*1*1,16*1*1
158,1000,398,0,0,0.9709,0.98545,33,25*4*1,64*2*2
159,1585,398,0,0,0.970726,0.985363,42,25*4*2,64*2*2
160,1995,797,1,0,0.89193,0.945965,48,25*4*2,64*4*2
161,3981,1594,0,0,0.988721,0.994361,64,25*4*5,64*8*2
162,5012,2391,0,0,0.976816,0.988408,70,25*4*6,64*8*3
163,6310,3188,0,0,0.872948,0.936474,73,25*4*7,64*16*2
164,3981,1594,0,0,0.988721,0.994361,64,25*4*5,64*8*2
165,1585,398,0,0,0.970726,0.985363,42,25*4*2,64*2*2
166,1995,797,1,0,0.89193,0.945965,48,25*4*2,64*4*2
167,631,99,0,0,0.908558,0.954279,23,25*2*1,64*1*1
168,1585,398,0,0,0.970726,0.985363,42,25*4*2,64*2*2
169,100,0,0,0,0,0,0,1*1*1,1*1*1
170,63,0,0,0,0,0,0,1*1*1,1*1*1
171,794,99,0,0,0.968892,0.984446,24,25*4*1,64*1*1
172,32,0,0,0,0,0,0,1*1*1,1*1*1
173,32,0,0,0,0,0,0,1*1*1,1*1*1
174,200,12,0,0,0.9485,0.97425,3,5*1*1,8*1*1
175,40,0,0,0,0,0,0,1*1*1,1*1*1
176,158,0,0,0,0,0,0,1*1*1,1*1*1
177,158,0,0,0,0,0,0,1*1*1,1*1*1
178,316,49,0,0,0.99019,0.995095,9,25*1*1,32*1*1
179,316,50,1,0,0.99019,0.995095,9,25*1*1,32*1*1
180,251,24,0,0,0.822709,0.911355,4,5*1*1,16*1*1
181,100,0,0,0,0,0,0,1*1*1,1*1*1
182,251,25,1,0,0.822709,0.911355,4,5*1*1,16*1*1
183,794,99,0,0,0.968892,0.984446,24,25*4*1,64*1*1
184,3162,1594,0,0,0.973182,0.986591,59,25*4*4,64*8*2
185,5012,2391,0,0,0.976816,0.988408,70,25*4*6,64*8*3
186,5012,2391,1,0,0.976816,0.988408,70,25*4*6,64*8*3
187,1259,398,0,0,0.771168,0.885584,33,25*4*1,64*2*2
188,15849,4782,0,0,0.580838,0.790419,82,25*4*13,64*16*3
189,1995,797,0,0,0.89193,0.945965,48,25*4*2,64*4*2
190,19953,4782,0,0,0.461369,0.730685,82,25*4*13,64*16*3
191,2512,1195,0,0,0.999005,0.999502,57,25*4*3,64*4*3
192,2512,1196,1,0,0.999005,0.999502,57,25*4*3,64*4*3
193,3162,1594,0,0,0.973182,0.986591,59,25*4*4,64*8*2
194,3981,1594,0,0,0.988721,0.994361,64,25*4*5,64*8*2
195,3162,1594,0,0,0.973182,0.986591,59,25*4*4,64*8*2
196,3162,1594,1,0,0.973182,0.986591,59,25*4*4,64*8*2
197,1995,797,0,0,0.89193,0.945965,48,25*4*2,64*4*2
198,3981,1594,0,0,0.988721,0.994361,64,25*4*5,64*8*2
199,3981,1594,1,0,0.988721,0.994361,64,25*4*5,64*8*2
200,3162,1594,0,0,0.973182,0.986591,59,25*4*4,64*8*2
201,2512,1195,0,0,0.999005,0.999502,57,25*4*3,64*4*3
202,5012,2391,0,0,0.976816,0.988408,70,25*4*6,64*8*3
203,3981,1594,0,0,0.988721,0.994361,64,25*4*5,64*8*2
204,3981,1594,1,0,0.988721,0.994361,64,25*4*5,64*8*2
205,2512,1195,0,0,0.999005,0.999502,57,25*4*3,64*4*3
206,1995,797,0,0,0.89193,0.945965,48,25*4*2,64*4*2
207,3162,1594,0,0,0.973182,0.986591,59,25*4*4,64*8*2
208,3981,1594,0,0,0.988721,0.994361,64,25*4*5,64*8*2
209,3981,1594,1,0,0.988721,0.994361,64,25*4*5,64*8*2
210,2512,1195,0,0,0.999005,0.999502,57,25*4*3,64*4*3
211,3981,1594,0,0,0.988721,0.994361,64,25*4*5,64*8*2
212,6310,3188,0,0,0.872948,0.936474,73,25*4*7,64*16*2
213,5012,2391,0,0,0.976816,0.988408,70,25*4*6,64*8*3
214,5012,2391,1,0,0.976816,0.988408,70,25*4*6,64*8*3
215,2512,1195,0,0,0.999005,0.999502,57,25*4*3,64*4*3
216,1585,398,0,0,0.970726,0.985363,42,25*4*2,64*2*2
217,316,49,0,0,0.99019,0.995095,9,25*1*1,32*1*1
218,1995,797,0,0,0.89193,0.945965,48,25*4*2,64*4*2
219,158,0,0,0,0,0,0,1*1*1,1*1*1
220,50,0,0,0,0,0,0,1*1*1,1*1*1
221,40,0,0,0,0,0,0,1*1*1,1*1*1
222,158,0,0,0,0,0,0,1*1*1,1*1*1
223,631,99,0,0,0.908558,0.954279,23,25*2*1,64*1*1
224,1259,399,1,0,0.771168,0.885584,33,25*4*1,64*2*2
225,631,99,1,0,0.908558,0.954279,23,25*2*1,64*1*1
226,1995,797,0,0,0.89193,0.945965,48,25*4*2,64*4*2
227,1259,398,0,0,0.771168,0.885584,33,25*4*1,64*2*2
228,1000,399,1,0,0.9709,0.98545,33,25*4*1,64*2*2
229,200,12,0,0,0.9485,0.97425,3,5*1*1,8*1*1
230,398,49,0,0,0.828392,0.914196,10,25*1*1,32*1*1
231,794,100,1,0,0.968892,0.984446,24,25*4*1,64*1*1
232,126,0,0,0,0,0,0,1*1*1,1*1*1
233,501,100,1,0,0.965469,0.982735,15,25*2*1,64*1*1
234,63,0,0,0,0,0,0,1*1*1,1*1*1
235,316,49,1,0,0.99019,0.995095,9,25*1*1,32*1*1
236,32,0,0,0,0,0,0,1*1*1,1*1*1
237,25,0,0,0,0,0,0,1*1*1,1*1*1
238,32,0,0,0,0,0,0,1*1*1,1*1*1
239,40,0,0,0,0,0,0,1*1*1,1*1*1
240,50,0,0,0,0,0,0,1*1*1,1*1*1
241,40,0,0,0,0,0,0,1*1*1,1*1*1
242,79,0,0,0,0,0,0,1*1*1,1*1*1
243,100,0,0,0,0,0,0,1*1*1,1*1*1
244,1000,399,1,0,0.9709,0.98545,33,25*4*1,64*2*2
245,501,100,1,0,0.965469,0.982735,15,25*2*1,64*1*1
246,158,0,0,0,0,0,0,1*1*1,1*1*1
247,1000,398,1,0,0.9709,0.98545,33,25*4*1,64*2*2
248,2512,1195,0,0,0.999005,0.999502,57,25*4*3,64*4*3
249,1585,398,0,0,0.970726,0.985363,42,25*4*2,64*2*2
250,3162,1594,0,0,0.973182,0.986591,59,25*4*4,64*8*2
251,15849,4782,0,0,0.580838,0.790419,82,25*4*13,64*16*3
252,19953,4782,1,0,0.461369,0.730685,82,25*4*13,64*16*3
253,15849,4782,1,0,0.580838,0.790419,82,25*4*13,64*16*3
254,15849,4782,1,0,0.580838,0.790419,82,25*4*13,64*16*3
255,19953,4782,1,0,0.461369,0.730685,82,25*4*13,64*16*3
256,12589,4783,1,0,0.73125,0.865625,82,25*4*13,64*16*3
257,15849,4782,1,0,0.580838,0.790419,82,25*4*13,64*16*3
258,25119,4782,1,0,0.366484,0.683242,82,25*4*13,64*16*3
259,19953,4782,1,0,0.461369,0.730685,82,25*4*13,64*16*3
260,15849,4782,1,0,0.580838,0.790419,82,25*4*13,64*16*3
261,15849,4783,1,0,0.580838,0.790419,82,25*4*13,64*16*3
262,15849,4782,1,0,0.580838,0.790419,82,25*4*13,64*16*3
263,19953,4782,1,0,0.461369,0.730685,82,25*4*13,64*16*3
264,10000,4782,1,0,0.92057,0.960285,82,25*4*13,64*16*3
265,19953,4782,1,0,0.461369,0.730685,82,25*4*13,64*16*3
266,25119,4783,1,0,0.366484,0.683242,82,25*4*13,64*16*3
267,15849,4782,1,0,0.580838,0.790419,82,25*4*13,64*16*3
268,12589,4782,1,0,0.73125,0.865625,82,25*4*13,64*16*3
269,15849,4782,1,0,0.580838,0.790419,82,25*4*13,64*16*3
270,25119,4782,1,0,0.366484,0.683242,82,25*4*13,64*16*3
271,19953,4783,1,0,0.461369,0.730685,82,25*4*13,64*16*3
272,25119,4782,1,0,0.366484,0.683242,82,25*4*13,64*16*3
273,12589,4782,1,0,0.73125,0.865625,82,25*4*13,64*16*3
274,12589,4782,1,0,0.73125,0.865625,82,25*4*13,64*16*3
275,12589,4782,1,0,0.73125,0.865625,82,25*4*13,64*16*3
276,15849,4783,1,0,0.580838,0.790419,82,25*4*13,64*16*3
277,12589,4782,1,0,0.73125,0.865625,82,25*4*13,64*16*3
278,12589,4782,1,0,0.73125,0.865625,82,25*4*13,64*16*3
279,15849,4782,1,0,0.580838,0.790419,82,25*4*13,64*16*3
280,12589,4782,1,0,0.73125,0.865625,82,25*4*13,64*16*3
281,10000,4783,1,0,0.92057,0.960285,82,25*4*13,64*16*3
282,12589,4782,1,0,0.73125,0.865625,82,25*4*13,64*16*3
283,15849,4782,1,0,0.580838,0.790419,82,25*4*13,64*16*3
284,15849,4782,1,0,0.580838,0.790419,82,25*4*13,64*16*3
285,5012,2391,0,0,0.976816,0.988408,70,25*4*6,64*8*3
286,15849,4782,0,0,0.580838,0.790419,82,25*4*13,64*16*3
287,3981,1594,0,0,0.988721,0.994361,64,25*4*5,64*8*2
288,100,0,0,0,0,0,0,1*1*1,1*1*1
289,100,0,0,0,0,0,0,1*1*1,1*1*1
290,251,24,0,0,0.822709,0.911355,4,5*1*1,16*1*1
291,251,25,1,0,0.822709,0.911355,4,5*1*1,16*1*1
292,200,13,1,0,0.9485,0.97425,3,5*1*1,8*1*1
293,316,49,0,0,0.99019,0.995095,9,25*1*1,32*1*1
294,1995,797,0,0,0.89193,0.945965,48,25*4*2,64*4*2
295,794,99,0,0,0.968892,0.984446,24,25*4*1,64*1*1
296,10000,4782,0,0,0.92057,0.960285,82,25*4*13,64*16*3
297,1585,398,0,0,0.970726,0.985363,42,25*4*2,64*2*2
298,19953,4782,0,0,0.461369,0.730685,82,25*4*13,64*16*3
299,19953,4782,1,0,0.461369,0.730685,82,25*4*13,64*16*3
300,12589,4782,1,0,0.73125,0.865625,82,25*4*13,64*16*3
301,2044.85,797,0,0,0.870186,0.935093,48,25*4*2,64*4*2
302,7447.83,3188,0,0,0.739585,0.869792,73,25*4*7,64*16*2
303,16229.5,4782,0,0,0.56722,0.78361,82,25*4*13,64*16*3
304,16031,4782,1,0,0.574244,0.787122,82,25*4*13,64*16*3
305,19606.3,4782,1,0,0.469528,0.734764,82,25*4*13,64*16*3
306,11840.3,4782,1,0,0.777489,0.888744,82,25*4*13,64*16*3
307,1585.21,398,0,0,0.970597,0.985298,42,25*4*2,64*2*2
308,812.947,199,0,0,0.99453,0.997265,25,25*4*1,64*1*2
309,406.541,50,1,0,0.810988,0.905494,10,25*1*1,32*1*1
310,0,0,0,0,0,0,0,1*1*1,1*1*1
311,1090.61,398,1,0,0.890236,0.945118,33,25*4*1,64*2*2
312,0,0,0,0,0,0,0,1*1*1,1*1*1
313,23.8508,0,0,0,0,0,0,1*1*1,1*1*1
314,0,0,0,0,0,0,0,1*1*1,1*1*1
315,100.082,0,0,0,0,0,0,1*1*1,1*1*1
316,0,0,0,0,0,0,0,1*1*1,1*1*1
317,963.866,200,1,0,0.949198,0.974599,31,25*4*1,64*1*2
318,972.651,398,1,0,0.9982,0.9991,33,25*4*1,64*2*2
319,1043.4,399,1,0,0.930516,0.965258,33,25*4*1,64*2*2
320,110.425,0,0,0,0,0,0,1*1*1,1*1*1
321,108.095,0,0,0,0,0,0,1*1*1,1*1*1
322,653.238,99,1,0,0.877628,0.938814,23,25*2*1,64*1*1
323,0,0,0,0,0,0,0,1*1*1,1*1*1
324,735.417,100,1,0,0.779558,0.889779,23,25*2*1,64*1*1
325,0,0,0,0,0,0,0,1*1*1,1*1*1
326,463.023,100,1,0,0.959996,0.979998,12,25*2*1,64*1*1
327,184.966,6,0,0,0.934766,0.967383,2,1*1*1,4*1*1
328,0,0,0,0,0,0,0,1*1*1,1*1*1
329,0,0,0,0,0,0,0,1*1*1,1*1*1
330,188.049,6,1,0,0.919441,0.959721,2,1*1*1,4*1*1
331,347.586,49,0,0,0.948542,0.974271,10,25*1*1,32*1*1
332,0,0,0,0,0,0,0,1*1*1,1*1*1
333,232.819,24,0,0,0.886955,0.943478,4,5*1*1,16*1*1
334,0,0,0,0,0,0,0,1*1*1,1*1*1
335,0,0,0,0,0,0,0,1*1*1,1*1*1
336,373.985,49,0,0,0.881586,0.940793,10,25*1*1,32*1*1
337,0,0,0,0,0,0,0,1*1*1,1*1*1
338,0,0,0,0,0,0,0,1*1*1,1*1*1
339,0,0,0,0,0,0,0,1*1*1,1*1*1
340,246.768,24,0,0,0.836818,0.918409,4,5*1*1,16*1*1
341,70.5241,0,0,0,0,0,0,1*1*1,1*1*1
342,104.083,0,0,0,0,0,0,1*1*1,1*1*1
343,65.7229,0,0,0,0,0,0,1*1*1,1*1*1
344,0,0,0,0,0,0,0,1*1*1,1*1*1
345,24.8078,0,0,0,0,0,0,1*1*1,1*1*1
346,38.2118,0,0,0,0,0,0,1*1*1,1*1*1
347,0,0,0,0,0,0,0,1*1*1,1*1*1
348,0,0,0,0,0,0,0,1*1*1,1*1*1
349,0,0,0,0,0,0,0,1*1*1,1*1*1
350,1233.26,398,0,0,0.787263,0.893632,33,25*4*1,64*2*2
351,1162.73,399,1,0,0.835018,0.917509,33,25*4*1,64*2*2
352,175.803,6,0,0,0.983487,0.991744,2,1*1*1,4*1*1
353,0,0,0,0,0,0,0,1*1*1,1*1*1
354,0,0,0,0,0,0,0,1*1*1,1*1*1
355,745.338,99,0,0,0.769181,0.884591,23,25*2*1,64*1*1
356,0,0,0,0,0,0,0,1*1*1,1*1*1
357,0,0,0,0,0,0,0,1*1*1,1*1*1
358,733.242,100,1,0,0.78187,0.890935,23,25*2*1,64*1*1
359,813.3,199,1,0,0.994098,0.997049,25,25*4*1,64*1*2
360,2942.07,1195,0,0,0.872005,0.936003,58,25*4*3,64*4*3
361,5289.4,2391,0,0,0.925587,0.962794,70,25*4*6,64*8*3
362,15882.5,4782,0,0,0.579613,0.789806,82,25*4*13,64*16*3
363,6489.78,3188,0,0,0.848765,0.924383,73,25*4*7,64*16*2
364,15244.4,4782,0,0,0.603874,0.801937,82,25*4*13,64*16*3
365,520.352,99,0,0,0.983373,0.991686,17,25*2*1,64*1*1
366,9757.18,4782,0,0,0.94348,0.97174,82,25*4*13,64*16*3
367,7782.69,3188,0,0,0.998549,0.999275,78,25*4*10,64*16*2
368,2152.78,797,0,0,0.998569,0.999285,49,25*2*5,64*4*2
369,15285.5,4782,0,0,0.60225,0.801125,82,25*4*13,64*16*3
370,2298.73,797,0,0,0.935169,0.967584,49,25*2*5,64*4*2
371,19898.9,4782,0,0,0.462624,0.731312,82,25*4*13,64*16*3
372,13455.6,4782,1,0,0.684154,0.842077,82,25*4*13,64*16*3
373,3773.72,1594,0,0,0.815429,0.907714,59,25*4*4,64*8*2
374,3567.45,1594,1,0,0.862577,0.931288,59,25*4*4,64*8*2
375,3569.43,1594,1,0,0.862098,0.931049,59,25*4*4,64*8*2
376,2094.36,797,0,0,0.849615,0.924808,48,25*4*2,64*4*2
377,3244.73,1594,0,0,0.948369,0.974184,59,25*4*4,64*8*2
378,970.046,199,0,0,0.995107,0.997554,32,25*4*1,64*1*2
379,606.424,99,1,0,0.945378,0.972689,23,25*2*1,64*1*1
380,1644.75,398,0,0,0.935461,0.967731,42,25*4*2,64*2*2
381,3080.19,1594,0,0,0.999029,0.999515,59,25*4*4,64*8*2
382,2843.89,1195,0,0,0.902109,0.951055,58,25*4*3,64*4*3
383,3857.48,1594,0,0,0.997517,0.998758,61,25*4*5,64*8*2
384,14006.3,4782,0,0,0.657254,0.828627,82,25*4*13,64*16*3
385,763.655,99,0,0,0.750732,0.875366,23,25*2*1,64*1*1
386,2161.55,797,0,0,0.994518,0.997259,49,25*2*5,64*4*2
387,1655.09,597,0,0,0.993904,0.996952,43,25*4*2,64*2*3
388,5958.59,3188,0,0,0.92443,0.962215,73,25*4*7,64*16*2
389,2606.48,1195,0,0,0.984278,0.992139,58,25*4*3,64*4*3
390,848.815,199,0,0,0.985492,0.992746,27,25*4*1,64*1*2
391,0,0,0,0,0,0,0,1*1*1,1*1*1
392,657.127,99,1,0,0.872434,0.936217,23,25*2*1,64*1*1
393,617.724,100,1,0,0.928084,0.964042,23,25*2*1,64*1*1
394,1445.57,398,0,0,0.941843,0.970922,41,25*2*3,64*2*2
395,1794.68,797,0,0,0.991486,0.995743,48,25*4*2,64*4*2
396,579.103,99,0,0,0.989979,0.99499,23,25*2*1,64*1*1
397,331.65,50,1,0,0.99412,0.99706,10,25*1*1,32*1*1
398,2779.05,1195,0,0,0.923157,0.961579,58,25*4*3,64*4*3
399,2819.65,1196,1,0,0.909865,0.954932,58,25*4*3,64*4*3
400,1231.87,398,0,0,0.788151,0.894076,33,25*4*1,64*2*2
401,1126.27,399,1,0,0.862049,0.931025,33,25*4*1,64*2*2
402,3151.52,1594,0,0,0.976418,0.988209,59,25*4*4,64*8*2
403,3593.87,1594,1,0,0.856236,0.928118,59,25*4*4,64*8*2
404,3199.29,1594,1,0,0.961838,0.980919,59,25*4*4,64*8*2
405,16034.8,4782,0,0,0.574108,0.787054,82,25*4*13,64*16*3
406,15651.2,4782,1,0,0.588179,0.794089,82,25*4*13,64*16*3
407,20882.6,4782,1,0,0.440831,0.720416,82,25*4*13,64*16*3
408,4874.17,2391,0,0,0.999268,0.999634,68,25*4*6,64*8*3
409,4816.72,2391,1,0,0.958287,0.979143,66,25*4*6,64*8*3
410,15871.8,4782,0,0,0.580004,0.790002,82,25*4*13,64*16*3
411,6490.76,3188,0,0,0.848637,0.924319,73,25*4*7,64*16*2
412,6071.56,3188,1,0,0.90723,0.953615,73,25*4*7,64*16*2
413,6969.86,3189,1,0,0.790303,0.895151,73,25*4*7,64*16*2
414,14799.6,4782,0,0,0.622024,0.811012,82,25*4*13,64*16*3
415,15587.7,4782,1,0,0.590575,0.795287,82,25*4*13,64*16*3
416,11302.9,4782,1,0,0.814455,0.907227,82,25*4*13,64*16*3
417,8356.07,3188,0,0,0.942094,0.971047,79,25*4*10,64*16*2
418,14989.2,4782,0,0,0.614156,0.807078,82,25*4*13,64*16*3
419,7215.16,3188,0,0,0.763434,0.881717,73,25*4*7,64*16*2
420,12681.5,4782,0,0,0.725916,0.862958,82,25*4*13,64*16*3
421,7904.85,3188,0,0,0.99587,0.997935,79,25*4*10,64*16*2
422,8218.82,3188,1,0,0.957826,0.978913,79,25*4*10,64*16*2
423,6785.64,3188,0,0,0.811758,0.905879,73,25*4*7,64*16*2
424,8958.65,4782,0,0,0.985461,0.99273,81,25*4*12,64*16*3
425,8079.77,3188,0,0,0.97431,0.987155,79,25*4*10,64*16*2
426,10357.1,4782,0,0,0.88883,0.944415,82,25*4*13,64*16*3
427,7140.9,3188,0,0,0.771373,0.885687,73,25*4*7,64*16*2
428,8168.07,3188,0,0,0.963777,0.981889,79,25*4*10,64*16*2
429,5820.2,3188,0,0,0.946411,0.973205,73,25*4*7,64*16*2
430,6095.89,3188,1,0,0.903609,0.951804,73,25*4*7,64*16*2
431,2588.72,1195,0,0,0.99103,0.995515,58,25*4*3,64*4*3
432,719.874,99,0,0,0.796389,0.898195,23,25*2*1,64*1*1
433,2220.3,797,0,0,0.968202,0.984101,49,25*2*5,64*4*2
434,2488.53,797,0,0,0.990424,0.995212,55,25*4*3,64*4*2
435,5105.92,2391,0,0,0.958848,0.979424,70,25*4*6,64*8*3
436,5092.5,2391,1,0,0.961375,0.980687,70,25*4*6,64*8*3
437,19461.8,4782,0,0,0.473014,0.736507,82,25*4*13,64*16*3
438,3547.38,1594,0,0,0.867457,0.933729,59,25*4*4,64*8*2
439,5710.76,3188,0,0,0.964548,0.982274,73,25*4*7,64*16*2
440,19978.5,4782,0,0,0.46078,0.73039,82,25*4*13,64*16*3
441,12516,4782,1,0,0.735515,0.867757,82,25*4*13,64*16*3
442,13833.3,4782,1,0,0.665474,0.832737,82,25*4*13,64*16*3
443,6493.1,3188,0,0,0.848331,0.924166,73,25*4*7,64*16*2
444,12746.5,4782,0,0,0.722214,0.861107,82,25*4*13,64*16*3
445,12118,4782,1,0,0.759672,0.879836,82,25*4*13,64*16*3
446,7530.64,3188,0,0,0.731452,0.865726,73,25*4*7,64*16*2
447,1941.34,797,0,0,0.916583,0.958292,48,25*4*2,64*4*2
448,1030.02,398,0,0,0.942603,0.971302,33,25*4*1,64*2*2
449,0,0,0,0,0,0,0,1*1*1,1*1*1
450,0,0,0,0,0,0,0,1*1*1,1*1*1
451,0,0,0,0,0,0,0,1*1*1,1*1*1
452,819.263,199,1,0,0.986863,0.993431,25,25*4*1,64*1*2
453,111.896,0,0,0,0,0,0,1*1*1,1*1*1
454,879.064,200,1,0,0.997766,0.998883,29,25*4*1,64*1*2
455,863.991,199,1,0,0.968181,0.984091,27,25*4*1,64*1*2
456,403.186,50,1,0,0.817737,0.908868,10,25*1*1,32*1*1
457,0,0,0,0,0,0,0,1*1*1,1*1*1
458,717.659,99,1,0,0.798847,0.899424,23,25*2*1,64*1*1
459,1193.27,399,1,0,0.813647,0.906823,33,25*4*1,64*2*2
460,2375.02,797,0,0,0.971739,0.98587,50,25*4*3,64*4*2
461,4532.79,1594,0,0,0.890599,0.9453,65,25*4*5,64*8*2
462,5264.37,2391,0,0,0.929988,0.964994,70,25*4*6,64*8*3
463,7623.02,3188,0,0,0.722588,0.861294,73,25*4*7,64*16*2
464,4279.81,1594,0,0,0.943243,0.971621,65,25*4*5,64*8*2
465,1883.51,797,0,0,0.944726,0.972363,48,25*4*2,64*4*2
466,1952.12,797,1,0,0.911522,0.955761,48,25*4*2,64*4*2
467,237.952,24,0,0,0.867822,0.933911,4,5*1*1,16*1*1
468,2153.32,797,0,0,0.998319,0.999159,49,25*2*5,64*4*2
469,0,0,0,0,0,0,0,1*1*1,1*1*1
470,753,99,0,0,0.761355,0.880677,23,25*2*1,64*1*1
471,1403.91,398,0,0,0.969792,0.984896,41,25*2*3,64*2*2
472,372.158,49,0,0,0.885914,0.942957,10,25*1*1,32*1*1
473,0,0,0,0,0,0,0,1*1*1,1*1*1
474,0,0,0,0,0,0,0,1*1*1,1*1*1
475,993.313,399,1,0,0.977436,0.988718,33,25*4*1,64*2*2
476,0,0,0,0,0,0,0,1*1*1,1*1*1
477,261.629,24,0,0,0.789286,0.894643,4,5*1*1,16*1*1
478,0,0,0,0,0,0,0,1*1*1,1*1*1
479,113.347,0,0,0,0,0,0,1*1*1,1*1*1
480,0,0,0,0,0,0,0,1*1*1,1*1*1
481,0,0,0,0,0,0,0,1*1*1,1*1*1
482,0,0,0,0,0,0,0,1*1*1,1*1*1
483,141.167,0,0,0,0,0,0,1*1*1,1*1*1
484,3623.2,1594,0,0,0.849304,0.924652,59,25*4*4,64*8*2
485,5046.18,2391,0,0,0.970199,0.9851,70,25*4*6,64*8*3
486,4281.59,1594,0,0,0.942851,0.971425,65,25*4*5,64*8*2
487,2147.37,797,0,0,0.828642,0.914321,48,25*4*2,64*4*2
488,16772.1,4782,0,0,0.54887,0.774435,82,25*4*13,64*16*3
489,1965.63,797,0,0,0.905257,0.952628,48,25*4*2,64*4*2
490,20052.9,4782,0,0,0.459071,0.729535,82,25*4*13,64*16*3
491,2192.39,797,0,0,0.980528,0.990264,49,25*2*5,64*4*2
492,2152.36,797,1,0,0.998764,0.999382,49,25*2*5,64*4*2
493,3857.02,1594,1,0,0.997635,0.998818,61,25*4*5,64*8*2
494,3786.31,1594,0,0,0.812717,0.906359,59,25*4*4,64*8*2
495,3080.01,1594,1,0,0.999088,0.999544,59,25*4*4,64*8*2
496,2977.2,1195,0,0,0.861716,0.930858,58,25*4*3,64*4*3
497,1479.29,399,1,0,0.920374,0.960187,41,25*2*3,64*2*2
498,3155,1594,0,0,0.975341,0.98767,59,25*4*4,64*8*2
499,3516.86,1594,1,0,0.874985,0.937493,59,25*4*4,64*8*2
500,3120.8,1594,1,0,0.986029,0.993015,59,25*4*4,64*8*2
501,2223.46,797,0,0,0.966826,0.983413,49,25*2*5,64*4*2
502,5856.81,3188,0,0,0.940495,0.970247,73,25*4*7,64*16*2
503,4095.87,1594,0,0,0.985603,0.992801,65,25*4*5,64*8*2
504,3793.35,1594,0,0,0.811209,0.905605,59,25*4*4,64*8*2
505,2562.19,1195,0,0,0.979436,0.989718,57,25*4*3,64*4*3
506,1155.36,398,0,0,0.840344,0.920172,33,25*4*1,64*2*2
507,3328.22,1594,0,0,0.924578,0.962289,59,25*4*4,64*8*2
508,3543.28,1594,1,0,0.868461,0.93423,59,25*4*4,64*8*2
509,3289.89,1594,1,0,0.93535,0.967675,59,25*4*4,64*8*2
510,1890.51,797,0,0,0.941227,0.970614,48,25*4*2,64*4*2
511,3972.31,1594,0,0,0.990884,0.995442,64,25*4*5,64*8*2
512,7247.81,3188,0,0,0.759995,0.879998,73,25*4*7,64*16*2
513,4096.66,1594,0,0,0.985413,0.992706,65,25*4*5,64*8*2
514,5081.82,2391,0,0,0.963395,0.981698,70,25*4*6,64*8*3
515,2647.21,1195,0,0,0.969134,0.984567,58,25*4*3,64*4*3
516,1557.41,398,0,0,0.987922,0.993961,42,25*4*2,64*2*2
517,1009.16,398,0,0,0.962087,0.981044,33,25*4*1,64*2*2
518,2412.77,797,0,0,0.956535,0.978268,50,25*4*3,64*4*2
519,93.3607,0,0,0,0,0,0,1*1*1,1*1*1
520,0,0,0,0,0,0,0,1*1*1,1*1*1
521,507.135,99,0,0,0.953789,0.976895,15,25*2*1,64*1*1
522,802.016,100,1,0,0.959208,0.979604,24,25*4*1,64*1*1
523,275.591,24,0,0,0.749299,0.874649,4,5*1*1,16*1*1
524,545.093,99,0,0,0.997811,0.998906,19,25*2*1,64*1*1
525,485.447,100,1,0,0.996401,0.998201,15,25*2*1,64*1*1
526,2505.42,797,0,0,0.997158,0.998579,56,25*4*3,64*4*2
527,1150.4,398,0,0,0.843967,0.921984,33,25*4*1,64*2*2
528,1817.18,797,0,0,0.97921,0.989605,48,25*4*2,64*4*2
529,623.922,99,0,0,0.918865,0.959432,23,25*2*1,64*1*1
530,745.277,100,1,0,0.769244,0.884622,23,25*2*1,64*1*1
531,1031.43,398,1,0,0.941314,0.970657,33,25*4*1,64*2*2
532,0,0,0,0,0,0,0,1*1*1,1*1*1
533,0,0,0,0,0,0,0,1*1*1,1*1*1
534,845.54,200,1,0,0.989309,0.994654,27,25*4*1,64*1*2
535,0,0,0,0,0,0,0,1*1*1,1*1*1
536,0,0,0,0,0,0,0,1*1*1,1*1*1
537,523.027,99,1,0,0.978343,0.989172,17,25*2*1,64*1*1
538,0,0,0,0,0,0,0,1*1*1,1*1*1
539,0,0,0,0,0,0,0,1*1*1,1*1*1
540,730.22,100,1,0,0.785106,0.892553,23,25*2*1,64*1*1
541,98.8366,0,0,0,0,0,0,1*1*1,1*1*1
542,454.655,100,1,0,0.977664,0.988832,12,25*2*1,64*1*1
543,0,0,0,0,0,0,0,1*1*1,1*1*1
544,992.296,398,1,0,0.978438,0.989219,33,25*4*1,64*2*2
545,561.466,100,1,0,0.996142,0.998071,22,25*2*1,64*1*1
546,147.639,0,0,0,0,0,0,1*1*1,1*1*1
547,721.382,100,1,0,0.794725,0.897362,23,25*2*1,64*1*1
548,2910.05,1195,0,0,0.8816,0.9408,58,25*4*3,64*4*3
549,2008.95,797,0,0,0.885736,0.942868,48,25*4*2,64*4*2
550,3186.21,1594,0,0,0.965787,0.982893,59,25*4*4,64*8*2
551,14902.6,4782,0,0,0.617724,0.808862,82,25*4*13,64*16*3
552,18531.8,4782,1,0,0.496752,0.748376,82,25*4*13,64*16*3
553,15678,4782,1,0,0.587173,0.793587,82,25*4*13,64*16*3
554,15312.7,4782,1,0,0.601181,0.80059,82,25*4*13,64*16*3
555,19826,4782,1,0,0.464325,0.732162,82,25*4*13,64*16*3
556,12500.8,4783,1,0,0.736409,0.868204,82,25*4*13,64*16*3
557,16337.7,4782,1,0,0.563464,0.781732,82,25*4*13,64*16*3
558,25080.4,4782,1,0,0.367048,0.683524,82,25*4*13,64*16*3
559,19966.7,4782,1,0,0.461053,0.730526,82,25*4*13,64*16*3
560,16662.1,4782,1,0,0.552493,0.776247,82,25*4*13,64*16*3
561,15663.7,4783,1,0,0.587709,0.793855,82,25*4*13,64*16*3
562,15278.8,4782,1,0,0.602515,0.801257,82,25*4*13,64*16*3
563,20124.2,4782,1,0,0.457444,0.728722,82,25*4*13,64*16*3
564,9717.11,4782,1,0,0.94737,0.973685,82,25*4*13,64*16*3
565,20155.7,4782,1,0,0.456729,0.728365,82,25*4*13,64*16*3
566,25827.8,4783,1,0,0.356426,0.678213,82,25*4*13,64*16*3
567,15207.9,4782,1,0,0.605324,0.802662,82,25*4*13,64*16*3
568,12499.1,4782,1,0,0.736509,0.868255,82,25*4*13,64*16*3
569,16245.6,4782,1,0,0.566658,0.783329,82,25*4*13,64*16*3
570,25467.4,4782,1,0,0.36147,0.680735,82,25*4*13,64*16*3
571,20024.9,4783,1,0,0.459713,0.729856,82,25*4*13,64*16*3
572,24906.2,4782,1,0,0.369615,0.684807,82,25*4*13,64*16*3
573,11491.1,4782,1,0,0.801116,0.900558,82,25*4*13,64*16*3
574,12659.2,4782,1,0,0.727194,0.863597,82,25*4*13,64*16*3
575,11882.2,4782,1,0,0.774747,0.887374,82,25*4*13,64*16*3
576,16406.9,4783,1,0,0.561087,0.780544,82,25*4*13,64*16*3
577,12472.9,4782,1,0,0.738056,0.869028,82,25*4*13,64*16*3
578,12402.6,4782,1,0,0.74224,0.87112,82,25*4*13,64*16*3
579,15424,4782,1,0,0.596843,0.798421,82,25*4*13,64*16*3
580,12475.8,4782,1,0,0.737885,0.868942,82,25*4*13,64*16*3
581,10703.1,4783,1,0,0.860097,0.930048,82,25*4*13,64*16*3
582,12637.8,4782,1,0,0.728426,0.864213,82,25*4*13,64*16*3
583,14624.2,4782,1,0,0.629484,0.814742,82,25*4*13,64*16*3
584,15685.5,4782,1,0,0.586892,0.793446,82,25*4*13,64*16*3
585,5974.52,3188,0,0,0.921965,0.960983,73,25*4*7,64*16*2
586,15542.2,4782,0,0,0.592304,0.796152,82,25*4*13,64*16*3
587,3401.88,1594,0,0,0.904559,0.952279,59,25*4*4,64*8*2
588,980.995,398,0,0,0.989709,0.994855,33,25*4*1,64*2*2
589,1065.25,399,1,0,0.911429,0.955715,33,25*4*1,64*2*2
590,0,0,0,0,0,0,0,1*1*1,1*1*1
591,188.671,6,0,0,0.91641,0.958205,2,1*1*1,4*1*1
592,1512.09,398,0,0,0.900409,0.950205,41,25*2*3,64*2*2
593,362.42,49,0,0,0.909718,0.954859,10,25*1*1,32*1*1
594,2963.62,1195,0,0,0.865664,0.932832,58,25*4*3,64*4*3
595,654.439,99,0,0,0.876017,0.938009,23,25*2*1,64*1*1
596,9451.85,4782,0,0,0.973957,0.986979,82,25*4*13,64*16*3
597,1692,797,0,0,0.988771,0.994385,44,25*4*2,64*4*2
598,19757.8,4782,0,0,0.465927,0.732964,82,25*4*13,64*16*3
599,20075.5,4782,1,0,0.458554,0.729277,82,25*4*13,64*16*3
600,13675.4,4782,1,0,0.673158,0.836579,82,25*4*13,64*16*3
601,1730.13,797,0,0,0.966979,0.98349,44,25*4*2,64*4*2
602,7966.08,3188,0,0,0.988215,0.994108,79,25*4*10,64*16*2
603,15825.7,4782,0,0,0.581693,0.790847,82,25*4*13,64*16*3
604,15897.7,4782,1,0,0.579059,0.789529,82,25*4*13,64*16*3
605,19911.7,4782,1,0,0.462326,0.731163,82,25*4*13,64*16*3
606,12652.9,4782,1,0,0.727557,0.863778,82,25*4*13,64*16*3
607,1601.94,398,0,0,0.96046,0.98023,42,25*4*2,64*2*2
608,94.5331,0,0,0,0,0,0,1*1*1,1*1*1
609,0,0,0,0,0,0,0,1*1*1,1*1*1
610,0,0,0,0,0,0,0,1*1*1,1*1*1
611,1455.12,398,0,0,0.935662,0.967831,41,25*2*3,64*2*2
612,284.364,49,0,0,0.992038,0.996019,5,25*1*1,32*1*1
613,0.402026,0,0,0,0,0,0,1*1*1,1*1*1
614,182.042,6,0,0,0.949781,0.97489,2,1*1*1,4*1*1
615,0,0,0,0,0,0,0,1*1*1,1*1*1
616,0,0,0,0,0,0,0,1*1*1,1*1*1
617,964.654,199,0,0,0.948423,0.974211,31,25*4*1,64*1*2
618,1602.58,398,0,0,0.960077,0.980038,42,25*4*2,64*2*2
619,1240.22,398,0,0,0.782845,0.891422,33,25*4*1,64*2*2
620,197.512,12,0,0,0.960448,0.980224,3,5*1*1,8*1*1
621,150.032,0,0,0,0,0,0,1*1*1,1*1*1
622,358.37,49,0,0,0.919999,0.959999,10,25*1*1,32*1*1
623,0,0,0,0,0,0,0,1*1*1,1*1*1
624,244.596,24,0,0,0.844249,0.922125,4,5*1*1,16*1*1
625,0,0,0,0,0,0,0,1*1*1,1*1*1
626,0,0,0,0,0,0,0,1*1*1,1*1*1
627,0,0,0,0,0,0,0,1*1*1,1*1*1
628,168.898,3,0,0,0.998828,0.999414,1,1*1*1,2*1*1
629,76.5802,0,0,0,0,0,0,1*1*1,1*1*1
630,0,0,0,0,0,0,0,1*1*1,1*1*1
631,148.98,1,1,0,0,0,0,1*1*1,1*1*1
632,108.68,1,1,0,0,0,0,1*1*1,1*1*1
633,19.0098,1,1,0,0,0,0,1*1*1,1*1*1
634,43.5193,1,1,0,0,0,0,1*1*1,1*1*1
635,0,0,0,0,0,0,0,1*1*1,1*1*1
636,73.7673,1,1,0,0,0,0,1*1*1,1*1*1
637,116.811,1,1,0,0,0,0,1*1*1,1*1*1
638,199.403,12,0,0,0.95134,0.97567,3,5*1*1,8*1*1
639,176.24,6,0,0,0.981049,0.990524,2,1*1*1,4*1*1
640,60.9284,0,0,0,0,0,0,1*1*1,1*1*1
641,169.895,3,1,0,0.992966,0.996483,1,1*1*1,2*1*1
642,29.8969,1,1,0,0,0,0,1*1*1,1*1*1
643,93.2587,1,1,0,0,0,0,1*1*1,1*1*1
644,118.256,1,1,0,0,0,0,1*1*1,1*1*1
645,1.29984,0,0,0,0,0,0,1*1*1,1*1*1
646,113.373,1,1,0,0,0,0,1*1*1,1*1*1
647,208.895,24,0,0,0.988535,0.994267,4,5*1*1,16*1*1
648,0,0,0,0,0,0,0,1*1*1,1*1*1
649,226.01,25,1,0,0.913676,0.956838,4,5*1*1,16*1*1
650,235.647,25,1,0,0.876311,0.938155,4,5*1*1,16*1*1
651,79.5698,0,0,0,0,0,0,1*1*1,1*1*1
652,249.776,25,1,0,0.826741,0.91337,4,5*1*1,16*1*1
653,60.4658,0,0,0,0,0,0,1*1*1,1*1*1
654,28.3402,0,0,0,0,0,0,1*1*1,1*1*1
655,173.473,6,0,0,0.996697,0.998348,2,1*1*1,4*1*1
656,158.42,1,1,0,0,0,0,1*1*1,1*1*1
657,0,0,0,0,0,0,0,1*1*1,1*1*1
658,330.18,49,0,0,0.998546,0.999273,10,25*1*1,32*1*1
659,1141.57,399,1,0,0.850495,0.925248,33,25*4*1,64*2*2
660,2981.89,1195,0,0,0.86036,0.93018,58,25*4*3,64*4*3
661,4985.45,2391,0,0,0.982018,0.991009,70,25*4*6,64*8*3
662,15888.1,4782,0,0,0.579408,0.789704,82,25*4*13,64*16*3
663,6252.5,3188,0,0,0.880976,0.940488,73,25*4*7,64*16*2
664,15789.3,4782,0,0,0.583034,0.791517,82,25*4*13,64*16*3
665,862.421,199,0,0,0.969944,0.984972,27,25*4*1,64*1*2
666,9816.08,4782,0,0,0.937818,0.968909,82,25*4*13,64*16*3
667,7903.1,3188,0,0,0.99609,0.998045,79,25*4*10,64*16*2
668,1482.76,398,0,0,0.91822,0.95911,41,25*2*3,64*2*2
669,15823.3,4782,0,0,0.581781,0.790891,82,25*4*13,64*16*3
670,2424.04,797,0,0,0.952088,0.976044,50,25*4*3,64*4*2
671,20082.1,4782,0,0,0.458403,0.729202,82,25*4*13,64*16*3
672,12638.2,4782,1,0,0.728403,0.864201,82,25*4*13,64*16*3
673,3195.19,1594,0,0,0.963073,0.981536,59,25*4*4,64*8*2
674,3290.58,1594,1,0,0.935154,0.967577,59,25*4*4,64*8*2
675,3997.32,1594,0,0,0.984685,0.992342,64,25*4*5,64*8*2
676,2387.39,797,0,0,0.966704,0.983352,50,25*4*3,64*4*2
677,3368.22,1594,0,0,0.913598,0.956799,59,25*4*4,64*8*2
678,1200.01,398,0,0,0.809077,0.904538,33,25*4*1,64*2*2
679,1046.65,399,1,0,0.927626,0.963813,33,25*4*1,64*2*2
680,1486.37,398,0,0,0.91599,0.957995,41,25*2*3,64*2*2
681,2434.63,797,1,0,0.999413,0.999706,51,25*4*3,64*4*2
682,3314.32,1594,0,0,0.928456,0.964228,59,25*4*4,64*8*2
683,3937.85,1594,0,0,0.999556,0.999778,64,25*4*5,64*8*2
684,12419.9,4782,0,0,0.741206,0.870603,82,25*4*13,64*16*3
685,1176.33,398,0,0,0.825364,0.912682,33,25*4*1,64*2*2
686,1919.2,797,0,0,0.927157,0.963579,48,25*4*2,64*4*2
687,2573.45,1195,0,0,0.996911,0.998455,58,25*4*3,64*4*3
688,6364.72,3188,0,0,0.865443,0.932721,73,25*4*7,64*16*2
689,2471.67,797,0,0,0.99718,0.99859,55,25*4*3,64*4*2
690,1104.14,398,0,0,0.879327,0.939663,33,25*4*1,64*2*2
691,319.199,50,1,0,0.980266,0.990133,9,25*1*1,32*1*1
692,1037.42,399,1,0,0.935879,0.96794,33,25*4*1,64*2*2
693,547.898,99,1,0,0.992703,0.996352,19,25*2*1,64*1*1
694,1174.43,399,1,0,0.826699,0.913349,33,25*4*1,64*2*2
695,1262.27,398,1,0,0.76917,0.884585,33,25*4*1,64*2*2
696,674.577,100,1,0,0.849866,0.924933,23,25*2*1,64*1*1
697,330.972,50,1,0,0.996157,0.998078,10,25*1*1,32*1*1
698,2519.65,1195,0,0,0.995972,0.997986,57,25*4*3,64*4*3
699,2140.06,797,0,0,0.831472,0.915736,48,25*4*2,64*4*2
700,2026.26,797,1,0,0.87817,0.939085,48,25*4*2,64*4*2
701,2054.4,797,1,0,0.866141,0.93307,48,25*4*2,64*4*2
702,3324.25,1594,0,0,0.925682,0.962841,59,25*4*4,64*8*2
703,3167.55,1594,1,0,0.971476,0.985738,59,25*4*4,64*8*2
704,2616.71,1195,0,0,0.98043,0.990215,58,25*4*3,64*4*3
705,15833.2,4782,0,0,0.581418,0.790709,82,25*4*13,64*16*3
706,15879.1,4782,1,0,0.579737,0.789868,82,25*4*13,64*16*3
707,20154.4,4782,1,0,0.456759,0.728379,82,25*4*13,64*16*3
708,5018.05,2391,0,0,0.975638,0.987819,70,25*4*6,64*8*3
709,5044.12,2391,1,0,0.970595,0.985298,70,25*4*6,64*8*3
710,15842.3,4782,0,0,0.581084,0.790542,82,25*4*13,64*16*3
711,6576.75,3188,0,0,0.837541,0.918771,73,25*4*7,64*16*2
712,6255.81,3188,1,0,0.880509,0.940255,73,25*4*7,64*16*2
713,6270.46,3189,1,0,0.878452,0.939226,73,25*4*7,64*16*2
714,15771.3,4782,0,0,0.5837,0.79185,82,25*4*13,64*16*3
715,15812.3,4782,1,0,0.582186,0.791093,82,25*4*13,64*16*3
716,9994.66,4782,1,0,0.921062,0.960531,82,25*4*13,64*16*3
717,8208.64,3188,0,0,0.959014,0.979507,79,25*4*10,64*16*2
718,16078.5,4782,0,0,0.572547,0.786274,82,25*4*13,64*16*3
719,8083.73,3188,0,0,0.973833,0.986916,79,25*4*10,64*16*2
720,12506.1,4782,0,0,0.736097,0.868048,82,25*4*13,64*16*3
721,7985.94,3188,0,0,0.985757,0.992879,79,25*4*10,64*16*2
722,8014.42,3188,1,0,0.982254,0.991127,79,25*4*10,64*16*2
723,8008.94,3189,1,0,0.982927,0.991463,79,25*4*10,64*16*2
724,7876.69,3188,1,0,0.99943,0.999715,79,25*4*10,64*16*2
725,8053.17,3188,1,0,0.977528,0.988764,79,25*4*10,64*16*2
726,9974.44,4782,0,0,0.922929,0.961465,82,25*4*13,64*16*3
727,6312.95,3188,0,0,0.87254,0.93627,73,25*4*7,64*16*2
728,7777.71,3188,0,0,0.999189,0.999594,78,25*4*10,64*16*2
729,6161.58,3188,0,0,0.893975,0.946988,73,25*4*7,64*16*2
730,5136.83,2391,0,0,0.953078,0.976539,70,25*4*6,64*8*3
731,2113.76,797,0,0,0.841817,0.920909,48,25*4*2,64*4*2
732,1594.4,398,1,0,0.965003,0.982501,42,25*4*2,64*2*2
733,1864.1,797,1,0,0.954563,0.977281,48,25*4*2,64*4*2
734,2516.39,1195,0,0,0.997262,0.998631,57,25*4*3,64*4*3
735,4923.73,2391,0,0,0.994327,0.997164,70,25*4*6,64*8*3
736,5058.23,2391,1,0,0.967888,0.983944,70,25*4*6,64*8*3
737,20170.1,4782,0,0,0.456403,0.728202,82,25*4*13,64*16*3
738,3072.11,1195,0,0,0.835094,0.917547,58,25*4*3,64*4*3
739,6290.58,3188,0,0,0.875643,0.937821,73,25*4*7,64*16*2
740,19905.8,4782,0,0,0.462463,0.731232,82,25*4*13,64*16*3
741,12458.8,4782,1,0,0.738891,0.869446,82,25*4*13,64*16*3
742,12699,4782,1,0,0.724915,0.862458,82,25*4*13,64*16*3
743,6385.66,3188,0,0,0.862605,0.931302,73,25*4*7,64*16*2
744,12653.9,4782,0,0,0.727499,0.86375,82,25*4*13,64*16*3
745,12466.8,4782,1,0,0.738417,0.869209,82,25*4*13,64*16*3
746,7966.91,3188,0,0,0.988112,0.994056,79,25*4*10,64*16*2
747,1872.64,797,0,0,0.950209,0.975105,48,25*4*2,64*4*2
748,525.316,99,0,0,0.97408,0.98704,17,25*2*1,64*1*1
749,295.597,50,1,0,0.95434,0.97717,5,25*1*1,32*1*1
750,28.1773,0,0,0,0,0,0,1*1*1,1*1*1
751,94.7315,0,0,0,0,0,0,1*1*1,1*1*1
752,21.8409,0,0,0,0,0,0,1*1*1,1*1*1
753,154.618,0,0,0,0,0,0,1*1*1,1*1*1
754,390.051,50,1,0,0.845274,0.922637,10,25*1*1,32*1*1
755,467.502,99,1,0,0.99422,0.99711,13,25*2*1,64*1*1
756,195.26,12,0,0,0.971525,0.985763,3,5*1*1,8*1*1
757,359.103,49,0,0,0.918121,0.95906,10,25*1*1,32*1*1
758,707.896,100,1,0,0.809865,0.904932,23,25*2*1,64*1*1
759,1676.77,797,0,0,0.997752,0.998876,44,25*4*2,64*4*2
760,1966.02,797,1,0,0.905077,0.952539,48,25*4*2,64*4*2
761,3914.92,1594,0,0,0.992536,0.996268,63,25*4*5,64*8*2
762,5062.74,2391,0,0,0.967026,0.983513,70,25*4*6,64*8*3
763,6270.93,3188,0,0,0.878386,0.939193,73,25*4*7,64*16*2
764,4052.3,1594,0,0,0.9962,0.9981,65,25*4*5,64*8*2
765,1476.35,398,0,0,0.922207,0.961103,41,25*2*3,64*2*2
766,2111.54,797,0,0,0.842702,0.921351,48,25*4*2,64*4*2
767,888.873,199,0,0,0.986755,0.993378,29,25*4*1,64*1*2
768,1650.01,597,0,0,0.996964,0.998482,43,25*4*2,64*2*3
769,106.119,0,0,0,0,0,0,1*1*1,1*1*1
770,0,0,0,0,0,0,0,1*1*1,1*1*1
771,1030.25,398,0,0,0.942393,0.971196,33,25*4*1,64*2*2
772,0,0,0,0,0,0,0,1*1*1,1*1*1
773,0,0,0,0,0,0,0,1*1*1,1*1*1
774,164.472,0,0,0,0,0,0,1*1*1,1*1*1
775,0,0,0,0,0,0,0,1*1*1,1*1*1
776,0,0,0,0,0,0,0,1*1*1,1*1*1
777,0,0,0,0,0,0,0,1*1*1,1*1*1
778,460.927,100,1,0,0.964361,0.98218,12,25*2*1,64*1*1
779,145.717,0,0,0,0,0,0,1*1*1,1*1*1
780,194.733,12,0,0,0.974154,0.987077,3,5*1*1,8*1*1
781,33.4861,0,0,0,0,0,0,1*1*1,1*1*1
782,149.261,0,0,0,0,0,0,1*1*1,1*1*1
783,940.684,199,0,0,0.97259,0.986295,31,25*4*1,64*1*2
784,3200.52,1594,0,0,0.961469,0.980734,59,25*4*4,64*8*2
785,5010.15,2391,0,0,0.977176,0.988588,70,25*4*6,64*8*3
786,5012.04,2391,1,0,0.976808,0.988404,70,25*4*6,64*8*3
787,1217.72,398,0,0,0.79731,0.898655,33,25*4*1,64*2*2
788,15851.6,4782,0,0,0.580743,0.790371,82,25*4*13,64*16*3
789,1847.6,797,0,0,0.963087,0.981544,48,25*4*2,64*4*2
790,19945.3,4782,0,0,0.461547,0.730774,82,25*4*13,64*16*3
791,2714.48,1195,0,0,0.945117,0.972558,58,25*4*3,64*4*3
792,2582.84,1196,1,0,0.993286,0.996643,58,25*4*3,64*4*3
793,3084.11,1594,0,0,0.997759,0.99888,59,25*4*4,64*8*2
794,4002.9,1594,0,0,0.983312,0.991656,64,25*4*5,64*8*2
795,3112.42,1594,0,0,0.988684,0.994342,59,25*4*4,64*8*2
796,3123.8,1594,1,0,0.985082,0.992541,59,25*4*4,64*8*2
797,1993.76,797,0,0,0.892485,0.946242,48,25*4*2,64*4*2
798,4014.26,1594,0,0,0.980529,0.990265,64,25*4*5,64*8*2
799,4024.65,1594,1,0,0.977998,0.988999,64,25*4*5,64*8*2
800,3110.1,1594,0,0,0.989422,0.994711,59,25*4*4,64*8*2
801,2618.46,1195,0,0,0.979774,0.989887,58,25*4*3,64*4*3
802,5142.58,2391,0,0,0.952012,0.976006,70,25*4*6,64*8*3
803,3915.31,1594,0,0,0.992437,0.996219,63,25*4*5,64*8*2
804,3970.77,1594,1,0,0.991269,0.995634,64,25*4*5,64*8*2
805,2482.38,797,0,0,0.992878,0.996439,55,25*4*3,64*4*2
806,2044.11,797,0,0,0.870501,0.935251,48,25*4*2,64*4*2
807,3070.79,1195,0,0,0.835453,0.917726,58,25*4*3,64*4*3
808,3971.41,1594,0,0,0.991109,0.995554,64,25*4*5,64*8*2
809,3780.26,1594,0,0,0.814018,0.907009,59,25*4*4,64*8*2
810,2515.98,1195,0,0,0.997424,0.998712,57,25*4*3,64*4*3
811,4080.67,1594,0,0,0.989274,0.994637,65,25*4*5,64*8*2
812,6231.37,3188,0,0,0.883963,0.941981,73,25*4*7,64*16*2
813,5040.03,2391,0,0,0.971383,0.985692,70,25*4*6,64*8*3
814,5167.74,2391,1,0,0.947377,0.973689,70,25*4*6,64*8*3
815,2545.65,1195,0,0,0.985799,0.9929,57,25*4*3,64*4*3
816,1457.1,399,1,0,0.93439,0.967195,41,25*2*3,64*2*2
817,248.02,24,0,0,0.832594,0.916297,4,5*1*1,16*1*1
818,1908.92,797,0,0,0.93215,0.966075,48,25*4*2,64*4*2
819,175.88,6,0,0,0.983057,0.991528,2,1*1*1,4*1*1
820,122.757,1,1,0,0,0,0,1*1*1,1*1*1
821,94.124,1,1,0,0,0,0,1*1*1,1*1*1
822,214.304,24,0,0,0.963584,0.981792,4,5*1*1,16*1*1
823,818.962,199,0,0,0.987225,0.993613,25,25*4*1,64*1*2
824,1401.85,398,0,0,0.971217,0.985608,41,25*2*3,64*2*2
825,654.483,99,0,0,0.875959,0.937979,23,25*2*1,64*1*1
826,2105.7,797,0,0,0.84504,0.92252,48,25*4*2,64*4*2
827,1215.54,398,0,0,0.79874,0.89937,33,25*4*1,64*2*2
828,942.425,199,1,0,0.970793,0.985397,31,25*4*1,64*1*2
829,331.023,50,1,0,0.996003,0.998002,10,25*1*1,32*1*1
830,439.089,100,1,0,0.980439,0.99022,11,25*2*1,64*1*1
831,766.623,100,1,0,0.747825,0.873913,23,25*2*1,64*1*1
832,15.4767,0,0,0,0,0,0,1*1*1,1*1*1
833,556.273,99,1,0,0.985308,0.992654,20,25*2*1,64*1*1
834,67.0633,0,0,0,0,0,0,1*1*1,1*1*1
835,390.07,50,1,0,0.845233,0.922616,10,25*1*1,32*1*1
836,77.9217,0,0,0,0,0,0,1*1*1,1*1*1
837,0,0,0,0,0,0,0,1*1*1,1*1*1
838,97.4795,0,0,0,0,0,0,1*1*1,1*1*1
839,32.8934,0,0,0,0,0,0,1*1*1,1*1*1
840,0,0,0,0,0,0,0,1*1*1,1*1*1
841,0,0,0,0,0,0,0,1*1*1,1*1*1
842,89.3188,0,0,0,0,0,0,1*1*1,1*1*1
843,67.7659,0,0,0,0,0,0,1*1*1,1*1*1
844,968.147,199,1,0,0.997059,0.99853,32,25*4*1,64*1*2
845,425.6,50,1,0,0.774671,0.887336,10,25*1*1,32*1*1
846,2.36164,0,0,0,0,0,0,1*1*1,1*1*1
847,906.169,199,1,0,0.981826,0.990913,30,25*4*1,64*1*2
848,2502.52,797,0,0,0.998314,0.999157,56,25*4*3,64*4*2
849,1692.48,797,0,0,0.98849,0.994245,44,25*4*2,64*4*2
850,3114.04,1594,0,0,0.98817,0.994085,59,25*4*4,64*8*2
851,15827.6,4782,0,0,0.581623,0.790812,82,25*4*13,64*16*3
852,20025.5,4782,1,0,0.459699,0.729849,82,25*4*13,64*16*3
853,15686.9,4782,1,0,0.58684,0.79342,82,25*4*13,64*16*3
854,15776.6,4782,1,0,0.583503,0.791752,82,25*4*13,64*16*3
855,19814.1,4782,1,0,0.464603,0.732302,82,25*4*13,64*16*3
856,12412.2,4783,1,0,0.741665,0.870833,82,25*4*13,64*16*3
857,15864.7,4782,1,0,0.580263,0.790132,82,25*4*13,64*16*3
858,25208.8,4782,1,0,0.365178,0.682589,82,25*4*13,64*16*3
859,20132.6,4782,1,0,0.457253,0.728627,82,25*4*13,64*16*3
860,15862.7,4782,1,0,0.580336,0.790168,82,25*4*13,64*16*3
861,15804.5,4783,1,0,0.582473,0.791237,82,25*4*13,64*16*3
862,15841,4782,1,0,0.581131,0.790566,82,25*4*13,64*16*3
863,19976.8,4782,1,0,0.46082,0.73041,82,25*4*13,64*16*3
864,9825.35,4782,1,0,0.936934,0.968467,82,25*4*13,64*16*3
865,19889.8,4782,1,0,0.462835,0.731418,82,25*4*13,64*16*3
866,25063.8,4783,1,0,0.367291,0.683645,82,25*4*13,64*16*3
867,15713.4,4782,1,0,0.58585,0.792925,82,25*4*13,64*16*3
868,12747.8,4782,1,0,0.72214,0.86107,82,25*4*13,64*16*3
869,15760.8,4782,1,0,0.584088,0.792044,82,25*4*13,64*16*3
870,24917.5,4782,1,0,0.369447,0.684724,82,25*4*13,64*16*3
871,20204.4,4783,1,0,0.455628,0.727814,82,25*4*13,64*16*3
872,25118.5,4782,1,0,0.366491,0.683245,82,25*4*13,64*16*3
873,12521.5,4782,1,0,0.735191,0.867596,82,25*4*13,64*16*3
874,12504.5,4782,1,0,0.736191,0.868095,82,25*4*13,64*16*3
875,12603.5,4782,1,0,0.730408,0.865204,82,25*4*13,64*16*3
876,15813.8,4783,1,0,0.582131,0.791065,82,25*4*13,64*16*3
877,12686.7,4782,1,0,0.725618,0.862809,82,25*4*13,64*16*3
878,12541.5,4782,1,0,0.734019,0.86701,82,25*4*13,64*16*3
879,15851,4782,1,0,0.580765,0.790382,82,25*4*13,64*16*3
880,12591.9,4782,1,0,0.731081,0.865541,82,25*4*13,64*16*3
881,10071.4,4783,1,0,0.914044,0.957022,82,25*4*13,64*16*3
882,12672.7,4782,1,0,0.72642,0.86321,82,25*4*13,64*16*3
883,16055.1,4782,1,0,0.573382,0.786691,82,25*4*13,64*16*3
884,15675.6,4782,1,0,0.587263,0.793632,82,25*4*13,64*16*3
885,4975.34,2391,0,0,0.984013,0.992007,70,25*4*6,64*8*3
886,16012.6,4782,0,0,0.574904,0.787452,82,25*4*13,64*16*3
887,3930.27,1594,0,0,0.98866,0.99433,63,25*4*5,64*8*2
888,0,0,0,0,0,0,0,1*1*1,1*1*1
889,39.6493,0,0,0,0,0,0,1*1*1,1*1*1
890,323.676,49,0,0,0.966707,0.983354,9,25*1*1,32*1*1
891,286.116,50,1,0,0.985964,0.992982,5,25*1*1,32*1*1
892,137.294,0,0,0,0,0,0,1*1*1,1*1*1
893,374.106,50,1,0,0.881301,0.940651,10,25*1*1,32*1*1
894,1946.18,797,0,0,0.914304,0.957152,48,25*4*2,64*4*2
895,786.344,99,0,0,0.978325,0.989163,24,25*4*1,64*1*1
896,9996.24,4782,0,0,0.920916,0.960458,82,25*4*13,64*16*3
897,1604.53,398,0,0,0.95891,0.979455,42,25*4*2,64*2*2
898,19903,4782,0,0,0.462528,0.731264,82,25*4*13,64*16*3
899,19903.1,4782,1,0,0.462526,0.731263,82,25*4*13,64*16*3
900,12648.7,4782,1,0,0.727798,0.863899,82,25*4*13,64*16*3
901,2009.44,797,0,0,0.88552,0.94276,48,25*4*2,64*4*2
902,8550.78,4782,0,0,0.988343,0.994171,80,25*4*11,64*16*3
903,15960.2,4782,0,0,0.576791,0.788396,82,25*4*13,64*16*3
904,16035.6,4782,1,0,0.574079,0.787039,82,25*4*13,64*16*3
905,20384.8,4782,1,0,0.451596,0.725798,82,25*4*13,64*16*3
906,12818.2,4782,1,0,0.718174,0.859087,82,25*4*13,64*16*3
907,1988.5,797,0,0,0.894845,0.947423,48,25*4*2,64*4*2
908,0,0,0,0,0,0,0,1*1*1,1*1*1
909,220.302,24,0,0,0.93735,0.968675,4,5*1*1,16*1*1
910,258.668,25,1,0,0.798321,0.89916,4,5*1*1,16*1*1
911,1919.11,797,0,0,0.927201,0.9636,48,25*4*2,64*4*2
912,0,0,0,0,0,0,0,1*1*1,1*1*1
913,410.292,49,0,0,0.803574,0.901787,10,25*1*1,32*1*1
914,268.432,24,0,0,0.769282,0.884641,4,5*1*1,16*1*1
915,250.284,25,1,0,0.825063,0.912531,4,5*1*1,16*1*1
916,211.863,25,1,0,0.974686,0.987343,4,5*1*1,16*1*1
917,1252.69,398,0,0,0.775052,0.887526,33,25*4*1,64*2*2
918,1394.47,398,0,0,0.976357,0.988178,41,25*2*3,64*2*2
919,1340.18,399,1,0,0.995016,0.997508,40,25*2*3,64*2*2
920,420.786,49,0,0,0.783534,0.891767,10,25*1*1,32*1*1
921,37.7889,0,0,0,0,0,0,1*1*1,1*1*1
922,838.96,200,1,0,0.997068,0.998534,27,25*4*1,64*1*2
923,0,0,0,0,0,0,0,1*1*1,1*1*1
924,619.971,99,1,0,0.924721,0.96236,23,25*2*1,64*1*1
925,133.837,0,0,0,0,0,0,1*1*1,1*1*1
926,159.273,0,0,0,0,0,0,1*1*1,1*1*1
927,133.972,0,0,0,0,0,0,1*1*1,1*1*1
928,0,0,0,0,0,0,0,1*1*1,1*1*1
929,0,0,0,0,0,0,0,1*1*1,1*1*1
930,0,0,0,0,0,0,0,1*1*1,1*1*1
931,179.938,6,0,0,0.960887,0.980443,2,1*1*1,4*1*1
932,0,0,0,0,0,0,0,1*1*1,1*1*1
933,287.714,49,0,0,0.980488,0.990244,5,25*1*1,32*1*1
934,0,0,0,0,0,0,0,1*1*1,1*1*1
935,112.788,0,0,0,0,0,0,1*1*1,1*1*1
936,511.939,100,1,0,0.999533,0.999767,17,25*2*1,64*1*1
937,516.596,100,1,0,0.990523,0.995261,17,25*2*1,64*1*1
938,0,0,0,0,0,0,0,1*1*1,1*1*1
939,525.734,99,1,0,0.973306,0.986653,17,25*2*1,64*1*1
940,444.004,100,1,0,0.969586,0.984793,11,25*2*1,64*1*1
941,256.307,24,0,0,0.805674,0.902837,4,5*1*1,16*1*1
942,199.133,13,1,0,0.95263,0.976315,3,5*1*1,8*1*1
943,399.806,49,0,0,0.82465,0.912325,10,25*1*1,32*1*1
944,202.294,12,0,0,0.937744,0.968872,3,5*1*1,8*1*1
945,160.39,0,0,0,0,0,0,1*1*1,1*1*1
946,0,0,0,0,0,0,0,1*1*1,1*1*1
947,39.7743,0,0,0,0,0,0,1*1*1,1*1*1
948,383.87,49,0,0,0.858885,0.929442,10,25*1*1,32*1*1
949,334.73,50,1,0,0.984973,0.992486,10,25*1*1,32*1*1
950,184.398,6,0,0,0.937646,0.968823,2,1*1*1,4*1*1
951,477.221,99,0,0,0.987174,0.993587,14,25*2*1,64*1*1
952,380.29,50,1,0,0.86697,0.933485,10,25*1*1,32*1*1
953,114.606,0,0,0,0,0,0,1*1*1,1*1*1
954,455.777,100,1,0,0.975258,0.987629,12,25*2*1,64*1*1
955,0,0,0,0,0,0,0,1*1*1,1*1*1
956,194.659,12,0,0,0.974525,0.987262,3,5*1*1,8*1*1
957,642.644,99,0,0,0.892096,0.946048,23,25*2*1,64*1*1
958,569.736,100,1,0,0.981683,0.990841,22,25*2*1,64*1*1
959,933.013,199,1,0,0.980587,0.990293,31,25*4*1,64*1*2
960,3270.48,1594,0,0,0.940902,0.970451,59,25*4*4,64*8*2
961,5267.75,2391,0,0,0.929391,0.964696,70,25*4*6,64*8*3
962,16064.1,4782,0,0,0.57306,0.78653,82,25*4*13,64*16*3
963,6099.28,3188,0,0,0.903107,0.951553,73,25*4*7,64*16*2
964,15922,4782,0,0,0.578175,0.789087,82,25*4*13,64*16*3
965,635.949,99,0,0,0.901487,0.950744,23,25*2*1,64*1*1
966,10255.7,4782,0,0,0.897618,0.948809,82,25*4*13,64*16*3
967,8178.02,3188,0,0,0.962605,0.981302,79,25*4*10,64*16*2
968,1405.63,398,0,0,0.968605,0.984302,41,25*2*3,64*2*2
969,16225,4782,0,0,0.567378,0.783689,82,25*4*13,64*16*3
970,2462.33,797,0,0,0.99414,0.99707,54,25*4*3,64*4*2
971,20207.4,4782,0,0,0.455561,0.72778,82,25*4*13,64*16*3
972,12753.8,4782,1,0,0.721801,0.8609,82,25*4*13,64*16*3
973,3348.91,1594,0,0,0.918866,0.959433,59,25*4*4,64*8*2
974,3195.33,1594,1,0,0.96303,0.981515,59,25*4*4,64*8*2
975,4101.85,1594,0,0,0.984166,0.992083,65,25*4*5,64*8*2
976,2781.98,1195,0,0,0.922185,0.961092,58,25*4*3,64*4*3
977,3406.06,1594,0,0,0.903449,0.951724,59,25*4*4,64*8*2
978,1731.23,797,0,0,0.966365,0.983182,44,25*4*2,64*4*2
979,1395.09,398,0,0,0.975923,0.987961,41,25*2*3,64*2*2
980,1915.88,797,0,0,0.928764,0.964382,48,25*4*2,64*4*2
981,2506.04,797,0,0,0.996911,0.998456,56,25*4*3,64*4*2
982,3609.8,1594,0,0,0.852457,0.926229,59,25*4*4,64*8*2
983,4171.75,1594,0,0,0.967675,0.983838,65,25*4*5,64*8*2
984,12876.6,4782,0,0,0.714917,0.857458,82,25*4*13,64*16*3
985,1224.9,398,0,0,0.792636,0.896318,33,25*4*1,64*2*2
986,2154.42,797,0,0,0.997809,0.998905,49,25*2*5,64*4*2
987,2801.71,1195,0,0,0.915691,0.957845,58,25*4*3,64*4*3
988,6306.45,3188,0,0,0.873439,0.93672,73,25*4*7,64*16*2
989,2393.03,797,0,0,0.964426,0.982213,50,25*4*3,64*4*2
990,926.941,199,0,0,0.98701,0.993505,31,25*4*1,64*1*2
991,786.117,99,1,0,0.978608,0.989304,24,25*4*1,64*1*1
992,620.397,100,1,0,0.924086,0.962043,23,25*2*1,64*1*1
993,479.538,100,1,0,0.982404,0.991202,14,25*2*1,64*1*1
994,772.404,99,1,0,0.995981,0.997991,24,25*4*1,64*1*1
995,1354.52,398,0,0,0.984482,0.992241,40,25*2*3,64*2*2
996,785.664,99,0,0,0.979172,0.989586,24,25*4*1,64*1*1
997,775.993,100,1,0,0.991375,0.995687,24,25*4*1,64*1*1
998,2702.1,1195,0,0,0.949447,0.974723,58,25*4*3,64*4*3
999,1786.88,797,0,0,0.995814,0.997907,48,25*4*2,64*4*2
1000,2377.59,797,0,0,0.970689,0.985344,50,25*4*3,64*4*2
1001,2133.84,797,0,0,0.833896,0.916948,48,25*4*2,64*4*2
1002,3306.5,1594,0,0,0.930652,0.965326,59,25*4*4,64*8*2
1003,3370.86,1594,1,0,0.912883,0.956441,59,25*4*4,64*8*2
1004,2744.73,1195,0,0,0.9347,0.96735,58,25*4*3,64*4*3
1005,15955.2,4782,0,0,0.576972,0.788486,82,25*4*13,64*16*3
1006,15959.7,4782,1,0,0.576809,0.788405,82,25*4*13,64*16*3
1007,20655,4782,1,0,0.445689,0.722844,82,25*4*13,64*16*3
1008,5425.21,2391,0,0,0.990542,0.995271,72,25*4*7,64*8*3
1009,5342.3,2391,1,0,0.993336,0.996668,71,25*4*7,64*8*3
1010,15888.2,4782,0,0,0.579405,0.789702,82,25*4*13,64*16*3
1011,6130.27,3188,0,0,0.898541,0.949271,73,25*4*7,64*16*2
1012,6214.67,3188,1,0,0.886338,0.943169,73,25*4*7,64*16*2
1013,6138.53,3189,1,0,0.897332,0.948666,73,25*4*7,64*16*2
1014,15960.9,4782,0,0,0.576766,0.788383,82,25*4*13,64*16*3
1015,16004.3,4782,1,0,0.575202,0.787601,82,25*4*13,64*16*3
1016,9976.83,4782,1,0,0.922708,0.961354,82,25*4*13,64*16*3
1017,7753.92,3188,0,0,0.995754,0.997877,77,25*4*10,64*16*2
1018,16528.8,4782,0,0,0.556949,0.778475,82,25*4*13,64*16*3
1019,7954,3188,0,0,0.989716,0.994858,79,25*4*10,64*16*2
1020,13009.8,4782,0,0,0.707597,0.853799,82,25*4*13,64*16*3
1021,7965.84,3188,0,0,0.988245,0.994122,79,25*4*10,64*16*2
1022,8230.74,3188,1,0,0.956439,0.978219,79,25*4*10,64*16*2
1023,8016.68,3189,1,0,0.981978,0.990989,79,25*4*10,64*16*2
1024,7595.88,3188,0,0,0.725169,0.862585,73,25*4*7,64*16*2
1025,7886.1,3188,0,0,0.998237,0.999119,79,25*4*10,64*16*2
1026,10368.9,4782,0,0,0.887818,0.943909,82,25*4*13,64*16*3
1027,6671.46,3188,0,0,0.825651,0.912826,73,25*4*7,64*16*2
1028,8184.97,3188,0,0,0.961787,0.980894,79,25*4*10,64*16*2
1029,6364.07,3188,0,0,0.865531,0.932766,73,25*4*7,64*16*2
1030,5420.74,2391,1,0,0.991359,0.99568,72,25*4*7,64*8*3
1031,2013.1,797,0,0,0.88391,0.941955,48,25*4*2,64*4*2
1032,1615.65,398,1,0,0.95231,0.976155,42,25*4*2,64*2*2
1033,2156.01,797,0,0,0.997073,0.998537,49,25*2*5,64*4*2
1034,2706.48,1195,0,0,0.94791,0.973955,58,25*4*3,64*4*3
1035,5334.62,2391,0,0,0.994766,0.997383,71,25*4*7,64*8*3
1036,5601.31,3188,1,0,0.983395,0.991697,73,25*4*7,64*16*2
1037,19868.8,4782,0,0,0.463324,0.731662,82,25*4*13,64*16*3
1038,3333.67,1594,0,0,0.923067,0.961533,59,25*4*4,64*8*2
1039,6387.88,3188,0,0,0.862305,0.931152,73,25*4*7,64*16*2
1040,19760.4,4782,0,0,0.465866,0.732933,82,25*4*13,64*16*3
1041,12568.3,4782,1,0,0.732454,0.866227,82,25*4*13,64*16*3
1042,13024.6,4782,1,0,0.706793,0.853397,82,25*4*13,64*16*3
1043,6430.29,3188,0,0,0.856618,0.928309,73,25*4*7,64*16*2
1044,12683.8,4782,0,0,0.725784,0.862892,82,25*4*13,64*16*3
1045,12626.6,4782,1,0,0.729072,0.864536,82,25*4*13,64*16*3
1046,8119.78,3188,0,0,0.969509,0.984755,79,25*4*10,64*16*2
1047,2205.53,797,0,0,0.974686,0.987343,49,25*2*5,64*4*2
1048,724.299,99,0,0,0.791524,0.895762,23,25*2*1,64*1*1
1049,0,0,0,0,0,0,0,1*1*1,1*1*1
1050,25.1509,0,0,0,0,0,0,1*1*1,1*1*1
1051,0,0,0,0,0,0,0,1*1*1,1*1*1
1052,246.955,24,0,0,0.836185,0.918092,4,5*1*1,16*1*1
1053,426.72,49,0,0,0.772638,0.886319,10,25*1*1,32*1*1
1054,863.721,200,1,0,0.968484,0.984242,27,25*4*1,64*1*2
1055,899.918,199,1,0,0.988646,0.994323,30,25*4*1,64*1*2
1056,247.535,24,0,0,0.834225,0.917113,4,5*1*1,16*1*1
1057,278.249,25,1,0,0.742141,0.871071,4,5*1*1,16*1*1
1058,1194.92,398,0,0,0.812523,0.906262,33,25*4*1,64*2*2
1059,1681.84,797,0,0,0.994744,0.997372,44,25*4*2,64*4*2
1060,2331.17,797,0,0,0.990018,0.995009,50,25*4*3,64*4*2
1061,3737.62,1594,0,0,0.823305,0.911652,59,25*4*4,64*8*2
1062,5099.09,2391,0,0,0.960132,0.980066,70,25*4*6,64*8*3
1063,6418.42,3188,0,0,0.858202,0.929101,73,25*4*7,64*16*2
1064,4401.39,1594,0,0,0.917188,0.958594,65,25*4*5,64*8*2
1065,1635.25,398,0,0,0.940896,0.970448,42,25*4*2,64*2*2
1066,2003.8,797,1,0,0.888013,0.944006,48,25*4*2,64*4*2
1067,750.34,99,0,0,0.764054,0.882027,23,25*2*1,64*1*1
1068,1773.28,797,0,0,0.98924,0.99462,47,25*4*2,64*4*2
1069,156.401,0,0,0,0,0,0,1*1*1,1*1*1
1070,156.04,0,0,0,0,0,0,1*1*1,1*1*1
1071,1197.18,398,0,0,0.810989,0.905495,33,25*4*1,64*2*2
1072,326.605,50,1,0,0.958038,0.979019,9,25*1*1,32*1*1
1073,0,0,0,0,0,0,0,1*1*1,1*1*1
1074,364.721,50,1,0,0.903979,0.951989,10,25*1*1,32*1*1
1075,0,0,0,0,0,0,0,1*1*1,1*1*1
1076,67.8955,0,0,0,0,0,0,1*1*1,1*1*1
1077,788.052,99,1,0,0.976205,0.988102,24,25*4*1,64*1*1
1078,550.291,100,1,0,0.996018,0.998009,20,25*2*1,64*1*1
1079,308.581,50,1,0,0.986775,0.993387,8,25*1*1,32*1*1
1080,820.76,199,1,0,0.985063,0.992531,25,25*4*1,64*1*2
1081,398.31,50,1,0,0.827747,0.913874,10,25*1*1,32*1*1
1082,428.809,50,1,0,0.768874,0.884437,10,25*1*1,32*1*1
1083,651.546,99,1,0,0.879907,0.939954,23,25*2*1,64*1*1
1084,3172.24,1594,0,0,0.97004,0.98502,59,25*4*4,64*8*2
1085,4962.98,2391,0,0,0.986464,0.993232,70,25*4*6,64*8*3
1086,5568.25,3188,0,0,0.989234,0.994617,73,25*4*7,64*16*2
1087,1590.81,398,0,0,0.96718,0.98359,42,25*4*2,64*2*2
1088,16159.7,4782,0,0,0.56967,0.784835,82,25*4*13,64*16*3
1089,1950.3,797,0,0,0.912372,0.956186,48,25*4*2,64*4*2
1090,19838.6,4782,0,0,0.46403,0.732015,82,25*4*13,64*16*3
1091,2630.83,1195,0,0,0.975168,0.987584,58,25*4*3,64*4*3
1092,2528.28,1196,1,0,0.992572,0.996286,57,25*4*3,64*4*3
1093,3054.01,1196,1,0,0.840043,0.920022,58,25*4*3,64*4*3
1094,4199.5,1594,0,0,0.961281,0.980641,65,25*4*5,64*8*2
1095,3302.78,1594,0,0,0.9317,0.96585,59,25*4*4,64*8*2
1096,3281.65,1594,1,0,0.937699,0.96885,59,25*4*4,64*8*2
1097,2165.35,797,0,0,0.992773,0.996386,49,25*2*5,64*4*2
1098,3821.95,1594,0,0,0.805139,0.902569,59,25*4*4,64*8*2
1099,4569.44,1594,0,0,0.883456,0.941728,65,25*4*5,64*8*2
1100,3668.78,1594,0,0,0.838753,0.919376,59,25*4*4,64*8*2
1101,2887.04,1195,0,0,0.888626,0.944313,58,25*4*3,64*4*3
1102,4901.31,2391,0,0,0.998876,0.999438,70,25*4*6,64*8*3
1103,4510.21,1594,0,0,0.895058,0.947529,65,25*4*5,64*8*2
1104,4370.18,1594,1,0,0.923738,0.961869,65,25*4*5,64*8*2
1105,2902.86,1195,0,0,0.883784,0.941892,58,25*4*3,64*4*3
1106,1819.17,797,0,0,0.978138,0.989069,48,25*4*2,64*4*2
1107,3435.4,1594,0,0,0.895733,0.947866,59,25*4*4,64*8*2
1108,3967.11,1594,0,0,0.992183,0.996092,64,25*4*5,64*8*2
1109,3914.97,1594,1,0,0.992524,0.996262,63,25*4*5,64*8*2
1110,2827.38,1195,0,0,0.907377,0.953689,58,25*4*3,64*4*3
1111,3907.26,1594,0,0,0.994482,0.997241,63,25*4*5,64*8*2
1112,6775.53,3188,0,0,0.81297,0.906485,73,25*4*7,64*16*2
1113,5443.63,2391,1,0,0.987191,0.993595,72,25*4*7,64*8*3
1114,5467.13,2392,1,0,0.982947,0.991474,72,25*4*7,64*8*3
1115,2498.17,797,0,0,0.986602,0.993301,55,25*4*3,64*4*2
1116,1894.11,797,0,0,0.939439,0.969719,48,25*4*2,64*4*2
1117,290.829,49,0,0,0.969986,0.984993,5,25*1*1,32*1*1
1118,1952.92,797,0,0,0.911148,0.955574,48,25*4*2,64*4*2
1119,96.1519,0,0,0,0,0,0,1*1*1,1*1*1
1120,368.004,49,0,0,0.895914,0.947957,10,25*1*1,32*1*1
1121,440.451,100,1,0,0.977407,0.988704,11,25*2*1,64*1*1
1122,296.632,50,1,0,0.95101,0.975505,5,25*1*1,32*1*1
1123,970.644,199,1,0,0.994494,0.997247,32,25*4*1,64*1*2
1124,1209.3,399,1,0,0.802861,0.901431,33,25*4*1,64*2*2
1125,564.389,99,1,0,0.990983,0.995492,22,25*2*1,64*1*1
1126,2357.33,797,0,0,0.979031,0.989516,50,25*4*3,64*4*2
1127,1510.92,398,1,0,0.901107,0.950553,41,25*2*3,64*2*2
1128,1329.15,399,1,0,0.99906,0.99953,39,25*2*3,64*2*2
1129,203.793,12,0,0,0.930846,0.965423,3,5*1*1,8*1*1
1130,385.012,49,0,0,0.856337,0.928168,10,25*1*1,32*1*1
1131,957.99,200,1,0,0.95502,0.97751,31,25*4*1,64*1*2
1132,0,0,0,0,0,0,0,1*1*1,1*1*1
1133,638.217,99,1,0,0.898284,0.949142,23,25*2*1,64*1*1
1134,0,0,0,0,0,0,0,1*1*1,1*1*1
1135,656.224,100,1,0,0.873635,0.936817,23,25*2*1,64*1*1
1136,222.293,24,0,0,0.928954,0.964477,4,5*1*1,16*1*1
1137,315.798,49,0,0,0.990823,0.995412,9,25*1*1,32*1*1
1138,7.51072,0,0,0,0,0,0,1*1*1,1*1*1
1139,168.618,0,0,0,0,0,0,1*1*1,1*1*1
1140,71.0135,0,0,0,0,0,0,1*1*1,1*1*1
1141,178.865,6,0,0,0.966651,0.983325,2,1*1*1,4*1*1
1142,360.485,49,0,0,0.914601,0.957301,10,25*1*1,32*1*1
1143,34.11,0,0,0,0,0,0,1*1*1,1*1*1
1144,1061.97,399,1,0,0.914244,0.957122,33,25*4*1,64*2*2
1145,629.909,100,1,0,0.910131,0.955066,23,25*2*1,64*1*1
1146,264.813,24,0,0,0.779796,0.889898,4,5*1*1,16*1*1
1147,1557.56,398,0,0,0.987827,0.993914,42,25*4*2,64*2*2
1148,2404.24,797,0,0,0.959929,0.979965,50,25*4*3,64*4*2
1149,2062.99,797,0,0,0.862534,0.931267,48,25*4*2,64*4*2
1150,3109.99,1594,0,0,0.989457,0.994728,59,25*4*4,64*8*2
1151,15910.2,4782,0,0,0.578604,0.789302,82,25*4*13,64*16*3
1152,20172.3,4782,1,0,0.456354,0.728177,82,25*4*13,64*16*3
1153,15983.5,4782,1,0,0.57595,0.787975,82,25*4*13,64*16*3
1154,15664.6,4782,1,0,0.587675,0.793838,82,25*4*13,64*16*3
1155,20214.3,4782,1,0,0.455405,0.727703,82,25*4*13,64*16*3
1156,12884.5,4783,1,0,0.714479,0.857239,82,25*4*13,64*16*3
1157,16423.4,4782,1,0,0.560523,0.780262,82,25*4*13,64*16*3
1158,24982.2,4782,1,0,0.36849,0.684245,82,25*4*13,64*16*3
1159,19674.5,4782,1,0,0.4679,0.73395,82,25*4*13,64*16*3
1160,16063,4782,1,0,0.5731,0.78655,82,25*4*13,64*16*3
1161,16146.7,4783,1,0,0.570129,0.785064,82,25*4*13,64*16*3
1162,16246.1,4782,1,0,0.566641,0.78332,82,25*4*13,64*16*3
1163,19988.8,4782,1,0,0.460543,0.730271,82,25*4*13,64*16*3
1164,10249.2,4782,1,0,0.898187,0.949094,82,25*4*13,64*16*3
1165,20291.2,4782,1,0,0.453679,0.72684,82,25*4*13,64*16*3
1166,25090.2,4783,1,0,0.366904,0.683452,82,25*4*13,64*16*3
1167,15580.9,4782,1,0,0.590832,0.795416,82,25*4*13,64*16*3
1168,12581.9,4782,1,0,0.731662,0.865831,82,25*4*13,64*16*3
1169,15933.2,4782,1,0,0.577768,0.788884,82,25*4*13,64*16*3
1170,25353,4782,1,0,0.363101,0.681551,82,25*4*13,64*16*3
1171,20369.1,4783,1,0,0.451944,0.725972,82,25*4*13,64*16*3
1172,25287.9,4782,1,0,0.364036,0.682018,82,25*4*13,64*16*3
1173,12482.2,4782,1,0,0.737506,0.868753,82,25*4*13,64*16*3
1174,12813.4,4782,1,0,0.718443,0.859222,82,25*4*13,64*16*3
1175,12682.1,4782,1,0,0.725881,0.862941,82,25*4*13,64*16*3
1176,16263.9,4783,1,0,0.56602,0.78301,82,25*4*13,64*16*3
1177,12351.7,4782,1,0,0.745298,0.872649,82,25*4*13,64*16*3
1178,12396.3,4782,1,0,0.742617,0.871308,82,25*4*13,64*16*3
1179,16038.6,4782,1,0,0.573972,0.786986,82,25*4*13,64*16*3
1180,12756.1,4782,1,0,0.72167,0.860835,82,25*4*13,64*16*3
1181,10539.9,4783,1,0,0.873414,0.936707,82,25*4*13,64*16*3
1182,12904.9,4782,1,0,0.713349,0.856675,82,25*4*13,64*16*3
1183,15769.7,4782,1,0,0.583759,0.791879,82,25*4*13,64*16*3
1184,16219.7,4782,1,0,0.567563,0.783781,82,25*4*13,64*16*3
1185,5168.01,2391,0,0,0.947328,0.973664,70,25*4*6,64*8*3
1186,16291.9,4782,0,0,0.565048,0.782524,82,25*4*13,64*16*3
1187,3660.29,1594,0,0,0.840698,0.920349,59,25*4*4,64*8*2
1188,0,0,0,0,0,0,0,1*1*1,1*1*1
1189,446.643,99,0,0,0.995202,0.997601,12,25*2*1,64*1*1
1190,132.942,0,0,0,0,0,0,1*1*1,1*1*1
1191,252.873,24,0,0,0.816615,0.908308,4,5*1*1,16*1*1
1192,139.665,0,0,0,0,0,0,1*1*1,1*1*1
1193,609.431,99,0,0,0.940714,0.970357,23,25*2*1,64*1*1
1194,2219.08,797,0,0,0.968735,0.984367,49,25*2*5,64*4*2
1195,1083.48,398,0,0,0.896094,0.948047,33,25*4*1,64*2*2
1196,10164.8,4782,0,0,0.905645,0.952822,82,25*4*13,64*16*3
1197,1574.6,398,0,0,0.977137,0.988569,42,25*4*2,64*2*2
1198,19668.5,4782,0,0,0.468043,0.734021,82,25*4*13,64*16*3
1199,20107.9,4782,1,0,0.457815,0.728908,82,25*4*13,64*16*3
1200,12873.6,4782,1,0,0.715084,0.857542,82,25*4*13,64*16*3
1201,1749.48,797,0,0,0.995496,0.997748,46,25*4*2,64*4*2
1202,7907.71,3188,0,0,0.995509,0.997755,79,25*4*10,64*16*2
1203,15741.3,4782,0,0,0.584812,0.792406,82,25*4*13,64*16*3
1204,15797.1,4782,1,0,0.582746,0.791373,82,25*4*13,64*16*3
1205,20412.9,4782,1,0,0.450975,0.725487,82,25*4*13,64*16*3
1206,12576.5,4782,1,0,0.731976,0.865988,82,25*4*13,64*16*3
1207,1604.29,398,0,0,0.959054,0.979527,42,25*4*2,64*2*2
1208,0,0,0,0,0,0,0,1*1*1,1*1*1
1209,0,0,0,0,0,0,0,1*1*1,1*1*1
1210,117.469,0,0,0,0,0,0,1*1*1,1*1*1
1211,1984.46,797,1,0,0.896667,0.948334,48,25*4*2,64*4*2
1212,730.274,99,0,0,0.785048,0.892524,23,25*2*1,64*1*1
1213,0,0,0,0,0,0,0,1*1*1,1*1*1
1214,629.57,100,1,0,0.910622,0.955311,23,25*2*1,64*1*1
1215,499.701,99,1,0,0.967979,0.983989,15,25*2*1,64*1*1
1216,293.91,50,1,0,0.959818,0.979909,5,25*1*1,32*1*1
1217,1159.71,399,1,0,0.837192,0.918596,33,25*4*1,64*2*2
1218,1855.64,797,0,0,0.958914,0.979457,48,25*4*2,64*4*2
1219,1319.5,398,0,0,0.993634,0.996817,38,25*2*3,64*2*2
1220,229.153,24,0,0,0.901145,0.950572,4,5*1*1,16*1*1
1221,700.68,99,0,0,0.818205,0.909103,23,25*2*1,64*1*1
1222,821.165,199,1,0,0.984577,0.992288,25,25*4*1,64*1*2
1223,250.186,24,0,0,0.825386,0.912693,4,5*1*1,16*1*1
1224,376.987,49,0,0,0.874566,0.937283,10,25*1*1,32*1*1
1225,53.2052,0,0,0,0,0,0,1*1*1,1*1*1
1226,0,0,0,0,0,0,0,1*1*1,1*1*1
1227,341.432,50,1,0,0.965639,0.982819,10,25*1*1,32*1*1
1228,365.757,50,1,0,0.901418,0.950709,10,25*1*1,32*1*1
1229,390.202,50,1,0,0.844947,0.922473,10,25*1*1,32*1*1
1230,0,0,0,0,0,0,0,1*1*1,1*1*1
1231,0,0,0,0,0,0,0,1*1*1,1*1*1
1232,676.427,99,1,0,0.847542,0.923771,23,25*2*1,64*1*1
1233,211.906,24,0,0,0.974489,0.987244,4,5*1*1,16*1*1
1234,122.434,0,0,0,0,0,0,1*1*1,1*1*1
1235,220.302,25,1,0,0.93735,0.968675,4,5*1*1,16*1*1
1236,409.156,49,0,0,0.805805,0.902903,10,25*1*1,32*1*1
1237,365.359,50,1,0,0.9024,0.9512,10,25*1*1,32*1*1
1238,177.602,6,0,0,0.973525,0.986763,2,1*1*1,4*1*1
1239,169.182,3,1,0,0.997151,0.998575,1,1*1*1,2*1*1
1240,197.452,12,0,0,0.96074,0.98037,3,5*1*1,8*1*1
1241,0,0,0,0,0,0,0,1*1*1,1*1*1
1242,479.775,99,0,0,0.981919,0.990959,14,25*2*1,64*1*1
1243,448.027,100,1,0,0.992128,0.996064,12,25*2*1,64*1*1
1244,330.691,50,1,0,0.997003,0.998502,10,25*1*1,32*1*1
1245,357.704,49,1,0,0.921712,0.960856,10,25*1*1,32*1*1
1246,555.876,100,1,0,0.986011,0.993006,20,25*2*1,64*1*1
1247,547.3,100,1,0,0.993788,0.996894,19,25*2*1,64*1*1
1248,336.133,50,1,0,0.980862,0.990431,10,25*1*1,32*1*1
1249,12.3406,0,0,0,0,0,0,1*1*1,1*1*1
1250,94.4406,0,0,0,0,0,0,1*1*1,1*1*1
1251,461.186,99,1,0,0.963819,0.98191,12,25*2*1,64*1*1
1252,0,0,0,0,0,0,0,1*1*1,1*1*1
1253,225.233,24,0,0,0.916828,0.958414,4,5*1*1,16*1*1
1254,94.3636,0,0,0,0,0,0,1*1*1,1*1*1
1255,343.261,49,0,0,0.960494,0.980247,10,25*1*1,32*1*1
1256,606.955,100,1,0,0.944551,0.972276,23,25*2*1,64*1*1
1257,196.357,12,0,0,0.966097,0.983049,3,5*1*1,8*1*1
1258,393.63,49,0,0,0.837589,0.918794,10,25*1*1,32*1*1
1259,1167.01,399,1,0,0.831955,0.915978,33,25*4*1,64*2*2
1260,2856.76,1195,0,0,0.898045,0.949023,58,25*4*3,64*4*3
1261,5307.31,2391,0,0,0.999885,0.999943,71,25*4*7,64*8*3
1262,16083.4,4782,0,0,0.572373,0.786186,82,25*4*13,64*16*3
1263,6452.81,3188,0,0,0.853628,0.926814,73,25*4*7,64*16*2
1264,16334.4,4782,0,0,0.563577,0.781789,82,25*4*13,64*16*3
1265,788.606,99,0,0,0.975519,0.987759,24,25*4*1,64*1*1
1266,10570.4,4782,0,0,0.870894,0.935447,82,25*4*13,64*16*3
1267,7903.32,3188,0,0,0.996062,0.998031,79,25*4*10,64*16*2
1268,1585.11,398,0,0,0.970658,0.985329,42,25*4*2,64*2*2
1269,16082.3,4782,0,0,0.572412,0.786206,82,25*4*13,64*16*3
1270,2484.51,797,0,0,0.992027,0.996013,55,25*4*3,64*4*2
1271,20410.6,4782,0,0,0.451025,0.725513,82,25*4*13,64*16*3
1272,12841.2,4782,1,0,0.716888,0.858444,82,25*4*13,64*16*3
1273,3096.52,1594,0,0,0.993761,0.99688,59,25*4*4,64*8*2
1274,3468.91,1594,1,0,0.88708,0.94354,59,25*4*4,64*8*2
1275,3898.94,1594,0,0,0.996604,0.998302,63,25*4*5,64*8*2
1276,2693.85,1195,0,0,0.952354,0.976177,58,25*4*3,64*4*3
1277,3249.73,1594,0,0,0.946909,0.973455,59,25*4*4,64*8*2
1278,1329.07,398,0,0,0.99912,0.99956,39,25*2*3,64*2*2
1279,1230.67,398,0,0,0.78892,0.89446,33,25*4*1,64*2*2
1280,1989.65,797,0,0,0.894328,0.947164,48,25*4*2,64*4*2
1281,2858.78,1195,0,0,0.897411,0.948705,58,25*4*3,64*4*3
1282,3875.38,1594,0,0,0.99616,0.99808,62,25*4*5,64*8*2
1283,4334.48,1594,1,0,0.931346,0.965673,65,25*4*5,64*8*2
1284,12595.5,4782,0,0,0.730872,0.865436,82,25*4*13,64*16*3
1285,1221.06,398,0,0,0.795129,0.897564,33,25*4*1,64*2*2
1286,2057.81,797,0,0,0.864706,0.932353,48,25*4*2,64*4*2
1287,2546.61,1195,0,0,0.985428,0.992714,57,25*4*3,64*4*3
1288,6811.99,3188,0,0,0.808618,0.904309,73,25*4*7,64*16*2
1289,2946.38,1195,0,0,0.87073,0.935365,58,25*4*3,64*4*3
1290,1447.18,399,1,0,0.940795,0.970398,41,25*2*3,64*2*2
1291,334.69,49,0,0,0.985091,0.992545,10,25*1*1,32*1*1
1292,1385.94,398,0,0,0.982366,0.991183,41,25*2*3,64*2*2
1293,795.325,99,0,0,0.967278,0.983639,24,25*4*1,64*1*1
1294,878.578,199,1,0,0.998318,0.999159,29,25*4*1,64*1*2
1295,1488.51,398,0,0,0.914673,0.957337,41,25*2*3,64*2*2
1296,841.806,199,0,0,0.993697,0.996848,27,25*4*1,64*1*2
1297,744.788,99,1,0,0.769749,0.884875,23,25*2*1,64*1*1
1298,2529.38,1195,0,0,0.99214,0.99607,57,25*4*3,64*4*3
1299,2437.81,797,1,0,0.99897,0.999485,52,25*4*3,64*4*2
1300,2235.11,797,0,0,0.961787,0.980894,49,25*2*5,64*4*2
1301,2138.39,797,0,0,0.832121,0.916061,48,25*4*2,64*4*2
1302,3218.19,1594,0,0,0.95619,0.978095,59,25*4*4,64*8*2
1303,3108.55,1594,1,0,0.989915,0.994957,59,25*4*4,64*8*2
1304,2690.69,1195,0,0,0.953473,0.976736,58,25*4*3,64*4*3
1305,15963,4782,0,0,0.57669,0.788345,82,25*4*13,64*16*3
1306,16317.8,4782,1,0,0.564151,0.782075,82,25*4*13,64*16*3
1307,20157,4782,1,0,0.4567,0.72835,82,25*4*13,64*16*3
1308,5101.56,2391,0,0,0.959667,0.979834,70,25*4*6,64*8*3
1309,4844.47,2391,1,0,0.952798,0.976399,66,25*4*6,64*8*3
1310,16292.9,4782,0,0,0.565013,0.782506,82,25*4*13,64*16*3
1311,6272.56,3188,0,0,0.878158,0.939079,73,25*4*7,64*16*2
1312,6696.27,3188,1,0,0.822592,0.911296,73,25*4*7,64*16*2
1313,6429.27,3189,1,0,0.856754,0.928377,73,25*4*7,64*16*2
1314,16146.6,4782,0,0,0.570132,0.785066,82,25*4*13,64*16*3
1315,16208.6,4782,1,0,0.567952,0.783976,82,25*4*13,64*16*3
1316,10514.6,4782,1,0,0.875516,0.937758,82,25*4*13,64*16*3
1317,7880.82,3188,0,0,0.998906,0.999453,79,25*4*10,64*16*2
1318,15982.9,4782,0,0,0.575972,0.787986,82,25*4*13,64*16*3
1319,8189.28,3188,0,0,0.961281,0.980641,79,25*4*10,64*16*2
1320,12786.9,4782,0,0,0.719932,0.859966,82,25*4*13,64*16*3
1321,8064.45,3188,0,0,0.976161,0.98808,79,25*4*10,64*16*2
1322,8084.63,3188,1,0,0.973724,0.986862,79,25*4*10,64*16*2
1323,7951.48,3189,1,0,0.99003,0.995015,79,25*4*10,64*16*2
1324,8123.31,3188,1,0,0.969088,0.984544,79,25*4*10,64*16*2
1325,7786.76,3188,1,0,0.998027,0.999014,78,25*4*10,64*16*2
1326,10294.7,4782,0,0,0.894217,0.947109,82,25*4*13,64*16*3
1327,6505.01,3188,0,0,0.846778,0.923389,73,25*4*7,64*16*2
1328,8232.59,3188,0,0,0.956224,0.978112,79,25*4*10,64*16*2
1329,6471.99,3188,0,0,0.851098,0.925549,73,25*4*7,64*16*2
1330,5101.35,2391,0,0,0.959707,0.979853,70,25*4*6,64*8*3
1331,1839.91,797,0,0,0.967113,0.983556,48,25*4*2,64*4*2
1332,1647.47,598,1,0,0.998501,0.99925,43,25*4*2,64*2*3
1333,1923.75,797,1,0,0.924964,0.962482,48,25*4*2,64*4*2
1334,2628.16,1195,0,0,0.976158,0.988079,58,25*4*3,64*4*3
1335,5339.56,2391,0,0,0.993846,0.996923,71,25*4*7,64*8*3
1336,5355.11,2391,1,0,0.99096,0.99548,71,25*4*7,64*8*3
1337,20476.9,4782,0,0,0.449565,0.724783,82,25*4*13,64*16*3
1338,3169.64,1594,0,0,0.970836,0.985418,59,25*4*4,64*8*2
1339,6038.78,3188,0,0,0.912154,0.956077,73,25*4*7,64*16*2
1340,20322.5,4782,0,0,0.452981,0.72649,82,25*4*13,64*16*3
1341,12668.6,4782,1,0,0.726655,0.863327,82,25*4*13,64*16*3
1342,12924.9,4782,1,0,0.712245,0.856123,82,25*4*13,64*16*3
1343,6479.19,3188,0,0,0.850153,0.925076,73,25*4*7,64*16*2
1344,12349.7,4782,0,0,0.745419,0.872709,82,25*4*13,64*16*3
1345,12571,4782,1,0,0.732297,0.866148,82,25*4*13,64*16*3
1346,8145.81,3188,0,0,0.966411,0.983205,79,25*4*10,64*16*2
1347,2241.64,797,0,0,0.958985,0.979493,49,25*2*5,64*4*2
1348,917.595,199,0,0,0.997063,0.998531,31,25*4*1,64*1*2
1349,514.316,99,1,0,0.994914,0.997457,17,25*2*1,64*1*1
1350,279.225,24,0,0,0.739547,0.869773,4,5*1*1,16*1*1
1351,251.448,25,1,0,0.821243,0.910622,4,5*1*1,16*1*1
1352,490.149,99,0,0,0.986843,0.993421,15,25*2*1,64*1*1
1353,0,0,0,0,0,0,0,1*1*1,1*1*1
1354,477.558,100,1,0,0.986477,0.993239,14,25*2*1,64*1*1
1355,727.753,99,1,0,0.787767,0.893884,23,25*2*1,64*1*1
1356,454.081,100,1,0,0.9789,0.98945,12,25*2*1,64*1*1
1357,269.201,24,0,0,0.767085,0.883542,4,5*1*1,16*1*1
1358,1138.53,398,0,0,0.852766,0.926383,33,25*4*1,64*2*2
1359,1868.01,797,0,0,0.952564,0.976282,48,25*4*2,64*4*2
1360,1878.69,797,1,0,0.947149,0.973575,48,25*4*2,64*4*2
1361,4351.87,1594,0,0,0.927624,0.963812,65,25*4*5,64*8*2
1362,5137.31,2391,0,0,0.952989,0.976495,70,25*4*6,64*8*3
1363,6516.58,3188,0,0,0.845275,0.922637,73,25*4*7,64*16*2
1364,4148.49,1594,0,0,0.973101,0.986551,65,25*4*5,64*8*2
1365,1919.16,797,0,0,0.927176,0.963588,48,25*4*2,64*4*2
1366,2291.86,797,0,0,0.937972,0.968986,49,25*2*5,64*4*2
1367,635.905,99,0,0,0.90155,0.950775,23,25*2*1,64*1*1
1368,1605.99,398,0,0,0.958038,0.979019,42,25*4*2,64*2*2
1369,0,0,0,0,0,0,0,1*1*1,1*1*1
1370,394.356,49,0,0,0.836047,0.918023,10,25*1*1,32*1*1
1371,764.364,100,1,0,0.750035,0.875018,23,25*2*1,64*1*1
1372,97.7432,0,0,0,0,0,0,1*1*1,1*1*1
1373,284.984,50,1,0,0.98988,0.99494,5,25*1*1,32*1*1
1374,405.341,50,1,0,0.813389,0.906695,10,25*1*1,32*1*1
1375,351.245,49,1,0,0.938661,0.969331,10,25*1*1,32*1*1
1376,612.627,100,1,0,0.935806,0.967903,23,25*2*1,64*1*1
1377,465.018,100,1,0,0.999531,0.999766,13,25*2*1,64*1*1
1378,774.529,99,1,0,0.993249,0.996624,24,25*4*1,64*1*1
1379,491.655,100,1,0,0.98382,0.99191,15,25*2*1,64*1*1
1380,331.673,50,1,0,0.994051,0.997026,10,25*1*1,32*1*1
1381,335.808,50,1,0,0.981811,0.990906,10,25*1*1,32*1*1
1382,528.931,99,1,0,0.967423,0.983711,17,25*2*1,64*1*1
1383,1103.69,399,1,0,0.879685,0.939843,33,25*4*1,64*2*2
1384,3039.98,1195,0,0,0.84392,0.92196,58,25*4*3,64*4*3
1385,4830.47,2391,0,0,0.955559,0.97778,66,25*4*6,64*8*3
1386,5047.86,2391,1,0,0.969876,0.984938,70,25*4*6,64*8*3
1387,919.927,199,0,0,0.994535,0.997268,31,25*4*1,64*1*2
1388,16353,4782,0,0,0.562936,0.781468,82,25*4*13,64*16*3
1389,1969.53,797,0,0,0.903464,0.951732,48,25*4*2,64*4*2
1390,19922,4782,0,0,0.462087,0.731044,82,25*4*13,64*16*3
1391,2572.53,1195,0,0,0.997267,0.998634,58,25*4*3,64*4*3
1392,2368.15,797,1,0,0.974558,0.987279,50,25*4*3,64*4*2
1393,3029.44,1196,1,0,0.846856,0.923428,58,25*4*3,64*4*3
1394,4245.58,1594,0,0,0.950848,0.975424,65,25*4*5,64*8*2
1395,3524.73,1594,0,0,0.873031,0.936516,59,25*4*4,64*8*2
1396,3717.95,1594,1,0,0.82766,0.91383,59,25*4*4,64*8*2
1397,1866.6,797,0,0,0.953284,0.976642,48,25*4*2,64*4*2
1398,4196.62,1594,0,0,0.961941,0.98097,65,25*4*5,64*8*2
1399,4252.37,1594,1,0,0.949329,0.974665,65,25*4*5,64*8*2
1400,3258.97,1594,0,0,0.944225,0.972112,59,25*4*4,64*8*2
1401,2545.55,1195,0,0,0.985838,0.992919,57,25*4*3,64*4*3
1402,5198.27,2391,0,0,0.941813,0.970907,70,25*4*6,64*8*3
1403,4229.66,1594,0,0,0.954427,0.977213,65,25*4*5,64*8*2
1404,3882.95,1594,1,0,0.994218,0.997109,62,25*4*5,64*8*2
1405,2558.77,1195,0,0,0.980745,0.990372,57,25*4*3,64*4*3
1406,2098.34,797,0,0,0.848004,0.924002,48,25*4*2,64*4*2
1407,3593.33,1594,0,0,0.856364,0.928182,59,25*4*4,64*8*2
1408,4118.84,1594,0,0,0.980106,0.990053,65,25*4*5,64*8*2
1409,3963.86,1594,1,0,0.992997,0.996498,64,25*4*5,64*8*2
1410,2757.55,1195,0,0,0.930355,0.965177,58,25*4*3,64*4*3
1411,4291.01,1594,0,0,0.940781,0.97039,65,25*4*5,64*8*2
1412,6400.3,3188,0,0,0.860632,0.930316,73,25*4*7,64*16*2
1413,5004.05,2391,0,0,0.978368,0.989184,70,25*4*6,64*8*3
1414,5372.82,2391,0,0,0.987694,0.993847,71,25*4*7,64*8*3
1415,2660.59,1195,0,0,0.96426,0.98213,58,25*4*3,64*4*3
1416,1851.78,797,0,0,0.960913,0.980457,48,25*4*2,64*4*2
1417,481.371,99,0,0,0.978663,0.989332,14,25*2*1,64*1*1
1418,2237.11,797,0,0,0.960927,0.980464,49,25*2*5,64*4*2
1419,419.941,49,0,0,0.78511,0.892555,10,25*1*1,32*1*1
1420,298.642,50,1,0,0.99852,0.99926,6,25*1*1,32*1*1
1421,148.33,0,0,0,0,0,0,1*1*1,1*1*1
1422,330.182,50,1,0,0.99854,0.99927,10,25*1*1,32*1*1
1423,869.077,199,1,0,0.962515,0.981258,27,25*4*1,64*1*2
1424,1314.08,398,0,0,0.997732,0.998866,38,25*2*3,64*2*2
1425,937.923,199,0,0,0.975453,0.987727,31,25*4*1,64*1*2
1426,2193.99,797,0,0,0.979813,0.989907,49,25*2*5,64*4*2
1427,1137.68,398,0,0,0.853403,0.926702,33,25*4*1,64*2*2
1428,1822.16,797,0,0,0.976533,0.988267,48,25*4*2,64*4*2
1429,195.297,12,0,0,0.971341,0.985671,3,5*1*1,8*1*1
1430,287.654,49,0,0,0.980692,0.990346,5,25*1*1,32*1*1
1431,528.144,100,1,0,0.968865,0.984432,17,25*2*1,64*1*1
1432,0,0,0,0,0,0,0,1*1*1,1*1*1
1433,512.231,100,1,0,0.998963,0.999482,17,25*2*1,64*1*1
1434,0,0,0,0,0,0,0,1*1*1,1*1*1
1435,198.026,12,0,0,0.957955,0.978978,3,5*1*1,8*1*1
1436,367.489,49,0,0,0.89717,0.948585,10,25*1*1,32*1*1
1437,145.351,0,0,0,0,0,0,1*1*1,1*1*1
1438,299.787,50,1,0,0.994706,0.997353,6,25*1*1,32*1*1
1439,141.483,0,0,0,0,0,0,1*1*1,1*1*1
1440,471.944,100,1,0,0.998212,0.999106,14,25*2*1,64*1*1
1441,433.542,99,1,0,0.992983,0.996492,11,25*2*1,64*1*1
1442,34.5325,0,0,0,0,0,0,1*1*1,1*1*1
1443,541.878,100,1,0,0.999856,0.999928,18,25*2*1,64*1*1
1444,1378.08,398,0,0,0.987969,0.993984,41,25*2*3,64*2*2
1445,661.479,99,0,0,0.866694,0.933347,23,25*2*1,64*1*1
1446,70.2251,0,0,0,0,0,0,1*1*1,1*1*1
1447,1372.53,398,0,0,0.991964,0.995982,41,25*2*3,64*2*2
1448,2763.21,1196,1,0,0.928449,0.964225,58,25*4*3,64*4*3
1449,1565.86,398,0,0,0.982591,0.991296,42,25*4*2,64*2*2
1450,3412.79,1594,0,0,0.901667,0.950833,59,25*4*4,64*8*2
1451,15778.1,4782,0,0,0.583448,0.791724,82,25*4*13,64*16*3
1452,20407.9,4782,1,0,0.451085,0.725543,82,25*4*13,64*16*3
1453,16097.4,4782,1,0,0.571875,0.785937,82,25*4*13,64*16*3
1454,15842.8,4782,1,0,0.581065,0.790533,82,25*4*13,64*16*3
1455,20135.9,4782,1,0,0.457178,0.728589,82,25*4*13,64*16*3
1456,12913.9,4783,1,0,0.712852,0.856426,82,25*4*13,64*16*3
1457,16002,4782,1,0,0.575284,0.787642,82,25*4*13,64*16*3
1458,25152.1,4782,1,0,0.366001,0.683001,82,25*4*13,64*16*3
1459,20220.9,4782,1,0,0.455257,0.727628,82,25*4*13,64*16*3
1460,16137.7,4782,1,0,0.570447,0.785223,82,25*4*13,64*16*3
1461,16046.1,4783,1,0,0.573703,0.786852,82,25*4*13,64*16*3
1462,15309.3,4782,1,0,0.601314,0.800657,82,25*4*13,64*16*3
1463,20018.8,4782,1,0,0.459853,0.729926,82,25*4*13,64*16*3
1464,10464.9,4782,1,0,0.879674,0.939837,82,25*4*13,64*16*3
1465,20209.7,4782,1,0,0.455509,0.727754,82,25*4*13,64*16*3
1466,25351.4,4783,1,0,0.363124,0.681562,82,25*4*13,64*16*3
1467,16058.4,4782,1,0,0.573264,0.786632,82,25*4*13,64*16*3
1468,12734,4782,1,0,0.722923,0.861461,82,25*4*13,64*16*3
1469,16410.2,4782,1,0,0.560974,0.780487,82,25*4*13,64*16*3
1470,25758.4,4782,1,0,0.357386,0.678693,82,25*4*13,64*16*3
1471,20025.1,4783,1,0,0.459708,0.729854,82,25*4*13,64*16*3
1472,25345.6,4782,1,0,0.363207,0.681604,82,25*4*13,64*16*3
1473,13080.6,4782,1,0,0.703767,0.851884,82,25*4*13,64*16*3
1474,12908.2,4782,1,0,0.713167,0.856583,82,25*4*13,64*16*3
1475,12888.1,4782,1,0,0.714279,0.85714,82,25*4*13,64*16*3
1476,15714.6,4783,1,0,0.585806,0.792903,82,25*4*13,64*16*3
1477,12460.4,4782,1,0,0.738797,0.869398,82,25*4*13,64*16*3
1478,12863.5,4782,1,0,0.715645,0.857823,82,25*4*13,64*16*3
1479,16175.5,4782,1,0,0.569114,0.784557,82,25*4*13,64*16*3
1480,12478.1,4782,1,0,0.737749,0.868874,82,25*4*13,64*16*3
1481,10013,4783,1,0,0.919375,0.959687,82,25*4*13,64*16*3
1482,12825.4,4782,1,0,0.717771,0.858885,82,25*4*13,64*16*3
1483,16405.3,4782,1,0,0.561142,0.780571,82,25*4*13,64*16*3
1484,15700.7,4782,1,0,0.586324,0.793162,82,25*4*13,64*16*3
1485,5212.19,2391,0,0,0.939298,0.969649,70,25*4*6,64*8*3
1486,16065.2,4782,0,0,0.573021,0.786511,82,25*4*13,64*16*3
1487,3982.07,1594,0,0,0.988456,0.994228,64,25*4*5,64*8*2
1488,71.3969,0,0,0,0,0,0,1*1*1,1*1*1
1489,404.066,49,0,0,0.815956,0.907978,10,25*1*1,32*1*1
1490,483.953,100,1,0,0.999477,0.999739,15,25*2*1,64*1*1
1491,484.355,100,1,0,0.998648,0.999324,15,25*2*1,64*1*1
1492,423.791,49,1,0,0.777978,0.888989,10,25*1*1,32*1*1
1493,623.869,100,1,0,0.918943,0.959471,23,25*2*1,64*1*1
1494,2267.57,797,0,0,0.948019,0.97401,49,25*2*5,64*4*2
1495,774.219,99,0,0,0.993647,0.996823,24,25*4*1,64*1*1
1496,10293.6,4782,0,0,0.894313,0.947156,82,25*4*13,64*16*3
1497,1729.51,797,0,0,0.967326,0.983663,44,25*4*2,64*4*2
1498,20213.3,4782,0,0,0.455428,0.727714,82,25*4*13,64*16*3
1499,20175.6,4782,1,0,0.456279,0.728139,82,25*4*13,64*16*3
1500,12976.8,4782,1,0,0.709397,0.854698,82,25*4*13,64*16*3
1501,1531.85,398,0,0,0.888795,0.944397,41,25*2*3,64*2*2
1502,7453.11,3188,0,0,0.739061,0.86953,73,25*4*7,64*16*2
1503,15652,4782,0,0,0.588148,0.794074,82,25*4*13,64*16*3
1504,15838.5,4782,1,0,0.581223,0.790611,82,25*4*13,64*16*3
1505,19061.9,4782,1,0,0.482937,0.741469,82,25*4*13,64*16*3
1506,12755.6,4782,1,0,0.721699,0.860849,82,25*4*13,64*16*3
1507,1574.17,398,0,0,0.977404,0.988702,42,25*4*2,64*2*2
1508,0,0,0,0,0,0,0,1*1*1,1*1*1
1509,101.877,0,0,0,0,0,0,1*1*1,1*1*1
1510,238.555,24,0,0,0.865628,0.932814,4,5*1*1,16*1*1
1511,1738.6,797,0,0,0.998102,0.999051,45,25*4*2,64*4*2
1512,372.136,49,0,0,0.885966,0.942983,10,25*1*1,32*1*1
1513,245.24,24,0,0,0.842032,0.921016,4,5*1*1,16*1*1
1514,683.274,99,0,0,0.839048,0.919524,23,25*2*1,64*1*1
1515,0,0,0,0,0,0,0,1*1*1,1*1*1
1516,0,0,0,0,0,0,0,1*1*1,1*1*1
1517,1613.39,398,0,0,0.953644,0.976822,42,25*4*2,64*2*2
1518,2021.13,797,1,0,0.880399,0.940199,48,25*4*2,64*4*2
1519,1740.61,797,1,0,0.996949,0.998475,45,25*4*2,64*4*2
1520,0,0,0,0,0,0,0,1*1*1,1*1*1
1521,116.768,0,0,0,0,0,0,1*1*1,1*1*1
1522,166.356,0,0,0,0,0,0,1*1*1,1*1*1
1523,0,0,0,0,0,0,0,1*1*1,1*1*1
1524,620.212,99,0,0,0.924361,0.962181,23,25*2*1,64*1*1
1525,177.327,6,0,0,0.975035,0.987517,2,1*1*1,4*1*1
1526,253.856,24,0,0,0.813453,0.906727,4,5*1*1,16*1*1
1527,438.13,99,0,0,0.982585,0.991293,11,25*2*1,64*1*1
1528,0,0,0,0,0,0,0,1*1*1,1*1*1
1529,45.4251,0,0,0,0,0,0,1*1*1,1*1*1
1530,0,0,0,0,0,0,0,1*1*1,1*1*1
1531,0,0,0,0,0,0,0,1*1*1,1*1*1
1532,0,0,0,0,0,0,0,1*1*1,1*1*1
1533,150.62,0,0,0,0,0,0,1*1*1,1*1*1
1534,41.4484,0,0,0,0,0,0,1*1*1,1*1*1
1535,0,0,0,0,0,0,0,1*1*1,1*1*1
1536,0,0,0,0,0,0,0,1*1*1,1*1*1
1537,0,0,0,0,0,0,0,1*1*1,1*1*1
1538,0,0,0,0,0,0,0,1*1*1,1*1*1
1539,262.83,24,0,0,0.785679,0.892839,4,5*1*1,16*1*1
1540,667.122,99,0,0,0.859363,0.929682,23,25*2*1,64*1*1
1541,144.978,0,0,0,0,0,0,1*1*1,1*1*1
1542,265.562,24,0,0,0.777596,0.888798,4,5*1*1,16*1*1
1543,410.506,49,0,0,0.803155,0.901578,10,25*1*1,32*1*1
1544,248.833,24,0,0,0.829874,0.914937,4,5*1*1,16*1*1
1545,681.083,99,0,0,0.841748,0.920874,23,25*2*1,64*1*1
1546,117.126,0,0,0,0,0,0,1*1*1,1*1*1
1547,199.762,12,0,0,0.94963,0.974815,3,5*1*1,8*1*1
1548,119.357,0,0,0,0,0,0,1*1*1,1*1*1
1549,0,0,0,0,0,0,0,1*1*1,1*1*1
1550,0,0,0,0,0,0,0,1*1*1,1*1*1
1551,577.567,99,0,0,0.992612,0.996306,23,25*2*1,64*1*1
1552,0,0,0,0,0,0,0,1*1*1,1*1*1
1553,556.684,100,1,0,0.999669,0.999835,21,25*2*1,64*1*1
1554,0,0,0,0,0,0,0,1*1*1,1*1*1
1555,436.79,99,1,0,0.985599,0.9928,11,25*2*1,64*1*1
1556,0,0,0,0,0,0,0,1*1*1,1*1*1
1557,0,0,0,0,0,0,0,1*1*1,1*1*1
1558,624.484,100,1,0,0.918038,0.959019,23,25*2*1,64*1*1
1559,1050.5,399,1,0,0.924227,0.962113,33,25*4*1,64*2*2
1560,3103.54,1594,0,0,0.991513,0.995756,59,25*4*4,64*8*2
1561,4718.09,2391,0,0,0.97832,0.98916,66,25*4*6,64*8*3
1562,15259.5,4782,0,0,0.603277,0.801638,82,25*4*13,64*16*3
1563,6724.39,3188,0,0,0.819152,0.909576,73,25*4*7,64*16*2
1564,15977.7,4782,0,0,0.576159,0.78808,82,25*4*13,64*16*3
1565,1209,398,0,0,0.80306,0.90153,33,25*4*1,64*2*2
1566,9686.95,4782,0,0,0.95032,0.97516,82,25*4*13,64*16*3
1567,8720.5,4782,0,0,0.969107,0.984554,80,25*4*11,64*16*3
1568,1935.59,797,0,0,0.919306,0.959653,48,25*4*2,64*4*2
1569,15180,4782,0,0,0.606436,0.803218,82,25*4*13,64*16*3
1570,2816.13,1195,0,0,0.911002,0.955501,58,25*4*3,64*4*3
1571,20602.6,4782,0,0,0.446822,0.723411,82,25*4*13,64*16*3
1572,12179.6,4782,1,0,0.755829,0.877915,82,25*4*13,64*16*3
1573,3541.96,1594,0,0,0.868785,0.934392,59,25*4*4,64*8*2
1574,3363.31,1594,1,0,0.914932,0.957466,59,25*4*4,64*8*2
1575,3974.24,1594,0,0,0.990403,0.995202,64,25*4*5,64*8*2
1576,2473.81,797,0,0,0.996317,0.998159,55,25*4*3,64*4*2
1577,3353.67,1594,0,0,0.917562,0.958781,59,25*4*4,64*8*2
1578,1980.91,797,0,0,0.898274,0.949137,48,25*4*2,64*4*2
1579,1435.45,398,0,0,0.948483,0.974242,41,25*2*3,64*2*2
1580,1884.18,797,0,0,0.94439,0.972195,48,25*4*2,64*4*2
1581,3087.63,1594,0,0,0.996622,0.998311,59,25*4*4,64*8*2
1582,3378.55,1594,1,0,0.910805,0.955402,59,25*4*4,64*8*2
1583,4301.24,1594,0,0,0.938543,0.969272,65,25*4*5,64*8*2
1584,12049.5,4782,0,0,0.76399,0.881995,82,25*4*13,64*16*3
1585,625.071,99,0,0,0.917176,0.958588,23,25*2*1,64*1*1
1586,2173.02,797,0,0,0.989268,0.994634,49,25*2*5,64*4*2
1587,3307.09,1594,0,0,0.930486,0.965243,59,25*4*4,64*8*2
1588,6469.68,3188,0,0,0.851402,0.925701,73,25*4*7,64*16*2
1589,2152.94,797,0,0,0.998495,0.999248,49,25*2*5,64*4*2
1590,1033.12,398,0,0,0.939775,0.969887,33,25*4*1,64*2*2
1591,546.8,100,1,0,0.994696,0.997348,19,25*2*1,64*1*1
1592,760.848,99,1,0,0.753501,0.876751,23,25*2*1,64*1*1
1593,1150.71,399,1,0,0.84374,0.92187,33,25*4*1,64*2*2
1594,1483.41,398,0,0,0.917818,0.958909,41,25*2*3,64*2*2
1595,1846.34,797,0,0,0.963744,0.981872,48,25*4*2,64*4*2
1596,792.485,99,0,0,0.970744,0.985372,24,25*4*1,64*1*1
1597,43.7316,0,0,0,0,0,0,1*1*1,1*1*1
1598,2518.01,1195,0,0,0.99662,0.99831,57,25*4*3,64*4*3
1599,2244.93,797,0,0,0.95758,0.97879,49,25*2*5,64*4*2
1600,2313.23,797,0,0,0.997696,0.998848,50,25*4*3,64*4*2
1601,2978.58,1195,1,0,0.861316,0.930658,58,25*4*3,64*4*3
1602,3704.18,1594,0,0,0.830737,0.915369,59,25*4*4,64*8*2
1603,3842.7,1594,0,0,0.999714,0.999857,60,25*4*5,64*8*2
1604,1907.48,797,0,0,0.932854,0.966427,48,25*4*2,64*4*2
1605,16435.6,4782,0,0,0.560107,0.780054,82,25*4*13,64*16*3
1606,16234.8,4782,1,0,0.567035,0.783518,82,25*4*13,64*16*3
1607,19615.5,4782,1,0,0.469307,0.734654,82,25*4*13,64*16*3
1608,4847.39,2391,0,0,0.952224,0.976112,66,25*4*6,64*8*3
1609,4579.71,1594,0,0,0.881475,0.940738,65,25*4*5,64*8*2
1610,15894.4,4782,0,0,0.579179,0.789589,82,25*4*13,64*16*3
1611,6120.98,3188,0,0,0.899905,0.949952,73,25*4*7,64*16*2
1612,6659.26,3188,1,0,0.827164,0.913582,73,25*4*7,64*16*2
1613,6120.95,3189,1,0,0.899909,0.949955,73,25*4*7,64*16*2
1614,15882.8,4782,0,0,0.579602,0.789801,82,25*4*13,64*16*3
1615,16472.4,4782,1,0,0.558856,0.779428,82,25*4*13,64*16*3
1616,10227.3,4782,1,0,0.90011,0.950055,82,25*4*13,64*16*3
1617,8120.05,3188,0,0,0.969477,0.984738,79,25*4*10,64*16*2
1618,16244.8,4782,0,0,0.566686,0.783343,82,25*4*13,64*16*3
1619,7789.32,3188,0,0,0.997699,0.99885,78,25*4*10,64*16*2
1620,12516.3,4782,0,0,0.735497,0.867748,82,25*4*13,64*16*3
1621,7930.32,3188,0,0,0.992671,0.996336,79,25*4*10,64*16*2
1622,8152.17,3188,1,0,0.965657,0.982828,79,25*4*10,64*16*2
1623,7957.25,3189,1,0,0.989312,0.994656,79,25*4*10,64*16*2
1624,7757.67,3188,1,0,0.995273,0.997637,77,25*4*10,64*16*2
1625,8241.72,3188,1,0,0.955165,0.977582,79,25*4*10,64*16*2
1626,9771.85,4782,0,0,0.942063,0.971032,82,25*4*13,64*16*3
1627,7142.14,3188,0,0,0.771239,0.88562,73,25*4*7,64*16*2
1628,7792.92,3188,0,0,0.997239,0.998619,78,25*4*10,64*16*2
1629,5741.6,3188,0,0,0.959367,0.979683,73,25*4*7,64*16*2
1630,4141.92,1594,0,0,0.974645,0.987322,65,25*4*5,64*8*2
1631,2887.05,1195,0,0,0.888623,0.944312,58,25*4*3,64*4*3
1632,1582.09,398,0,0,0.972511,0.986256,42,25*4*2,64*2*2
1633,2635.4,1195,0,0,0.973477,0.986738,58,25*4*3,64*4*3
1634,2757.91,1196,1,0,0.930233,0.965117,58,25*4*3,64*4*3
1635,4802.37,2391,0,0,0.96115,0.980575,66,25*4*6,64*8*3
1636,5347.52,2391,0,0,0.992367,0.996183,71,25*4*7,64*8*3
1637,20385.6,4782,0,0,0.451579,0.725789,82,25*4*13,64*16*3
1638,3083.11,1594,0,0,0.998083,0.999042,59,25*4*4,64*8*2
1639,6336.67,3188,0,0,0.869274,0.934637,73,25*4*7,64*16*2
1640,19514.3,4782,0,0,0.471741,0.735871,82,25*4*13,64*16*3
1641,13003.9,4782,1,0,0.707918,0.853959,82,25*4*13,64*16*3
1642,12352.1,4782,1,0,0.745274,0.872637,82,25*4*13,64*16*3
1643,6289.46,3188,0,0,0.875799,0.937899,73,25*4*7,64*16*2
1644,12510.3,4782,0,0,0.73585,0.867925,82,25*4*13,64*16*3
1645,12352.9,4782,1,0,0.745226,0.872613,82,25*4*13,64*16*3
1646,8239.32,3188,0,0,0.955443,0.977721,79,25*4*10,64*16*2
1647,2231.93,797,0,0,0.963157,0.981579,49,25*2*5,64*4*2
1648,921.417,199,0,0,0.992927,0.996464,31,25*4*1,64*1*2
1649,765.947,99,1,0,0.748485,0.874243,23,25*2*1,64*1*1
1650,720.232,100,1,0,0.795994,0.897997,23,25*2*1,64*1*1
1651,73.5151,0,0,0,0,0,0,1*1*1,1*1*1
1652,958.976,199,1,0,0.954038,0.977019,31,25*4*1,64*1*2
1653,0,0,0,0,0,0,0,1*1*1,1*1*1
1654,0,0,0,0,0,0,0,1*1*1,1*1*1
1655,222.894,24,0,0,0.926449,0.963225,4,5*1*1,16*1*1
1656,631.732,99,0,0,0.907505,0.953753,23,25*2*1,64*1*1
1657,0,0,0,0,0,0,0,1*1*1,1*1*1
1658,1760.12,797,0,0,0.996637,0.998318,47,25*4*2,64*4*2
1659,1175.46,398,0,0,0.825975,0.912987,33,25*4*1,64*2*2
1660,1585.97,398,0,0,0.970132,0.985066,42,25*4*2,64*2*2
1661,3581.65,1594,0,0,0.859157,0.929579,59,25*4*4,64*8*2
1662,6187.04,3188,0,0,0.890296,0.945148,73,25*4*7,64*16*2
1663,7019.61,3188,1,0,0.784702,0.892351,73,25*4*7,64*16*2
1664,4577.22,1594,0,0,0.881955,0.940977,65,25*4*5,64*8*2
1665,1295.19,398,0,0,0.997151,0.998575,34,25*2*3,64*2*2
1666,1409.96,399,1,0,0.96563,0.982815,41,25*2*3,64*2*2
1667,1044.02,398,0,0,0.929963,0.964982,33,25*4*1,64*2*2
1668,1531.39,398,0,0,0.889062,0.944531,41,25*2*3,64*2*2
1669,256.774,24,0,0,0.804209,0.902105,4,5*1*1,16*1*1
1670,482.945,99,0,0,0.975473,0.987737,14,25*2*1,64*1*1
1671,578.295,100,1,0,0.991363,0.995681,23,25*2*1,64*1*1
1672,51.7029,0,0,0,0,0,0,1*1*1,1*1*1
1673,0,0,0,0,0,0,0,1*1*1,1*1*1
1674,0,0,0,0,0,0,0,1*1*1,1*1*1
1675,0,0,0,0,0,0,0,1*1*1,1*1*1
1676,105.832,0,0,0,0,0,0,1*1*1,1*1*1
1677,8.59027,0,0,0,0,0,0,1*1*1,1*1*1
1678,493.265,99,1,0,0.980609,0.990304,15,25*2*1,64*1*1
1679,409.315,50,1,0,0.805492,0.902746,10,25*1*1,32*1*1
1680,330.409,50,1,0,0.997854,0.998927,10,25*1*1,32*1*1
1681,0,0,0,0,0,0,0,1*1*1,1*1*1
1682,766.88,100,1,0,0.747575,0.873787,23,25*2*1,64*1*1
1683,822.826,199,1,0,0.999604,0.999802,26,25*4*1,64*1*2
1684,2671.81,1195,0,0,0.96021,0.980105,58,25*4*3,64*4*3
1685,6022.47,3188,0,0,0.914625,0.957312,73,25*4*7,64*16*2
1686,4226.78,1594,0,0,0.955077,0.977538,65,25*4*5,64*8*2
1687,1276.51,398,0,0,0.760589,0.880295,33,25*4*1,64*2*2
1688,15514.2,4782,0,0,0.593373,0.796686,82,25*4*13,64*16*3
1689,2543.19,1195,0,0,0.986753,0.993376,57,25*4*3,64*4*3
1690,20169.8,4782,0,0,0.45641,0.728205,82,25*4*13,64*16*3
1691,2165.56,797,0,0,0.992676,0.996338,49,25*2*5,64*4*2
1692,2361.7,797,0,0,0.97722,0.98861,50,25*4*3,64*4*2
1693,3875.52,1594,0,0,0.996124,0.998062,62,25*4*5,64*8*2
1694,3898.64,1594,1,0,0.996681,0.99834,63,25*4*5,64*8*2
1695,3513.31,1594,0,0,0.875869,0.937935,59,25*4*4,64*8*2
1696,2378.39,797,0,0,0.970362,0.985181,50,25*4*3,64*4*2
1697,2055.81,797,0,0,0.865547,0.932773,48,25*4*2,64*4*2
1698,4116.2,1594,0,0,0.980735,0.990367,65,25*4*5,64*8*2
1699,4674.41,2391,0,0,0.987462,0.993731,66,25*4*6,64*8*3
1700,3014.58,1195,0,0,0.851031,0.925515,58,25*4*3,64*4*3
1701,2611.23,1196,1,0,0.982487,0.991244,58,25*4*3,64*4*3
1702,4819.27,2391,0,0,0.95778,0.97889,66,25*4*6,64*8*3
1703,4366.1,1594,0,0,0.924601,0.9623,65,25*4*5,64*8*2
1704,4510.11,1594,1,0,0.895078,0.947539,65,25*4*5,64*8*2
1705,3317.31,1594,0,0,0.927619,0.96381,59,25*4*4,64*8*2
1706,1554.08,398,0,0,0.990039,0.99502,42,25*4*2,64*2*2
1707,2393.84,797,0,0,0.9641,0.98205,50,25*4*3,64*4*2
1708,3734.29,1594,0,0,0.824039,0.912019,59,25*4*4,64*8*2
1709,4442.39,1594,0,0,0.908723,0.954361,65,25*4*5,64*8*2
1710,1848.69,797,0,0,0.962519,0.98126,48,25*4*2,64*4*2
1711,3520.24,1594,0,0,0.874145,0.937072,59,25*4*4,64*8*2
1712,6800.41,3188,0,0,0.809995,0.904998,73,25*4*7,64*16*2
1713,5594.8,3188,1,0,0.984539,0.99227,73,25*4*7,64*16*2
1714,5400.78,2392,1,0,0.995023,0.997511,72,25*4*7,64*8*3
1715,2006.34,797,0,0,0.886889,0.943444,48,25*4*2,64*4*2
1716,1131.81,398,0,0,0.857829,0.928915,33,25*4*1,64*2*2
1717,975.545,399,1,0,0.995239,0.997619,33,25*4*1,64*2*2
1718,1747.99,797,0,0,0.996344,0.998172,46,25*4*2,64*4*2
1719,0,0,0,0,0,0,0,1*1*1,1*1*1
1720,0,0,0,0,0,0,0,1*1*1,1*1*1
1721,529.581,99,0,0,0.966236,0.983118,17,25*2*1,64*1*1
1722,1090.02,399,1,0,0.890718,0.945359,33,25*4*1,64*2*2
1723,1046.11,398,1,0,0.928105,0.964053,33,25*4*1,64*2*2
1724,941.979,200,1,0,0.971253,0.985627,31,25*4*1,64*1*2
1725,977.604,398,1,0,0.993142,0.996571,33,25*4*1,64*2*2
1726,2358.43,797,0,0,0.978575,0.989287,50,25*4*3,64*4*2
1727,1051.51,398,0,0,0.923339,0.961669,33,25*4*1,64*2*2
1728,137.689,0,0,0,0,0,0,1*1*1,1*1*1
1729,462.848,100,1,0,0.960358,0.980179,12,25*2*1,64*1*1
1730,533.268,99,1,0,0.959555,0.979778,17,25*2*1,64*1*1
1731,1068.44,399,1,0,0.908708,0.954354,33,25*4*1,64*2*2
1732,153.007,0,0,0,0,0,0,1*1*1,1*1*1
1733,398.196,50,1,0,0.827984,0.913992,10,25*1*1,32*1*1
1734,497.162,99,1,0,0.972922,0.986461,15,25*2*1,64*1*1
1735,958.045,200,1,0,0.954966,0.977483,31,25*4*1,64*1*2
1736,0,0,0,0,0,0,0,1*1*1,1*1*1
1737,0,0,0,0,0,0,0,1*1*1,1*1*1
1738,0,0,0,0,0,0,0,1*1*1,1*1*1
1739,0,0,0,0,0,0,0,1*1*1,1*1*1
1740,334.165,50,1,0,0.986638,0.993319,10,25*1*1,32*1*1
1741,1049.62,398,1,0,0.925001,0.962501,33,25*4*1,64*2*2
1742,318.693,50,1,0,0.981823,0.990911,9,25*1*1,32*1*1
1743,768.928,100,1,0,0.745583,0.872792,23,25*2*1,64*1*1
1744,1180.7,398,1,0,0.822309,0.911154,33,25*4*1,64*2*2
1745,1124.7,399,1,0,0.863252,0.931626,33,25*4*1,64*2*2
1746,0,0,0,0,0,0,0,1*1*1,1*1*1
1747,1001.89,398,1,0,0.969068,0.984534,33,25*4*1,64*2*2
1748,2060.01,797,0,0,0.863782,0.931891,48,25*4*2,64*4*2
1749,1685.63,797,1,0,0.992507,0.996254,44,25*4*2,64*4*2
1750,2796.95,1195,0,0,0.917249,0.958625,58,25*4*3,64*4*3
1751,15838.1,4782,0,0,0.581238,0.790619,82,25*4*13,64*16*3
1752,20275.8,4782,1,0,0.454024,0.727012,82,25*4*13,64*16*3
1753,15508.9,4782,1,0,0.593575,0.796788,82,25*4*13,64*16*3
1754,16593.7,4782,1,0,0.554771,0.777385,82,25*4*13,64*16*3
1755,19486.7,4782,1,0,0.472409,0.736205,82,25*4*13,64*16*3
1756,12161.4,4783,1,0,0.756961,0.87848,82,25*4*13,64*16*3
1757,15271.9,4782,1,0,0.602787,0.801393,82,25*4*13,64*16*3
1758,25193.5,4782,1,0,0.3654,0.6827,82,25*4*13,64*16*3
1759,19616.1,4782,1,0,0.469293,0.734647,82,25*4*13,64*16*3
1760,15185,4782,1,0,0.606236,0.803118,82,25*4*13,64*16*3
1761,16321.9,4783,1,0,0.564009,0.782005,82,25*4*13,64*16*3
1762,15704.8,4782,1,0,0.586171,0.793086,82,25*4*13,64*16*3
1763,19740.3,4782,1,0,0.46634,0.73317,82,25*4*13,64*16*3
1764,10009.5,4782,1,0,0.919696,0.959848,82,25*4*13,64*16*3
1765,20506.9,4782,1,0,0.448907,0.724454,82,25*4*13,64*16*3
1766,25139.9,4783,1,0,0.366179,0.683089,82,25*4*13,64*16*3
1767,15834.1,4782,1,0,0.581384,0.790692,82,25*4*13,64*16*3
1768,12361.5,4782,1,0,0.744707,0.872354,82,25*4*13,64*16*3
1769,16285.1,4782,1,0,0.565284,0.782642,82,25*4*13,64*16*3
1770,25436.6,4782,1,0,0.361908,0.680954,82,25*4*13,64*16*3
1771,19915.9,4783,1,0,0.462229,0.731114,82,25*4*13,64*16*3
1772,24709.5,4782,1,0,0.372557,0.686279,82,25*4*13,64*16*3
1773,13508.4,4782,1,0,0.68148,0.84074,82,25*4*13,64*16*3
1774,13114.9,4782,1,0,0.701927,0.850963,82,25*4*13,64*16*3
1775,13001.4,4782,1,0,0.708055,0.854027,82,25*4*13,64*16*3
1776,15278.2,4783,1,0,0.602538,0.801269,82,25*4*13,64*16*3
1777,12030.9,4782,1,0,0.765171,0.882586,82,25*4*13,64*16*3
1778,13240.2,4782,1,0,0.695284,0.847642,82,25*4*13,64*16*3
1779,16112.6,4782,1,0,0.571335,0.785668,82,25*4*13,64*16*3
1780,12868.8,4782,1,0,0.71535,0.857675,82,25*4*13,64*16*3
1781,9997.93,4783,1,0,0.920761,0.96038,82,25*4*13,64*16*3
1782,13547.2,4782,1,0,0.679528,0.839764,82,25*4*13,64*16*3
1783,15422.9,4782,1,0,0.596885,0.798443,82,25*4*13,64*16*3
1784,15684.7,4782,1,0,0.586922,0.793461,82,25*4*13,64*16*3
1785,4670.52,2391,0,0,0.988284,0.994142,66,25*4*6,64*8*3
1786,15525.1,4782,0,0,0.592956,0.796478,82,25*4*13,64*16*3
1787,4052.45,1594,0,0,0.996163,0.998081,65,25*4*5,64*8*2
1788,597.703,99,0,0,0.959172,0.979586,23,25*2*1,64*1*1
1789,345.714,50,1,0,0.953678,0.976839,10,25*1*1,32*1*1
1790,140.798,0,0,0,0,0,0,1*1*1,1*1*1
1791,128.156,0,0,0,0,0,0,1*1*1,1*1*1
1792,0,0,0,0,0,0,0,1*1*1,1*1*1
1793,293.243,50,1,0,0.962001,0.981,5,25*1*1,32*1*1
1794,1587.39,398,0,0,0.969264,0.984632,42,25*4*2,64*2*2
1795,1304.62,398,0,0,0.998528,0.999264,37,25*2*3,64*2*2
1796,9835.32,4782,0,0,0.935984,0.967992,82,25*4*13,64*16*3
1797,1655.42,597,0,0,0.993706,0.996853,43,25*4*2,64*2*3
1798,20195.9,4782,0,0,0.45582,0.72791,82,25*4*13,64*16*3
1799,20402.4,4782,1,0,0.451207,0.725603,82,25*4*13,64*16*3
1800,13189.4,4782,1,0,0.697962,0.848981,82,25*4*13,64*16*3
