7.37904
7.37904
8.60519
9.38013
9.91019
9.65091
12.5189
10.4706
10.1885
10.4706
9.65091
9.91019
9.38013
8.09788
7.61943
7.86367
5.62931
4.64659
3.76752
3.1254
2.41273
1.45693
0.980125
0.535146
0.184185
0.0460463
0.00770611
0.186284
0.365707
0.904396
1.35858
2.15488
2.83913
3.93984
4.84847
5.83952
6.49325
7.3923
8.36371
8.6195
9.66607
10.204
10.204
10.7566
10.4864
10.4864
10.4864
10.204
10.204
8.86464
7.6329
7.1686
6.27149
5.43432
4.65711
3.60832
2.83913
2.02794
1.35858
0.904396
0.42072
0.152219
0.00770611
0.0460463
0.223786
0.535146
0.899764
1.67025
2.021
2.97213
3.76752
4.46959
5.42296
6.04158
6.69361
7.37904
9.1132
8.34961
9.1132
9.1132
9.65091
9.1132
9.38013
9.38013
8.09788
7.61943
7.37904
6.69361
5.62931
5.22046
4.10612
3.1254
2.54323
2.021
1.56482
0.899764
0.60129
0.26724
0.0291357
0.00770611
0.0914267
0.365707
0.82284
1.16691
1.67656
2.28567
3.13403
3.60832
4.65711
5.04369
6.49325
6.49325
7.3923
7.6329
8.11176
8.36371
8.6195
8.36371
8.6195
8.11176
8.11176
7.6329
6.93549
6.05358
5.43432
4.65711
4.29603
3.29136
2.83913
1.91159
1.35858
0.82284
0.42072
0.186284
0.0470988
0.00171841
0.089958
0.314547
0.671287
1.06896
1.67025
2.14772
2.83092
3.59906
4.28593
4.83774
5.22046
5.82774
6.69361
7.15554
7.61943
7.86367
7.86367
7.37904
7.37904
7.37904
6.92265
7.15554
6.04158
5.62931
4.83774
3.93016
2.54323
2.83092
2.68515
1.56482
1.16165
0.671287
0.362763
0.089958
0.0167025
0.00192653
0.119896
0.317288
0.605077
1.07401
1.46283
2.15488
2.15488
3.13403
3.60832
4.29603
5.64089
5.64089
6.27149
6.49325
6.49325
7.1686
7.6329
7.6329
7.3923
6.93549
6.49325
6.27149
6.05358
5.64089
5.04369
4.11601
3.44349
2.83913
2.42031
1.79215
1.35858
0.82284
0.605077
0.317288
0.0680765
0.00192653
0.0167025
0.150322
0.476214
0.740933
1.06896
1.56482
2.14772
2.41273
2.83092
3.59906
4.46959
4.83774
5.03275
5.62931
5.82774
6.04158
6.25928
6.25928
6.48083
7.61943
6.04158
5.22046
5.22046
4.64659
4.10612
3.93016
3.28252
2.83092
2.14772
1.78563
1.25819
0.818422
0.476214
0.362763
0.06681
0
0.0173387
0.152219
0.269767
1.26366
0.904396
1.46283
2.02794
2.42031
2.83913
3.29136
3.77699
4.29603
4.65711
4.84847
5.64089
5.83952
6.27149
6.05358
6.27149
6.05358
5.83952
5.64089
5.23161
5.43432
4.29603
3.60832
3.29136
2.55101
2.02794
1.57093
1.07401
0.745137
0.479586
0.186284
0.0914267
0.00171841
0.0167025
0.118214
0.223786
0.476214
0.818422
1.45693
1.78563
2.14772
2.83092
3.28252
3.59906
4.10612
4.64659
5.03275
5.03275
5.03275
5.42296
4.83774
5.22046
5.62931
5.22046
4.64659
4.46959
3.93016
3.93016
2.97213
2.68515
2.41273
2.021
1.45693
0.980125
0.60129
0.362763
0.184185
0.0460463
0.00171841
0.0173387
0.119896
0.365707
0.745137
1.07401
1.57093
1.79215
2.42031
2.83913
3.29136
3.77699
4.11601
4.84847
4.65711
5.23161
5.04369
5.43432
5.64089
6.05358
5.23161
5.23161
5.04369
4.47991
3.77699
3.77699
3.13403
2.98055
2.28567
1.91159
1.35858
0.984959
0.745137
0.42072
0.479586
0.0680765
0.00192653
0.0291357
0.118214
0.26724
0.535146
0.740933
1.16165
1.56482
2.021
2.41273
2.83092
3.1254
3.76752
4.10612
4.46959
4.46959
4.46959
4.64659
4.83774
5.22046
4.83774
4.83774
4.46959
3.76752
3.28252
3.1254
3.28252
2.54323
2.2783
1.78563
1.3529
1.06896
0.60129
0.476214
0.476214
0.184185
0.0291357
0.00192653
0.0680765
0.152219
0.42072
0.605077
0.904396
1.26366
1.16691
2.02794
2.15488
2.55101
2.83913
3.29136
3.77699
4.11601
3.93984
3.93984
4.29603
4.11601
3.93984
3.93984
4.11601
3.77699
3.13403
2.69315
2.69315
2.42031
2.42031
2.02794
1.46283
1.16691
0.904396
0.605077
0.42072
0.226099
0.0680765
0.00770611
0
0.06681
0.184185
0.314547
0.60129
0.818422
1.16165
1.45693
1.78563
2.021
2.41273
2.83092
3.1254
3.59906
3.43445
3.76752
3.93016
3.59906
3.59906
4.28593
3.76752
3.59906
3.43445
2.97213
2.41273
2.41273
2.021
1.78563
1.3529
0.980125
0.740933
0.476214
0.223786
0.089958
0.00728393
0.00192653
0.119896
0.269767
0.42072
0.605077
0.904396
1.26366
1.79215
2.15488
2.69315
3.13403
3.60832
3.93984
4.29603
4.84847
5.04369
5.64089
6.05358
5.83952
6.27149
6.49325
6.49325
6.49325
6.27149
6.05358
6.27149
6.05358
6.05358
5.64089
5.43432
5.23161
5.04369
4.84847
4.65711
5.04369
5.04369
5.04369
5.43432
4.84847
5.64089
6.05358
6.93549
8.11176
9.92555
10.7566
12.5361
15.089
17.5295
22.1256
27.2815
32.949
40.2572
48.8748
57.696
69.385
83.7057
97.6748
112.721
128.79
147.05
164.263
184.807
200.371
213.987
232.045
238.629
256.271
254.945
254.945
250.835
246.758
232.045
216.563
197.893
177.782
152.301
131.74
102.851
78.2644
55.0959
35.9832
20.5489
8.6195
2.02794
0.06681
2.83092
11.9054
22.9357
38.0602
57.659
78.9996
101.913
126.805
148.058
169.746
191.834
201.477
229.378
245.304
252.072
261.765
267.397
267.397
267.397
263.187
259.011
247.985
241.273
229.378
216.491
201.477
188.271
172.041
158.747
141.776
129.733
112.67
100.197
87.6326
75.9519
62.3424
50.6638
41.3162
31.9489
24.1903
17.5091
12.8139
8.09788
4.64659
2.14772
0.60129
0.089958
0.119896
0.745137
2.15488
3.77699
5.83952
7.87735
9.92555
12.5361
14.1017
16.464
17.899
19.0092
19.3724
20.9264
20.9264
21.7373
20.1529
19.0092
17.899
16.1098
14.75
12.5361
11.0464
8.6195
6.70623
4.65711
2.98055
1.67656
0.675289
0.119896
0.0167025
0.362763
1.25819
2.021
3.93016
5.62931
7.86367
10.1885
12.2102
15.0701
17.1437
19.351
21.3074
23.7605
25.4783
25.9233
26.7997
26.7997
26.3472
26.3472
25.0371
22.5172
20.9041
18.2306
16.0902
13.1301
10.7406
8.09788
5.22046
2.97213
1.56482
0.417562
0.00728393
0.42072
1.91159
4.11601
8.11176
13.468
19.3724
27.7163
37.0441
47.6888
60.3561
75.2311
91.7896
109.075
126.86
145.988
163.14
177.782
197.893
215.273
220.383
241.349
252.15
260.504
261.844
260.504
259.089
252.15
238.629
224.237
205.232
185.936
160.967
137.798
114.541
90.9505
68.6557
49.4904
33.4548
20.1529
12.2272
3.13403
0.226099
0.818422
4.28593
11.3237
18.2306
28.1545
39.6715
51.2906
64.3999
71.5134
78.9996
86.8582
90.904
95.0895
97.6267
95.8996
94.2353
89.2839
84.466
79.7382
74.4716
67.89
60.9638
53.1584
47.6551
41.3162
34.4208
30.5047
25.0371
20.9041
17.1437
14.0834
11.9054
9.65091
7.86367
6.48083
5.22046
4.28593
3.76752
3.76752
3.1254
3.28252
2.97213
3.1254
3.43445
3.76752
4.28593
4.83774
5.42296
7.15554
7.61943
8.60519
9.65091
11.9054
14.0834
15.0701
16.8022
17.8784
20.9041
22.1026
23.7605
25.0371
26.3472
27.256
28.1545
29.0675
30.9643
30.9643
30.9643
30.5047
29.0675
26.3472
27.256
25.9233
24.1903
22.5172
19.351
17.8784
14.7312
13.1301
11.0302
9.38013
7.15554
5.62931
3.43445
2.14772
1.67025
0.60129
0.26724
0.00171841
0.119896
0.538719
1.16691
2.15488
3.29136
3.44349
5.83952
6.93549
8.6195
10.204
11.9222
13.1478
14.4333
15.7594
16.8222
17.899
17.899
18.2515
17.5295
17.1639
17.5295
17.5295
16.1098
15.4319
14.1017
12.5361
11.3401
10.204
9.39507
7.87735
6.27149
4.84847
3.93984
3.13403
2.28567
1.79215
1.16691
0.605077
0.365707
0.269767
0.0914267
0.0299741
0.00192653
0.00171841
0.00728393
0.00728393
0.0167025
0
0.0299741
0.0680765
0.317288
0.605077
1.26366
2.02794
3.77699
5.83952
8.36371
12.2272
17.899
24.624
29.5692
39.7022
47.6888
59.676
71.5547
84.5108
97.6748
111.791
125.873
139.809
155.507
165.39
176.678
188.338
195.499
193.052
193.052
189.477
182.428
173.259
164.263
147.05
131.74
114.541
94.2827
74.5137
58.3647
40.785
28.1804
16.464
7.87735
2.28567
0.0299741
0.980125
4.64659
11.0302
20.131
30.9643
41.8824
53.1584
65.1063
77.4468
87.6326
95.0895
101.913
109.024
110.814
110.814
109.892
107.199
102.801
96.7612
90.069
82.8601
75.1888
66.4909
60.3182
50.6638
43.5718
35.9539
30.9643
25.4783
18.988
15.74
12.8139
9.38013
6.92265
5.62931
4.10612
2.83092
1.90486
1.56482
1.06896
0.980125
0.740933
0.740933
0.740933
0.818422
0.818422
1.06896
1.45693
2.021
2.68515
3.93016
4.83774
6.25928
7.15554
8.60519
10.4706
12.5189
14.7312
17.8784
20.5268
23.3345
25.9233
28.1545
30.9643
33.4266
36.4822
38.0602
40.7539
41.8824
42.4206
43.5718
44.1532
42.9943
41.8824
41.8824
40.7539
38.6037
36.4822
34.4208
30.9643
27.6906
25.0371
20.9041
18.988
15.4128
13.1301
10.4706
6.92265
5.22046
3.43445
2.14772
0.899764
0.26724
0.00171841
0.317288
0.904396
1.79215
1.91159
4.84847
6.70623
8.86464
10.7566
13.1478
15.7594
16.8222
19.0092
21.3299
22.5404
24.2143
24.2143
25.5029
25.9481
23.3581
24.2143
22.9591
22.1256
20.1529
18.6284
16.464
14.75
11.9222
10.204
8.36371
5.64089
4.29603
2.69315
1.79215
0.675289
0.152219
0
0.150322
0.671287
1.45693
2.41273
3.43445
4.83774
6.25928
8.09788
9.65091
11.0302
12.2102
13.1301
13.4501
14.0834
13.7559
13.7559
13.7559
12.8139
12.2102
10.7406
9.1132
7.61943
6.04158
3.93016
2.83092
1.67025
0.535146
0.089958
0.0299741
0.538719
1.57093
3.44349
6.05358
9.92555
14.4333
19.7607
27.2815
32.447
41.914
50.1099
60.3561
70.0773
86.9037
82.9045
101.127
109.075
121.104
129.788
137.798
143.933
149.128
153.386
147.05
157.704
154.475
149.128
142.882
136.769
126.86
117.324
106.392
94.2827
82.9045
73.0059
56.3701
44.7385
34.9666
26.3722
17.899
11.9222
6.70623
2.98055
1.07401
0.0680765
0.089958
0.60129
1.78563
3.43445
4.46959
6.25928
6.25928
6.69361
6.48083
6.48083
5.42296
4.28593
2.97213
1.45693
0.740933
0.150322
0.00770611
0.42072
1.16691
2.69315
4.84847
7.1686
9.39507
12.2272
14.4333
16.8222
18.6284
20.1529
19.3724
19.7607
18.2515
16.8222
14.1017
11.9222
8.36371
6.49325
3.77699
1.79215
0.479586
0.0167025
0.671287
2.54323
5.42296
9.91019
15.4128
22.1026
28.6222
37.5205
45.2947
55.7129
63.6974
70.0365
79.7382
86.042
94.2353
97.6267
100.197
104.539
104.539
107.199
105.439
105.439
98.4475
95.8996
92.5857
82.8601
78.2213
71.5134
65.777
56.9943
50.6638
41.8824
38.6037
31.9489
27.256
22.1026
17.1437
13.1301
9.91019
6.25928
4.64659
3.1254
1.56482
0.671287
0.314547
0.00171841
0.0299741
0.186284
0.479586
1.07401
1.16691
1.46283
2.02794
2.02794
2.15488
2.02794
2.28567
1.91159
1.67656
1.46283
0.984959
0.605077
0.365707
0.152219
0.0173387
0.0291357
0.223786
0.476214
1.06896
1.78563
2.97213
4.46959
5.22046
7.37904
8.85013
10.7406
11.9054
14.4147
16.0902
18.2306
19.351
20.9041
23.3345
23.3345
24.1903
25.9233
25.4783
26.3472
24.1903
23.3345
22.9357
22.1026
20.131
18.6074
16.8022
15.0701
13.1301
11.0302
9.91019
8.09788
6.25928
5.03275
3.43445
2.2783
1.3529
0.60129
0.184185
0.00728393
0.0470988
0.365707
0.904396
1.79215
2.55101
3.29136
4.47991
6.05358
7.1686
8.11176
9.39507
10.204
11.3401
11.9222
12.5361
13.1478
13.1478
13.468
12.5361
12.8314
11.9222
11.0464
9.92555
8.6195
8.11176
6.49325
5.64089
4.47991
3.29136
2.15488
1.67656
0.904396
0.365707
0.119896
0.00171841
0.118214
0.60129
0.980125
1.67025
2.83092
3.59906
4.83774
5.82774
7.37904
8.34961
10.1885
10.4706
11.3237
12.2102
14.0834
14.0834
14.4147
14.4147
17.5091
13.7559
13.4501
13.1301
12.2102
11.0302
9.65091
8.85013
7.37904
6.25928
4.64659
4.10612
2.97213
2.14772
1.45693
0.671287
0.26724
0.0167025
0.0173387
0.186284
0.479586
1.07401
1.91159
2.83913
3.60832
4.84847
6.05358
6.93549
7.87735
9.66607
10.204
11.0464
11.621
14.1017
12.2272
12.5361
12.8314
12.2272
11.9222
11.3401
10.7566
10.4864
9.66607
8.6195
7.1686
5.83952
4.65711
3.93984
2.98055
2.15488
1.46283
0.82284
0.226099
0.0470988
0.00171841
0.118214
0.417562
0.818422
1.3529
2.14772
3.76752
4.46959
5.03275
6.04158
7.15554
6.69361
9.38013
9.91019
10.4706
10.4706
10.7406
11.6044
11.6044
11.3237
11.6044
10.1885
8.34961
9.91019
8.60519
7.86367
6.69361
6.04158
4.46959
3.76752
2.68515
2.14772
1.90486
0.671287
0.223786
0.0460463
0.0173387
0.152219
0.365707
1.16691
1.67656
2.28567
2.55101
4.29603
5.64089
6.27149
6.93549
8.11176
8.6195
10.204
11.0464
11.3401
12.5361
12.2272
12.2272
12.2272
11.9222
11.0464
10.7566
10.204
9.39507
8.36371
7.1686
6.27149
5.04369
3.93984
3.13403
2.15488
1.46283
0.904396
0.42072
0.119896
0.00728393
0.150322
0.417562
0.818422
1.45693
2.021
2.97213
3.59906
5.03275
6.04158
6.92265
7.86367
8.34961
9.65091
10.4706
11.0302
11.6044
11.6044
11.6044
11.6044
11.3237
11.3237
11.0302
10.4706
9.1132
8.34961
7.15554
6.69361
5.22046
4.46959
3.1254
2.2783
1.67025
0.899764
0.535146
0.223786
0.0167025
0.0173387
0.186284
0.605077
1.07401
1.67656
2.28567
2.98055
4.47991
5.43432
6.49325
7.3923
8.36371
9.12793
10.204
11.0464
11.3401
9.92555
11.621
11.3401
11.3401
11.0464
10.4864
10.204
9.12793
8.11176
7.1686
6.49325
5.43432
4.47991
3.29136
2.42031
1.67656
0.984959
0.538719
0.186284
0.0299741
0.0167025
0.150322
0.476214
0.899764
1.56482
2.021
2.97213
3.76752
4.64659
5.62931
6.25928
7.61943
8.09788
9.1132
9.1132
9.91019
10.4706
10.1885
11.0302
11.3237
10.4706
9.91019
8.60519
8.60519
7.61943
6.48083
6.04158
5.22046
4.46959
3.76752
2.68515
1.56482
1.16165
0.417562
0.223786
0.0460463
0.00770611
0.119896
0.365707
0.82284
1.46283
2.15488
3.44349
3.77699
4.65711
5.64089
6.49325
7.87735
8.6195
9.12793
10.4864
10.7566
10.4864
10.7566
11.621
11.3401
11.621
10.7566
9.66607
9.92555
8.11176
7.3923
6.49325
5.83952
4.84847
3.77699
2.98055
2.02794
1.26366
0.605077
0.365707
0.186284
0.00770611
0.0460463
0.26724
0.740933
1.06896
1.78563
2.41273
3.1254
3.93016
4.64659
5.82774
6.92265
7.61943
8.34961
8.85013
9.38013
9.91019
10.1885
10.1885
10.4706
10.1885
9.91019
9.38013
8.85013
8.09788
7.37904
6.25928
5.42296
4.46959
3.76752
2.83092
2.2783
1.56482
0.899764
0.671287
0.184185
0.0167025
0.0299741
0.0680765
0.538719
1.26366
1.57093
2.28567
2.98055
4.11601
4.84847
5.83952
6.70623
7.6329
8.11176
9.12793
9.66607
9.66607
10.204
10.7566
9.92555
10.4864
9.92555
9.12793
9.12793
7.87735
7.1686
6.27149
5.64089
4.47991
3.77699
2.98055
1.91159
1.35858
0.745137
0.538719
0.119896
0.00770611
0.00728393
0.184185
0.476214
0.980125
1.45693
1.90486
2.54323
3.76752
4.46959
5.42296
6.04158
6.69361
7.61943
8.09788
8.60519
8.60519
9.65091
9.65091
9.65091
9.65091
9.1132
8.34961
7.86367
7.37904
6.92265
5.82774
5.22046
4.28593
3.43445
2.54323
1.78563
1.06896
0.60129
0.417562
0.150322
0.00728393
0.0173387
0.269767
0.479586
0.904396
1.57093
2.02794
2.98055
3.60832
4.65711
5.23161
6.27149
7.6329
7.3923
8.11176
8.86464
8.6195
9.66607
9.92555
9.92555
9.92555
9.92555
9.39507
8.36371
7.6329
6.93549
5.43432
5.64089
4.65711
3.77699
2.98055
2.15488
1.67656
0.984959
0.605077
0.317288
0.0914267
0.00171841
0.118214
0.314547
0.818422
1.25819
1.67025
2.2783
2.97213
3.93016
5.03275
5.42296
5.62931
6.92265
7.37904
8.09788
8.85013
9.1132
9.1132
8.85013
8.60519
8.60519
8.85013
8.34961
7.61943
7.15554
6.04158
5.22046
4.46959
3.93016
3.43445
2.14772
1.3529
1.06896
0.476214
0.26724
0.0460463
0.00171841
0.0680765
0.317288
0.605077
1.26366
1.57093
2.02794
2.83913
3.60832
4.47991
5.83952
6.27149
6.70623
6.27149
7.6329
8.6195
8.6195
9.39507
9.12793
8.86464
8.11176
7.6329
7.1686
7.3923
6.27149
5.83952
5.43432
4.29603
3.44349
3.13403
2.42031
1.67656
1.26366
0.745137
0.269767
0.0470988
0.00192653
0.0291357
0.118214
0.362763
0.818422
1.56482
2.021
2.83092
3.28252
4.46959
4.83774
5.62931
6.69361
7.15554
7.37904
7.61943
7.86367
8.60519
8.85013
8.85013
8.60519
8.09788
7.37904
6.69361
6.69361
6.48083
5.62931
4.64659
3.76752
2.83092
2.14772
1.67025
1.25819
0.899764
0.362763
0.089958
0
0.0680765
0.0914267
0.365707
0.745137
1.16691
1.91159
2.69315
3.29136
3.93984
4.65711
4.84847
6.70623
6.70623
7.3923
7.3923
7.87735
7.6329
7.87735
8.36371
8.86464
8.11176
6.93549
6.27149
6.49325
5.83952
5.43432
5.64089
4.11601
3.44349
2.55101
1.79215
1.07401
0.82284
0.745137
0.365707
0.0680765
0.00171841
0.06681
0.184185
0.362763
0.671287
0.980125
1.3529
2.41273
3.1254
3.43445
3.93016
4.46959
5.22046
5.82774
6.92265
6.92265
6.25928
6.25928
6.04158
6.25928
6.92265
7.15554
6.25928
5.62931
4.64659
4.28593
4.46959
3.28252
2.83092
2.14772
1.56482
1.16165
0.671287
0.362763
0.26724
0.06681
0
0.0470988
0.269767
0.479586
0.745137
1.07401
1.46283
2.15488
2.83913
2.98055
3.60832
4.11601
4.29603
4.84847
5.43432
6.27149
6.27149
6.27149
6.05358
6.05358
5.83952
5.83952
5.83952
5.23161
5.04369
4.65711
4.11601
3.77699
2.98055
2.83913
1.67656
1.35858
0.904396
0.538719
0.226099
0.0914267
0.0173387
0.0460463
0.150322
0.417562
0.671287
1.06896
1.45693
1.90486
2.54323
3.28252
4.10612
4.28593
4.64659
4.83774
5.42296
5.82774
6.48083
6.25928
5.62931
5.82774
5.62931
5.62931
5.62931
5.42296
4.83774
4.10612
3.59906
3.1254
2.54323
2.14772
3.1254
1.25819
0.671287
0.417562
0.223786
0.150322
0.0291357
0
0.119896
0.317288
0.538719
0.904396
0.745137
1.26366
1.67656
2.55101
3.13403
4.11601
4.11601
3.77699
4.47991
4.84847
5.23161
6.05358
6.05358
6.27149
5.64089
5.83952
5.43432
5.43432
4.65711
4.29603
4.11601
3.93984
2.83913
2.28567
2.28567
1.79215
1.35858
0.904396
0.479586
0.186284
0.0470988
0
0.00728393
0.118214
0.223786
0.60129
0.740933
1.3529
1.90486
2.54323
2.54323
3.1254
3.59906
3.43445
4.46959
4.28593
4.64659
3.93016
4.64659
5.03275
5.03275
4.46959
3.93016
4.46959
3.76752
3.76752
3.43445
3.1254
2.2783
1.67025
1.56482
1.25819
0.980125
0.671287
0.476214
0.150322
0.06681
0.00171841
0.0470988
0.119896
0.226099
0.479586
0.745137
1.16691
1.57093
2.02794
2.28567
2.83913
3.13403
3.60832
4.11601
4.65711
4.84847
5.04369
5.23161
5.04369
5.23161
5.23161
5.43432
4.65711
4.65711
4.29603
4.11601
3.29136
2.98055
2.42031
1.79215
1.57093
1.07401
0.675289
0.42072
0.226099
0.0470988
0
0.0291357
0.089958
0.223786
0.417562
0.740933
1.06896
1.56482
1.78563
1.90486
2.41273
3.1254
3.28252
3.93016
4.10612
4.46959
4.28593
4.46959
4.46959
4.64659
5.03275
4.10612
4.46959
3.93016
3.76752
3.43445
2.68515
2.83092
2.41273
1.90486
1.45693
1.06896
0.818422
0.535146
0.314547
0.184185
0.0167025
0.00770611
0.0299741
0.119896
0.269767
0.479586
0.904396
1.26366
1.67656
2.02794
2.28567
2.98055
3.29136
3.77699
4.29603
4.47991
4.84847
4.65711
4.84847
4.47991
4.84847
3.44349
4.11601
4.11601
3.60832
3.29136
2.83913
2.55101
2.15488
1.67656
1.35858
0.745137
0.605077
0.42072
0.186284
0.152219
0.0299741
0.00728393
0.06681
0.150322
0.362763
0.089958
0.671287
0.980125
1.3529
1.67025
2.14772
2.41273
2.68515
2.97213
3.1254
3.76752
3.59906
3.93016
3.76752
4.10612
4.10612
3.76752
3.59906
3.76752
3.59906
2.97213
2.83092
2.54323
2.14772
1.67025
1.3529
0.899764
0.740933
0.362763
0.223786
0.089958
0.0167025
0.00770611
0.0680765
0.186284
0.479586
0.745137
0.904396
1.46283
1.57093
2.15488
2.55101
2.98055
3.29136
3.29136
3.77699
3.93984
4.11601
4.11601
4.11601
3.77699
4.11601
3.77699
3.77699
3.60832
2.98055
3.13403
2.55101
2.15488
2.02794
1.57093
1.46283
0.984959
0.675289
0.479586
0.269767
0.119896
0.0299741
0.00192653
0.0291357
0.089958
0.184185
0.417562
0.671287
1.06896
1.25819
1.3529
1.67025
2.14772
2.54323
2.97213
3.43445
3.59906
3.76752
3.59906
3.76752
4.28593
3.93016
3.93016
3.76752
3.59906
3.43445
3.1254
2.83092
2.41273
1.90486
1.56482
1.16165
1.06896
0.740933
0.476214
0.26724
0.089958
0.0167025
0.00192653
0.0299741
0.119896
0.186284
0.42072
0.675289
0.904396
1.35858
1.79215
2.02794
2.28567
2.42031
2.55101
3.13403
3.29136
3.44349
3.29136
3.44349
3.60832
3.60832
3.29136
3.44349
2.42031
2.98055
2.69315
2.42031
2.15488
2.02794
1.57093
1.35858
0.984959
0.745137
0.538719
0.365707
0.119896
0.0173387
0.00192653
0.00728393
0.089958
0.184185
0.314547
0.60129
0.899764
1.16165
1.3529
1.67025
2.14772
1.67025
2.97213
3.28252
3.43445
3.59906
4.10612
3.93016
3.59906
3.59906
3.93016
3.43445
3.28252
2.97213
2.54323
2.021
1.78563
1.56482
1.25819
1.06896
0.740933
0.535146
0.223786
0.089958
0.0291357
0.00171841
0.00770611
0.0470988
0.269767
0.269767
0.538719
0.745137
0.904396
1.26366
1.46283
2.15488
2.15488
2.55101
2.55101
2.83913
3.13403
3.77699
3.60832
3.77699
3.77699
3.44349
3.44349
3.60832
3.29136
3.60832
3.13403
2.28567
2.42031
2.02794
1.79215
1.57093
1.16691
0.675289
0.479586
0.365707
0.152219
0.0680765
0.0173387
0.00728393
0.06681
0.223786
0.417562
0.60129
0.818422
1.06896
1.45693
1.90486
2.14772
2.41273
2.68515
2.83092
2.97213
3.28252
3.28252
3.59906
3.76752
3.1254
3.43445
2.83092
2.68515
2.54323
2.41273
2.14772
1.78563
1.78563
1.25819
1.06896
0.740933
0.417562
0.362763
0.184185
0.089958
0.0460463
0
0.0299741
0.0914267
0.226099
0.317288
0.479586
0.745137
1.07401
1.26366
1.35858
1.91159
2.15488
2.42031
2.55101
2.83913
2.83913
3.29136
3.60832
3.44349
3.44349
3.29136
3.29136
3.13403
2.98055
2.83913
2.42031
2.15488
1.67656
1.57093
0.984959
1.07401
0.904396
0.538719
0.269767
0.0914267
0.0299741
0
0.0167025
0.06681
0.223786
0.417562
0.476214
0.899764
1.16165
1.25819
1.56482
1.90486
2.14772
2.2783
2.2783
2.83092
3.1254
2.97213
2.97213
2.97213
2.97213
2.68515
2.83092
2.68515
2.68515
2.41273
2.2783
2.14772
1.67025
1.3529
1.16165
0.818422
0.671287
0.671287
0.314547
0.184185
0.150322
0.0291357
0.00192653
0.0299741
0.0680765
0.152219
0.365707
0.538719
0.82284
1.16691
1.46283
1.79215
1.91159
2.28567
2.55101
2.98055
3.29136
3.29136
3.77699
3.60832
3.13403
3.44349
3.44349
3.29136
3.29136
2.42031
2.42031
2.15488
2.15488
1.57093
1.35858
1.07401
0.82284
0.479586
0.317288
0.186284
0.0680765
0.0173387
0.0167025
0.0167025
0.118214
0.223786
0.417562
0.60129
0.60129
0.818422
0.980125
1.25819
1.56482
1.90486
2.021
2.14772
2.14772
2.54323
2.54323
2.54323
2.83092
2.68515
2.021
2.2783
2.41273
2.41273
2.2783
2.14772
1.78563
1.3529
1.06896
0.899764
0.899764
0.740933
0.476214
0.26724
0.089958
0
0.00192653
0.0173387
0.0680765
0.152219
0.479586
0.605077
0.904396
1.26366
1.35858
1.46283
1.79215
2.15488
2.98055
2.69315
3.13403
2.69315
2.83913
3.13403
3.13403
3.29136
3.13403
2.98055
2.69315
2.42031
2.28567
1.91159
1.79215
1.57093
1.35858
0.904396
0.745137
0.479586
0.317288
0.152219
0.186284
0.0680765
0.00770611
0.00728393
0.06681
0.118214
0.223786
0.314547
0.476214
0.60129
0.899764
1.25819
1.56482
1.67025
1.67025
1.90486
2.2783
2.2783
2.83092
2.97213
2.97213
3.1254
2.83092
2.83092
2.83092
2.83092
2.41273
2.2783
1.78563
1.78563
1.3529
1.45693
1.16165
0.818422
0.671287
0.26724
0.089958
0.118214
0.0167025
0.00171841
0.0299741
0.152219
0.269767
0.42072
0.538719
0.675289
0.82284
1.07401
1.46283
1.79215
2.28567
1.91159
2.02794
2.15488
2.42031
2.55101
2.69315
2.55101
2.28567
2.15488
2.15488
2.28567
2.02794
1.91159
1.67656
1.35858
0.904396
0.904396
0.745137
0.745137
0.675289
0.42072
0.226099
0.0680765
0.0470988
0.00770611
0.00192653
0.00728393
0.06681
0.184185
0.26724
0.535146
0.535146
0.740933
0.899764
1.16165
1.56482
1.67025
1.78563
1.90486
1.90486
2.14772
2.2783
2.54323
2.54323
2.2783
2.021
1.90486
1.67025
1.90486
1.90486
1.56482
1.16165
0.818422
0.362763
0.362763
0.26724
0.26724
0.184185
0.0460463
0.00171841
0.0173387
0.0914267
0.152219
0.186284
0.269767
0.42072
0.42072
0.984959
1.16691
1.16691
1.16691
1.07401
1.46283
1.79215
2.15488
2.28567
2.02794
1.79215
2.02794
1.91159
2.15488
2.02794
1.79215
1.79215
1.35858
1.26366
1.16691
1.16691
0.904396
0.904396
0.605077
0.538719
0.269767
0.186284
0.186284
0.0680765
0.0173387
0
0.00728393
0.06681
0.150322
0.314547
0.417562
0.535146
0.740933
0.899764
1.06896
1.25819
1.25819
1.56482
1.90486
2.021
2.14772
1.90486
1.90486
1.90486
1.90486
1.90486
1.67025
1.56482
1.3529
1.06896
0.980125
0.899764
0.740933
0.535146
0.476214
0.26724
0.184185
0.06681
0.0291357
0.0167025
0
0.0299741
0.0680765
0.152219
0.226099
0.317288
0.42072
0.538719
0.675289
0.82284
0.984959
1.26366
1.26366
1.16691
1.35858
1.57093
1.57093
1.57093
1.67656
1.57093
1.57093
1.46283
1.46283
1.57093
1.16691
1.16691
1.07401
0.82284
0.82284
0.745137
0.42072
0.365707
0.186284
0.119896
0.0173387
0.0299741
0.0291357
0.0460463
0.06681
0.184185
0.362763
0.417562
0.60129
0.671287
0.899764
0.899764
0.980125
1.25819
1.45693
1.67025
1.67025
1.67025
1.3529
1.67025
1.56482
1.56482
2.54323
1.3529
1.25819
1.16165
1.06896
0.818422
0.671287
0.60129
0.362763
0.362763
0.223786
0.150322
0.118214
0.0291357
0.00728393
0.00192653
0.0299741
0.0680765
0.0680765
0.119896
0.42072
0.365707
0.538719
0.675289
0.82284
0.82284
0.82284
1.07401
1.07401
1.35858
1.79215
1.57093
1.67656
1.46283
1.67656
1.57093
1.57093
1.91159
1.67656
1.57093
1.46283
1.07401
1.07401
0.984959
0.904396
0.904396
0.605077
0.479586
0.186284
0.119896
0.0299741
0.00192653
0
0.0460463
0.06681
0.118214
0.184185
0.26724
0.417562
0.476214
0.740933
0.818422
1.06896
1.06896
1.16165
1.25819
1.3529
1.56482
1.67025
1.56482
1.45693
1.45693
1.16165
1.3529
1.3529
1.06896
0.818422
0.671287
0.476214
0.362763
0.362763
0.26724
0.223786
0.150322
0.0460463
0.0167025
0.00192653
0.00192653
0.0173387
0.0470988
0.152219
0.226099
0.42072
0.479586
0.538719
0.605077
0.904396
0.984959
1.07401
1.35858
1.26366
1.35858
1.35858
1.26366
1.26366
1.26366
1.35858
1.16691
1.07401
0.904396
0.82284
0.904396
0.904396
0.605077
0.479586
0.317288
0.226099
0.186284
0.186284
0.152219
0.0680765
0.00770611
0.00728393
0.0460463
0.06681
0.0460463
0.089958
0.184185
0.362763
0.476214
0.476214
0.535146
1.25819
0.740933
0.740933
0.980125
1.16165
1.16165
1.25819
1.16165
1.06896
0.818422
1.16165
1.16165
1.16165
1.16165
0.740933
0.740933
0.60129
0.535146
0.476214
0.26724
0.314547
0.223786
0.089958
0.06681
0.0460463
0.00171841
0.00728393
0.0173387
0.0299741
0.0470988
0.186284
0.226099
0.317288
0.365707
0.479586
0.538719
0.675289
0.675289
0.82284
1.57093
1.07401
1.26366
1.26366
1.16691
1.16691
1.07401
1.07401
1.07401
1.07401
1.16691
0.904396
0.82284
0.675289
0.538719
0.479586
0.317288
0.269767
0.186284
0.226099
0.186284
0.0470988
0.00770611
0
0
0.0167025
0.0167025
0.0291357
0.089958
0.150322
0.223786
0.314547
0.26724
0.362763
0.476214
0.417562
0.60129
0.60129
1.06896
0.60129
0.899764
0.60129
0.740933
0.671287
0.740933
0.818422
0.740933
0.740933
0.535146
0.60129
0.535146
0.535146
0.362763
0.314547
0.223786
0.118214
0.118214
0.06681
0.089958
0.00728393
0
0.0173387
0.0470988
0.0914267
0.119896
0.186284
0.226099
0.42072
0.538719
0.605077
0.605077
0.605077
0.675289
0.82284
0.904396
0.904396
1.07401
0.984959
0.984959
1.16691
0.904396
0.984959
0.904396
0.82284
0.82284
0.605077
0.605077
0.538719
0.42072
0.42072
0.269767
0.152219
0.152219
0.0914267
0.0470988
0.0173387
0.00192653
0
0.00728393
0.06681
0.150322
0.223786
0.314547
0.314547
0.314547
0.535146
0.535146
0.671287
0.818422
0.899764
0.980125
1.06896
1.06896
1.06896
1.25819
1.25819
1.3529
1.16165
0.740933
0.980125
0.899764
0.740933
0.818422
0.740933
0.535146
0.476214
0.362763
0.26724
0.314547
0.06681
0.06681
0.0291357
0.00192653
0.00770611
0.0299741
0.0173387
0.0680765
0.152219
0.605077
0.317288
0.479586
0.42072
0.479586
0.538719
0.745137
0.82284
0.745137
1.07401
0.904396
0.984959
0.904396
0.82284
0.904396
1.07401
1.07401
0.984959
0.904396
0.82284
0.605077
0.605077
0.605077
0.538719
0.538719
0.317288
0.269767
0.186284
0.0914267
0.0914267
0.0914267
0.0299741
0.00192653
0.0167025
0.0167025
0.06681
0.26724
0.118214
0.150322
0.223786
0.362763
0.60129
0.60129
0.740933
0.60129
0.740933
0.899764
0.818422
0.980125
0.899764
0.899764
0.899764
0.899764
0.818422
0.899764
0.818422
0.60129
0.535146
0.476214
0.417562
0.314547
0.314547
0.150322
0.089958
0.0291357
0.0167025
0.00728393
0.00171841
0.00770611
0.0299741
0.0680765
0.119896
0.152219
0.226099
0.269767
0.42072
0.42072
0.538719
0.82284
0.904396
0.82284
0.984959
0.984959
1.07401
1.07401
1.16691
1.16691
1.16691
1.07401
1.16691
1.16691
1.16691
0.904396
0.82284
0.745137
0.538719
0.605077
0.479586
0.479586
0.226099
0.0914267
0.0914267
0.0470988
0.0470988
0.00770611
0.0299741
0.0167025
0.0291357
0.089958
0.118214
0.184185
0.26724
0.362763
0.417562
0.476214
0.60129
0.476214
0.535146
0.671287
0.671287
0.671287
0.671287
0.535146
0.314547
0.223786
0.184185
0.184185
0.150322
0.06681
0.00728393
0.0173387
0.0680765
0.269767
0.317288
0.538719
0.984959
1.46283
2.02794
3.44349
3.93984
6.27149
8.6195
9.39507
11.621
15.089
19.0092
24.624
29.0938
36.5117
44.1857
51.3255
67.2486
75.9944
89.3299
104.589
120.14
139.809
158.809
180.13
200.371
217.785
230.71
252.15
268.915
287.623
299.404
300.924
300.924
296.457
284.653
273.17
259.089
238.629
212.776
184.807
156.604
125.873
97.6748
72.2578
48.263
28.6483
13.468
4.29603
0.119896
1.78563
9.1132
22.1026
40.2263
60.9638
87.6326
110.814
139.751
166.395
199.061
228.051
256.193
281.699
300.84
317.56
328.429
342.632
350.622
357.136
358.796
352.267
345.798
334.644
323.673
309.873
296.373
278.841
259.011
238.553
217.713
194.206
173.195
153.326
132.693
112.67
93.3851
75.9519
59.6384
44.7059
31.9489
22.1026
13.7559
6.92265
2.68515
0.362763
0.0914267
1.35858
4.65711
9.12793
15.089
21.7373
27.7163
36.5117
44.1857
52.5557
62.3809
66.5307
72.2578
78.2644
82.1514
83.7057
85.2747
86.0873
83.7057
79.0429
75.9944
71.5547
65.1457
58.9998
53.194
42.4524
35.4585
27.7163
20.5489
15.4319
9.66607
5.43432
2.02794
0.479586
0.0291357
0.980125
2.83092
5.82774
9.91019
15.0701
20.5268
26.7997
32.4193
38.0602
42.9943
47.6551
52.5203
55.0596
56.9943
56.3335
55.7129
53.8004
50.0754
44.1532
37.5205
30.9643
22.9357
15.4128
9.1132
3.93016
0.535146
0.226099
3.93984
12.5361
27.7163
47.6888
73.0059
104.589
142.882
187.135
230.71
292.023
344.259
393.984
445.311
488.074
532.911
569.429
594.369
600.687
598.657
581.832
559.234
521.044
478.639
421.855
358.889
292.023
228.125
169.81
118.277
71.5547
35.9832
11.0464
0.479586
3.59906
18.6074
45.2947
84.466
131.684
187.068
245.304
306.875
365.385
420.054
480.455
532.798
575.497
607.038
628.37
645.85
652.435
645.85
639.298
619.842
598.537
571.41
534.826
493.801
450.678
418.257
366.972
326.84
281.699
239.911
199.061
157.643
126.805
97.6267
71.5134
46.4508
28.6222
14.0834
4.83774
0.60129
0.42072
4.29603
12.2272
23.3581
38.0903
56.3701
73.0059
91.7896
110.865
131.74
151.279
169.81
184.807
197.893
207.755
215.273
217.785
221.616
216.563
208.952
199.13
187.135
170.956
154.475
135.744
116.375
95.137
74.5137
55.7494
40.2572
26.8249
15.4319
7.1686
1.67656
0.00728393
1.78563
6.92265
16.0902
26.7997
40.7539
54.4102
72.2163
89.2839
107.199
122.936
137.74
154.415
166.395
176.613
182.362
188.271
191.834
188.271
185.87
178.889
170.892
156.543
143.874
128.735
111.74
95.8996
75.9519
59.6384
44.7059
29.0675
17.1437
7.37904
1.56482
0.0680765
3.13403
12.2272
28.6483
51.3255
81.3576
118.277
160.967
215.273
271.721
336.342
404.41
473.001
545.025
611.372
679.238
741.352
798.861
825.966
871.139
889.08
891.698
881.388
853.381
808.678
753.217
686.119
604.998
505.465
423.66
331.618
244.008
169.81
107.249
57.0311
23.7842
4.11601
0.60129
10.7406
38.6037
75.1888
120.087
173.195
231.971
290.442
345.798
399.034
445.208
480.455
507.221
530.886
536.858
542.864
530.886
511.183
482.273
450.678
416.463
385.415
347.433
302.364
261.765
217.713
184.741
149.068
121.051
94.2353
69.3443
47.6551
31.4547
18.6074
9.38013
3.1254
0.314547
0.317288
2.69315
7.1686
13.1478
19.7607
28.1804
35.4585
43.6041
51.9563
58.3647
63.0374
65.1457
67.2486
69.385
70.0773
68.6557
65.1457
58.9998
53.194
44.7385
37.5504
30.9914
25.0615
17.1639
11.0464
6.05358
2.28567
0.269767
0.150322
1.45693
4.46959
9.65091
16.0902
23.7605
32.921
42.9943
54.4102
64.3999
75.1888
85.2297
95.8996
104.539
111.74
118.224
125.819
128.735
130.734
128.735
126.805
122.936
118.224
112.67
106.342
97.6267
86.8582
76.7189
65.1063
55.0596
45.2947
37.0144
27.6906
20.5268
12.8139
7.15554
2.97213
0.899764
0
0.745137
3.13403
6.93549
12.5361
19.7607
27.2815
36.5117
47.0845
56.3701
67.2486
75.2311
88.5022
96.8092
103.743
111.791
120.14
126.86
126.86
130.79
129.788
127.851
124.945
121.104
114.541
107.249
98.4959
90.1153
78.2644
68.6557
59.676
50.1099
40.2572
30.9914
22.5404
17.1639
11.3401
6.70623
3.60832
1.46283
0.269767
0.00728393
0.362763
0.980125
1.90486
3.1254
3.59906
4.46959
4.83774
4.64659
3.59906
2.41273
1.56482
0.671287
0.0460463
0.119896
0.538719
4.29603
9.12793
14.75
23.7842
33.9361
46.484
59.676
75.9944
95.9474
116.375
130.79
147.05
160.967
170.956
181.245
188.338
189.477
188.338
183.616
167.593
160.967
142.882
123.966
105.489
84.5108
65.1457
45.9205
29.0938
19.0092
8.11176
2.02794
0.0167025
2.41273
8.34961
17.1437
28.6222
42.4206
53.8004
76.7189
89.2839
104.539
114.489
124.89
130.734
134.724
136.712
133.707
129.733
129.733
115.43
101.078
90.904
79.7382
67.2086
54.4102
42.9943
32.921
23.7605
16.8022
11.3237
7.37904
2.68515
1.25819
0.184185
0.0299741
0.42072
1.26366
2.42031
3.60832
4.84847
6.05358
6.27149
6.49325
6.05358
5.43432
4.47991
3.77699
2.42031
1.46283
0.538719
0.119896
0.0460463
0.60129
2.021
3.76752
6.92265
11.0302
15.74
20.9041
26.7997
34.9377
43.5718
51.2906
60.9638
70.0365
75.9519
83.6611
89.2839
97.6267
101.913
108.11
108.11
113.551
111.74
115.43
110.814
109.024
106.342
99.3205
94.2353
90.069
79.7382
72.2163
64.3999
56.3335
48.2291
40.2263
31.4547
25.4783
19.7391
13.7559
9.1132
5.42296
2.68515
0.980125
0.00728393
0.317288
1.67656
3.93984
6.49325
9.92555
15.089
20.1529
25.0615
30.5047
35.4585
45.3276
44.1857
49.4904
52.5557
51.3255
57.696
58.9998
58.9998
58.3647
57.696
54.4462
50.1099
45.9205
41.914
37.5504
32.447
26.3722
20.9264
15.7594
11.0464
7.3923
4.47991
2.15488
0.605077
0.00192653
0.476214
1.90486
4.10612
6.92265
10.7406
15.4128
20.9041
25.0371
30.5047
37.0144
41.3162
46.4508
48.8407
51.9212
56.9943
59.6384
60.3182
60.9638
62.3424
59.6384
58.9624
55.7129
50.0754
47.6551
43.5718
38.0602
32.921
29.0675
23.7605
19.351
14.0834
10.4706
7.15554
3.93016
2.021
0.671287
0.0460463
0.119896
1.07401
2.83913
5.23161
8.11176
11.0464
15.4319
18.6284
25.5029
29.0938
33.9361
38.634
42.4524
45.3276
48.8748
51.3255
53.8361
53.8361
53.8361
53.194
51.3255
49.4904
47.6888
42.4524
39.151
34.4494
29.5692
24.624
20.1529
15.7594
11.9222
8.36371
5.04369
2.69315
1.07401
0.152219
0.06681
0.740933
2.54323
4.64659
6.92265
10.1885
13.7559
17.5091
22.5172
25.9233
31.4547
34.4208
37.5205
41.3162
44.1532
45.2947
47.051
47.6551
48.2291
46.4508
45.8875
43.5718
39.6715
37.5205
34.4208
30.9643
26.3472
22.5172
18.2306
14.7312
10.4706
7.86367
5.03275
3.1254
1.3529
0.476214
0.00728393
0.269767
1.26366
2.69315
5.04369
7.3923
10.4864
13.774
18.6284
21.7373
25.0615
29.0938
33.9361
37.5504
38.634
41.914
44.1857
45.3276
45.9205
46.484
45.3276
43.6041
40.785
39.151
35.9832
32.949
30.0485
25.0615
20.5489
16.464
13.1478
9.66607
6.93549
4.47991
2.15488
0.745137
0.0470988
0.118214
0.818422
2.14772
3.93016
6.04158
9.65091
13.1301
16.8022
19.7391
24.1903
26.7997
30.5047
32.921
35.9539
39.6715
40.2263
41.3162
41.3162
41.3162
39.1205
38.6037
38.0602
33.4266
33.4266
29.5427
26.3472
22.5172
19.7391
16.0902
15.4128
9.65091
6.25928
4.46959
1.90486
1.25819
0.223786
0.0173387
0.42072
1.16691
2.02794
4.29603
6.93549
9.39507
13.1478
16.8222
20.1529
22.1256
25.5029
29.0938
30.5047
35.4585
37.0441
39.151
39.151
39.7022
38.0903
38.0903
38.0903
35.9832
34.9666
30.9914
28.1804
24.2143
20.5489
17.1639
14.1017
11.0464
7.6329
5.43432
3.13403
1.67656
0.479586
0.0173387
0.150322
0.899764
2.41273
3.93016
6.25928
8.60519
11.0302
14.7312
17.5091
21.3074
23.7605
26.7997
29.0675
32.921
33.9077
34.4208
35.4295
35.9539
35.9539
34.4208
33.9077
32.921
30.9643
28.1545
25.9233
22.5172
19.7391
17.1437
13.4501
11.3237
8.34961
5.82774
3.76752
2.021
0.899764
0.150322
0
0.365707
1.07401
2.55101
4.29603
6.05358
8.86464
11.621
13.468
16.8222
20.1529
24.624
25.9481
29.0938
30.5047
31.482
32.949
33.9361
34.9666
35.4585
34.4494
33.4548
30.5047
27.7163
26.3722
24.2143
21.7373
18.6284
19.0092
11.9222
9.12793
6.70623
4.47991
3.29136
1.46283
0.479586
0.0299741
0.118214
0.740933
1.78563
3.28252
5.22046
7.37904
10.1885
12.5189
14.7312
17.5091
19.7391
23.3345
25.0371
26.7997
28.6222
29.5427
29.5427
30.0217
30.0217
30.0217
28.1545
27.256
25.0371
22.5172
20.9041
18.2306
11.9054
13.7559
10.7406
8.34961
6.04158
4.10612
2.83092
1.78563
0.535146
0.00171841
0.00770611
0.42072
1.26366
2.55101
3.77699
5.43432
7.6329
10.204
12.5361
15.089
16.464
18.6284
20.9264
22.9591
25.0615
26.3722
27.7163
28.1804
33.4548
25.9481
27.7163
26.3722
25.0615
23.3581
21.7373
19.3724
16.8222
14.4333
11.3401
8.36371
7.6329
5.43432
4.11601
2.55101
1.16691
0.479586
0.0470988
0.06681
0.476214
1.3529
2.41273
3.93016
5.42296
7.15554
9.91019
12.2102
14.7312
17.1437
18.6074
22.1026
22.1026
24.1903
25.4783
26.3472
25.9233
26.3472
26.3472
25.4783
23.3345
22.1026
21.3074
18.988
16.8022
14.7312
12.5189
11.6044
7.86367
6.48083
4.28593
2.83092
1.56482
0.671287
0.184185
0.00171841
0.0914267
0.984959
1.46283
2.83913
4.29603
6.05358
7.87735
10.204
11.9222
14.4333
16.8222
20.1529
20.9264
22.5404
23.7842
25.5029
25.9481
25.9481
25.5029
25.5029
25.0615
22.1256
22.5404
20.5489
19.3724
16.464
14.4333
12.2272
10.204
8.36371
6.05358
5.83952
2.98055
1.46283
0.984959
0.226099
0.00171841
0.184185
0.899764
1.78563
3.1254
4.46959
6.69361
8.60519
10.1885
12.2102
14.4147
16.4443
18.2306
19.7391
22.1026
23.7605
23.3345
22.9357
23.3345
23.3345
22.1026
21.3074
20.5268
20.131
17.8784
15.74
13.7559
11.9054
9.91019
8.60519
6.25928
4.83774
3.43445
1.78563
0.818422
0.362763
0
0.0914267
0.538719
1.26366
2.02794
3.44349
5.43432
6.93549
8.86464
11.0464
12.8314
14.4333
16.8222
17.899
19.7607
21.3299
22.5404
22.5404
23.3581
23.3581
22.5404
22.5404
20.9264
19.7607
18.6284
17.1639
15.089
12.8314
11.0464
8.86464
8.86464
5.04369
3.93984
2.28567
1.35858
0.365707
0.0914267
0.0291357
0.223786
0.980125
1.67025
2.83092
4.28593
5.62931
7.61943
9.1132
11.0302
13.1301
14.7312
16.0902
17.8784
17.8784
18.6074
21.7146
20.5268
20.5268
19.7391
19.7391
18.6074
16.8022
16.8022
15.74
14.0834
11.9054
10.1885
9.38013
6.69361
5.42296
3.93016
2.83092
1.67025
0.980125
0.26724
0.0291357
0.0680765
0.42072
1.07401
1.79215
2.83913
4.29603
5.83952
7.1686
9.39507
10.7566
12.5361
13.468
14.1017
16.1098
19.0092
18.6284
19.3724
20.1529
20.1529
19.7607
19.3724
19.3724
17.899
16.1098
15.089
12.5361
11.621
10.204
8.36371
6.49325
4.65711
3.44349
2.28567
1.16691
0.538719
0.152219
0.00171841
0.089958
0.60129
1.3529
2.41273
3.43445
4.64659
6.04158
7.61943
9.65091
10.7406
13.4501
13.7559
16.0902
16.4443
17.8784
17.8784
18.2306
18.988
18.6074
17.1437
16.4443
16.8022
14.7312
13.7559
12.5189
11.0302
9.38013
8.09788
6.48083
5.03275
3.43445
2.41273
1.45693
0.671287
0.184185
0.00728393
0.0173387
0.538719
0.904396
1.79215
3.60832
3.93984
5.23161
6.49325
8.36371
9.66607
11.3401
13.468
14.75
16.1098
17.1639
17.899
19.0092
18.2515
19.3724
19.3724
18.6284
17.899
16.464
15.7594
14.4333
13.1478
11.3401
9.92555
8.11176
6.49325
4.84847
3.44349
2.15488
1.35858
2.02794
0.226099
0.0173387
0.06681
0.476214
1.06896
1.90486
2.83092
3.93016
5.42296
7.61943
8.09788
9.91019
11.3237
12.5189
14.4147
15.4128
16.4443
15.74
17.5091
17.5091
17.8784
17.8784
16.8022
16.4443
15.0701
13.7559
12.5189
11.9054
9.91019
8.85013
6.92265
5.22046
4.10612
2.83092
1.90486
1.06896
0.60129
0.150322
0
0.152219
0.479586
1.07401
1.79215
2.98055
4.11601
5.43432
6.93549
8.11176
9.66607
11.0464
12.5361
12.8314
14.4333
15.4319
16.1098
15.7594
16.1098
16.1098
15.4319
15.089
14.1017
13.468
12.5361
11.0464
9.66607
8.11176
6.70623
5.23161
3.93984
2.98055
2.15488
0.984959
0.42072
0.186284
0.00728393
0.118214
0.476214
1.06896
1.67025
2.54323
3.76752
5.03275
6.25928
7.61943
9.1132
9.91019
11.3237
12.5189
13.1301
14.0834
14.4147
14.7312
14.4147
15.0701
14.4147
13.7559
12.8139
12.5189
11.0302
9.91019
8.85013
8.09788
5.82774
5.22046
4.10612
2.83092
2.021
1.45693
0.60129
0.184185
0.00728393
0.0470988
0.269767
0.745137
1.35858
2.15488
2.98055
4.11601
5.64089
6.70623
8.11176
9.12793
11.0464
11.621
12.8314
14.1017
14.1017
15.089
15.7594
15.089
15.4319
14.4333
14.1017
13.468
12.2272
10.7566
10.204
8.6195
7.87735
6.49325
5.23161
3.93984
2.83913
1.91159
1.07401
0.605077
0.226099
0.0914267
0.0291357
0.26724
0.671287
1.25819
2.41273
2.97213
4.10612
5.22046
6.04158
7.37904
7.86367
9.91019
10.7406
11.6044
12.2102
13.1301
13.4501
13.4501
13.7559
13.7559
13.4501
12.5189
11.6044
10.7406
9.65091
8.85013
7.61943
6.48083
5.42296
4.28593
3.1254
2.41273
1.56482
0.980125
0.476214
0.150322
0.00728393
0.0470988
0.269767
0.675289
1.07401
1.79215
2.98055
4.11601
5.04369
6.05358
7.1686
7.87735
9.39507
10.204
10.7566
11.621
12.2272
12.8314
12.2272
12.5361
12.5361
12.5361
11.0464
10.7566
9.39507
8.6195
8.11176
6.93549
5.83952
4.84847
3.44349
2.55101
1.79215
1.35858
0.538719
0.186284
0.00770611
0.0291357
0.223786
0.671287
1.16165
1.78563
2.54323
3.76752
4.83774
5.62931
6.48083
7.61943
8.60519
9.65091
10.1885
11.0302
11.3237
11.6044
11.6044
11.6044
11.3237
11.3237
10.4706
9.91019
9.1132
8.34961
7.61943
6.25928
5.42296
4.46959
3.43445
2.68515
1.90486
1.16165
0.60129
0.26724
0.06681
0.00770611
0.152219
0.605077
0.82284
1.67656
2.42031
3.60832
4.47991
5.64089
6.70623
8.11176
9.39507
9.92555
11.3401
11.621
13.1478
13.774
14.1017
14.1017
14.4333
14.1017
16.464
14.1017
13.774
12.8314
11.621
11.3401
11.3401
9.12793
8.6195
6.70623
8.11176
5.43432
4.65711
3.44349
2.98055
2.42031
2.55101
1.57093
1.07401
1.07401
0.904396
0.675289
0.745137
0.82284
0.984959
1.07401
1.46283
2.28567
3.13403
4.29603
6.05358
9.12793
12.8314
17.5295
24.624
31.9765
43.0263
55.0959
70.8141
87.6783
109.075
128.79
154.475
177.782
204.046
230.71
256.271
278.923
300.924
319.127
333.218
341.099
341.099
333.218
323.761
308.415
287.623
259.089
229.452
193.052
159.855
122.019
90.9505
61.0019
37.0441
17.899
5.23161
0.119896
2.2783
11.6044
27.256
48.2291
75.1888
107.199
141.776
175.448
211.426
246.681
275.917
306.875
336.252
357.136
388.774
392.243
400.789
404.311
402.548
393.887
390.506
376.941
362.037
345.798
323.673
303.807
281.699
257.6
228.051
206.422
176.613
162.021
139.751
118.224
97.6267
78.2213
59.6384
45.8875
32.921
22.5172
13.7559
7.15554
2.68515
0.417562
0.152219
1.67656
4.47991
8.36371
14.1017
19.7607
27.7163
35.4585
43.0263
49.4904
57.0311
61.0019
66.5307
70.8141
75.2311
76.7616
76.7616
75.2311
71.5547
68.6557
63.7363
58.9998
51.9563
45.9205
38.0903
31.9765
24.2143
17.899
12.8314
8.11176
4.29603
1.67656
0.269767
0.118214
1.3529
3.59906
7.37904
11.6044
15.74
22.1026
27.6906
34.9377
40.7539
46.4508
51.9212
56.3335
60.9638
62.9987
65.777
67.2086
67.2086
65.777
63.6974
59.6384
54.4102
49.4561
44.1532
37.0144
30.9643
24.1903
17.5091
11.0302
5.82774
2.14772
0.314547
0.186284
2.42031
7.87735
16.464
30.0485
44.7385
65.1457
89.3299
110.865
148.117
182.428
219.082
253.546
293.525
331.618
365.478
404.41
428.997
452.544
471.094
480.562
480.562
473.001
459.94
436.199
406.078
367.065
325.342
281.781
232.045
185.936
140.848
99.3691
63.7363
36.5117
15.7594
3.44349
0.0291357
4.64659
17.5091
37.0144
62.3424
90.904
121.051
154.415
185.87
216.491
242.638
267.397
284.571
297.886
302.364
306.875
303.807
296.373
284.571
270.195
250.758
229.378
210.152
189.41
164.201
143.874
122.936
101.913
83.6611
66.4909
51.9212
39.6715
28.6222
19.351
12.5189
7.37904
2.97213
1.06896
0.0291357
0.269767
1.07401
2.83913
5.23161
7.6329
9.92555
12.8314
15.089
16.464
18.2515
19.0092
18.6284
19.0092
19.0092
17.5295
15.7594
13.468
11.3401
9.39507
7.3923
5.23161
3.29136
1.91159
0.605077
0.0470988
0.089958
1.06896
1.78563
4.10612
6.25928
9.1132
12.2102
17.1437
20.9041
25.4783
28.1545
31.9489
36.4822
38.6037
41.8824
45.2947
47.6551
48.2291
47.6551
47.6551
47.6551
45.8875
43.5718
40.7539
38.0602
34.4208
30.5047
27.256
22.5172
19.351
15.0701
11.3237
8.34961
5.62931
3.28252
1.45693
0.362763
0
0.317288
1.67656
3.29136
5.83952
9.12793
13.774
19.0092
24.2143
29.5692
34.9666
41.914
48.263
55.7494
62.3809
69.385
75.2311
80.5677
86.9037
91.7896
97.6748
101.127
104.589
108.16
108.16
109.943
109.943
108.16
109.075
106.392
102.851
100.246
97.6748
91.7896
90.1153
84.5108
79.0429
74.5137
68.6557
63.0374
58.3647
53.194
48.263
44.7385
45.9205
34.9666
31.482
28.1804
25.0615
21.7373
19.0092
16.1098
13.468
12.2272
9.66607
9.39507
7.3923
6.49325
5.43432
4.29603
3.29136
2.83913
0.984959
1.35858
1.16691
0.479586
0.226099
0.0299741
0.0167025
0.184185
0.535146
1.16165
1.25819
3.28252
3.93016
6.04158
8.09788
10.4706
13.1301
16.8022
19.7391
23.3345
30.9643
31.9489
37.0144
43.5718
48.2291
53.8004
58.3275
64.3999
70.0365
76.7189
83.6611
82.8601
88.4563
91.7429
96.7612
98.4475
100.197
101.913
103.693
103.693
102.801
101.913
101.078
96.7612
95.8996
90.904
86.042
82.1071
77.4468
71.5134
66.4909
59.6384
52.5203
47.6551
41.8824
35.9539
30.0217
25.4783
20.9041
15.4128
11.9054
8.09788
5.62931
3.43445
2.021
0.671287
0.118214
0.0470988
0.42072
1.57093
2.55101
4.11601
6.05358
7.87735
9.92555
12.8314
14.4333
16.8222
18.2515
19.7607
20.5489
20.5489
22.1256
22.1256
21.7373
21.7373
20.9264
19.7607
17.899
15.7594
14.75
12.5361
10.4864
8.6195
6.49325
4.84847
3.29136
2.02794
1.07401
0.317288
0.0173387
0.089958
0.362763
0.899764
2.021
3.28252
4.64659
6.48083
7.86367
9.91019
11.6044
13.1301
14.4147
15.4128
17.8784
17.8784
18.2306
18.2306
17.8784
17.1437
16.0902
14.7312
13.4501
11.9054
9.65091
7.86367
6.04158
4.10612
2.68515
1.25819
0.417562
0.00728393
0.226099
0.984959
2.83913
5.23161
9.39507
14.1017
19.7607
27.2815
33.4548
44.1857
53.8361
65.8166
79.0429
90.9505
105.489
119.18
135.744
147.05
159.855
170.956
187.135
194.274
206.492
212.776
217.785
215.273
211.497
210.223
201.546
194.274
181.245
164.263
150.202
130.79
112.721
96.8092
79.0429
63.0374
47.6888
30.5047
22.5404
13.468
6.93549
2.42031
0.365707
0.150322
1.67025
4.46959
8.09788
12.8139
15.74
19.7391
23.7605
26.7997
28.6222
29.0675
29.0675
27.6906
25.9233
23.7605
21.7146
18.6074
15.0701
12.2102
9.38013
6.04158
5.03275
3.28252
2.14772
1.16165
0.417562
0.223786
0.06681
0.00728393
0.00192653
0.00770611
0.00192653
0
0.0167025
0.150322
0.362763
0.980125
1.67025
2.83092
4.83774
7.15554
10.4706
14.7312
18.6074
23.7605
30.5047
38.0602
45.8875
52.5203
61.6512
70.0365
78.2213
87.6326
95.0895
103.693
109.892
118.224
122.936
129.733
134.724
133.707
134.724
138.715
133.707
128.735
126.805
119.127
116.322
107.199
100.197
91.7429
82.8601
74.4716
65.777
55.0596
47.6551
38.6037
30.0217
23.7605
17.1437
11.9054
7.37904
3.59906
1.3529
0.184185
0.0914267
0.984959
2.69315
5.43432
8.86464
13.468
18.2515
22.5404
26.8249
32.447
37.5504
43.0263
48.263
50.6985
53.8361
56.3701
55.7494
57.696
56.3701
55.7494
52.5557
50.1099
45.9205
41.3476
36.5117
30.9914
26.8249
20.9264
16.464
11.9222
7.87735
5.04369
2.28567
0.745137
0.0173387
0.362763
1.67025
2.2783
6.04158
9.91019
14.0834
17.8784
24.1903
29.5427
34.4208
39.1205
42.4206
48.8407
50.6638
55.0596
57.659
58.9624
58.9624
59.6384
56.3335
55.7129
54.4102
53.8004
45.8875
42.4206
38.6037
32.921
28.6222
23.3345
18.988
14.4147
10.1885
5.82774
4.46959
1.90486
0.671287
0.0291357
0.269767
1.35858
2.98055
5.43432
8.6195
11.621
15.7594
21.3299
25.5029
30.5047
34.4494
39.151
43.0263
47.6888
51.3255
52.5557
53.8361
55.7494
55.0959
55.0959
53.8361
51.3255
47.0845
44.1857
40.2572
34.4494
30.5047
25.9481
21.7373
16.8222
11.9222
7.3923
4.84847
2.42031
0.904396
0.119896
0.0291357
0.899764
2.2783
4.83774
7.37904
10.4706
15.4128
18.988
22.9357
27.6906
32.4193
35.4295
39.1205
42.9943
47.051
48.2291
50.0754
50.6638
50.0754
50.6638
48.8407
46.4508
43.5718
40.2263
37.5205
32.4193
29.0675
25.0371
21.3074
16.4443
13.1301
9.65091
6.69361
4.10612
2.021
0.740933
0.06681
0.119896
0.904396
2.28567
4.47991
6.93549
9.66607
13.1478
16.8222
21.7373
25.5029
29.5692
32.949
37.0441
39.7022
42.4524
45.3276
47.0845
48.8748
47.6888
47.0845
45.9205
43.6041
42.4524
38.634
35.4585
30.9914
26.8249
22.9591
19.0092
15.7594
11.621
7.87735
4.84847
2.28567
1.16691
0.317288
0
0.362763
1.56482
3.28252
6.25928
8.09788
11.0302
14.4147
18.988
22.1026
26.3472
30.5047
33.4266
35.4295
37.5205
39.6715
40.7539
46.4508
42.9943
42.9943
40.7539
38.6037
37.5205
34.4208
30.9643
28.1545
25.0371
22.1026
18.2306
14.4147
11.0302
8.34961
6.04158
3.59906
1.78563
0.60129
0.06681
0.186284
0.605077
1.67656
3.77699
5.64089
8.36371
11.3401
14.1017
17.5295
20.9264
22.5404
28.6483
31.9765
33.9361
37.5504
37.5504
39.7022
40.785
39.151
41.914
40.2572
37.5504
35.4585
33.4548
30.5047
28.6483
23.7842
20.5489
16.8222
12.8314
9.12793
7.1686
4.84847
2.98055
1.26366
0.317288
0.00728393
0.314547
1.16165
2.54323
4.46959
6.92265
9.91019
12.8139
16.0902
18.6074
22.1026
25.4783
28.6222
31.4547
33.9077
34.9377
37.0144
37.0144
38.6037
37.5205
37.5205
35.9539
34.4208
30.0217
28.6222
26.7997
23.3345
20.131
17.5091
13.4501
10.7406
7.61943
5.42296
3.93016
1.90486
0.818422
0.118214
0.0914267
0.538719
1.35858
2.69315
4.84847
7.3923
10.204
12.8314
16.464
19.0092
22.1256
24.624
28.1804
30.5047
32.447
34.4494
34.9666
36.5117
36.5117
38.0903
35.9832
34.4494
32.447
29.5692
27.2815
25.0615
21.7373
18.6284
14.75
11.9222
8.86464
6.49325
4.47991
2.55101
1.07401
0.226099
0.00171841
0.417562
1.16165
2.2783
3.93016
6.04158
8.60519
11.6044
14.0834
18.988
20.5268
22.5172
25.0371
27.256
30.0217
31.4547
33.4266
31.9489
32.921
32.4193
32.4193
31.4547
30.0217
28.1545
25.0371
22.9357
20.131
17.1437
14.7312
13.7559
8.85013
6.48083
4.28593
2.68515
1.45693
0.476214
0.0460463
0.119896
0.745137
1.07401
3.29136
5.04369
6.70623
9.92555
12.8314
15.7594
18.6284
20.9264
24.2143
26.3722
29.0938
30.9914
32.949
33.9361
33.9361
34.4494
33.9361
32.949
31.9765
28.6483
27.2815
24.2143
22.1256
18.2515
16.464
13.468
10.7566
7.6329
5.43432
3.44349
1.79215
0.82284
0.152219
0.0167025
0.362763
1.25819
2.54323
4.64659
6.48083
9.1132
11.9054
14.0834
16.8022
19.351
22.5172
24.5998
26.7997
28.6222
30.0217
31.9489
32.4193
31.9489
31.4547
30.5047
29.0675
27.6906
25.9233
23.7605
20.9041
17.8784
15.4128
12.8139
10.4706
8.09788
5.82774
3.93016
2.41273
1.3529
0.362763
0.0167025
0.152219
0.538719
1.57093
3.13403
5.04369
6.70623
9.12793
12.2272
14.75
17.1639
20.1529
22.1256
24.624
26.3722
28.1804
29.0938
30.0485
30.9914
31.482
30.9914
29.0938
28.6483
25.9481
24.2143
22.1256
19.3724
16.8222
13.468
11.3401
8.86464
6.27149
4.65711
2.83913
1.35858
0.479586
0.0299741
0.089958
0.535146
1.56482
2.68515
4.28593
6.48083
8.34961
10.7406
13.1301
15.74
17.8784
20.5268
22.5172
24.1903
25.9233
26.7997
27.256
27.6906
27.6906
27.256
26.3472
25.0371
22.5172
21.7146
20.131
17.5091
15.0701
13.1301
10.7406
8.09788
6.04158
4.10612
2.68515
1.56482
1.25819
0.150322
0.0173387
0.269767
0.984959
1.79215
3.29136
5.04369
6.93549
9.12793
10.204
13.468
16.464
18.2515
20.5489
22.1256
23.7842
25.5029
26.8249
26.8249
30.0485
27.2815
26.3722
25.9481
25.5029
23.3581
20.9264
19.3724
16.8222
14.4333
11.3401
10.204
7.87735
5.64089
3.77699
2.28567
1.16691
0.42072
0.0914267
0.089958
0.476214
1.25819
2.54323
3.93016
5.62931
7.37904
9.91019
13.1301
14.7312
16.0902
17.8784
19.7391
21.7146
22.9357
23.7605
24.5998
25.4783
25.4783
25.0371
24.1903
22.9357
21.3074
19.351
17.8784
16.0902
13.7559
11.6044
9.91019
8.09788
5.62931
3.76752
2.54323
1.3529
0.60129
0.118214
0.00770611
0.186284
0.984959
1.91159
3.13403
4.47991
6.49325
8.6195
10.204
12.8314
14.75
17.1639
19.3724
20.5489
22.1256
22.5404
24.2143
24.2143
24.2143
24.624
24.2143
22.9591
21.3299
20.1529
18.2515
16.464
14.4333
11.9222
9.92555
7.6329
6.05358
4.29603
2.69315
1.67656
0.605077
0.152219
0.00728393
0.118214
0.671287
1.56482
2.83092
4.64659
6.04158
7.86367
9.38013
11.3237
13.4501
15.4128
16.8022
18.988
20.5268
21.7146
21.3074
22.9357
21.7146
22.1026
22.1026
20.5268
20.5268
18.988
17.1437
16.4443
13.4501
15.0701
9.65091
7.86367
6.48083
4.83774
3.28252
1.78563
0.980125
0.314547
0.0291357
0.0470988
0.317288
0.904396
1.79215
3.13403
4.84847
6.05358
8.11176
10.4864
11.621
12.5361
14.75
17.899
19.3724
20.5489
21.7373
22.5404
22.9591
24.624
23.3581
20.5489
21.3299
20.5489
18.6284
17.899
15.7594
13.774
10.7566
9.66607
7.87735
5.83952
4.29603
2.98055
1.79215
0.745137
0.226099
0.00192653
0.118214
0.535146
1.3529
1.90486
3.76752
4.64659
6.48083
7.37904
10.1885
11.9054
13.7559
15.0701
17.1437
17.5091
19.351
20.131
20.131
20.131
20.5268
20.5268
19.351
18.6074
17.8784
16.0902
14.7312
12.2102
11.0302
9.1132
7.86367
5.62931
4.28593
2.54323
1.56482
0.899764
0.362763
0.0167025
0.0173387
0.269767
0.82284
1.67656
2.69315
2.98055
5.04369
6.70623
8.86464
10.4864
12.2272
13.774
15.4319
16.8222
18.6284
17.1639
16.8222
20.1529
19.7607
19.7607
19.3724
19.3724
18.2515
17.1639
15.4319
13.1478
13.1478
10.204
8.86464
7.1686
5.23161
3.93984
2.28567
1.46283
0.605077
0.226099
0.00192653
0.118214
0.671287
1.45693
2.2783
3.59906
5.03275
6.25928
8.09788
9.91019
11.6044
13.4501
14.4147
16.4443
18.2306
17.8784
19.7391
19.7391
20.131
19.7391
21.3074
18.988
17.8784
16.8022
16.4443
14.4147
12.2102
11.0302
9.1132
7.15554
6.25928
4.46959
4.83774
2.41273
1.06896
0.362763
0.118214
0.00770611
0.186284
0.605077
1.67656
2.42031
3.93984
5.43432
6.70623
8.11176
9.92555
11.3401
13.1478
15.4319
16.1098
17.1639
16.464
19.7607
19.3724
19.7607
19.3724
19.3724
18.6284
17.5295
16.1098
15.089
11.621
11.9222
10.204
8.11176
7.1686
5.23161
3.77699
2.83913
1.46283
0.745137
0.269767
0.0173387
0.0291357
0.362763
1.16165
1.67025
2.54323
3.76752
5.03275
6.48083
8.34961
9.91019
11.3237
14.7312
14.0834
14.7312
15.74
16.4443
17.1437
17.1437
16.8022
17.1437
16.8022
15.4128
15.0701
13.1301
14.4147
10.7406
9.38013
7.61943
6.25928
4.83774
3.28252
2.41273
1.45693
0.899764
0.184185
0.00728393
0.0680765
0.365707
0.984959
2.02794
2.98055
4.29603
5.83952
7.3923
9.39507
11.3401
12.5361
14.4333
16.464
17.899
19.3724
20.5489
21.3299
22.1256
23.3581
22.9591
21.7373
21.7373
21.3299
19.7607
18.6284
17.5295
16.464
14.75
12.5361
11.621
9.92555
8.6195
7.1686
5.64089
4.65711
3.77699
2.83913
2.15488
1.57093
1.26366
0.984959
0.984959
0.675289
0.538719
0.745137
0.605077
1.07401
1.35858
2.15488
2.69315
4.11601
6.05358
8.6195
12.5361
17.5295
24.624
31.9765
40.785
51.9563
65.8166
81.3576
98.4959
118.277
137.798
157.704
178.954
199.13
220.383
233.384
253.546
264.693
273.17
275.998
273.17
267.477
257.678
244.008
224.237
202.794
170.956
145.988
118.277
92.6326
67.2486
45.9205
26.8249
12.8314
4.11601
0.186284
1.3529
6.92265
16.4443
31.4547
48.2291
67.2086
86.042
107.199
124.89
146.991
160.905
175.448
184.741
194.206
197.824
199.061
199.061
194.206
188.271
180.065
168.668
155.447
145.929
133.707
121.051
108.11
95.0895
82.8601
72.9642
62.3424
52.5203
44.7059
36.4822
30.5047
23.7605
18.988
14.7312
11.3237
8.60519
6.25928
4.83774
3.1254
2.14772
1.56482
0.899764
0.60129
0.476214
0.26724
0.184185
0.184185
0.150322
0.118214
0.184185
0.314547
0.26724
0.535146
0.818422
1.06896
1.45693
3.1254
2.54323
3.43445
4.28593
5.42296
6.48083
7.61943
8.09788
9.38013
11.3237
11.9054
13.4501
14.4147
15.0701
16.4443
17.1437
18.2306
17.8784
18.6074
17.8784
18.2306
17.1437
18.988
16.0902
15.74
14.4147
13.7559
12.2102
11.0302
9.1132
8.09788
6.48083
5.42296
4.64659
3.1254
2.021
1.45693
1.67025
0.314547
0.0460463
0.0173387
0.226099
0.538719
1.07401
1.91159
2.69315
3.77699
5.04369
6.05358
7.1686
8.11176
10.204
10.7566
11.9222
12.8314
13.468
14.1017
15.089
15.089
15.089
14.75
15.089
15.089
14.1017
12.5361
11.3401
10.4864
9.12793
8.36371
7.1686
6.49325
4.65711
3.60832
3.29136
2.42031
1.79215
1.16691
0.675289
0.42072
0.226099
0.0914267
0.0470988
0
0.118214
0.0167025
0.0291357
0.0167025
0.00728393
0.00728393
0.00192653
0.0299741
0.152219
0.538719
0.538719
1.79215
3.13403
4.29603
6.49325
9.39507
13.1478
17.1639
22.5404
27.7163
37.0441
44.1857
49.4904
59.676
67.9302
79.0429
87.6783
95.137
103.743
112.721
117.324
122.99
124.945
125.873
128.79
124.945
121.104
115.482
108.16
96.8092
86.0873
76.7616
65.8166
53.194
41.3476
30.5047
22.9591
15.089
9.12793
4.11601
1.46283
0.0680765
0.362763
1.90486
4.28593
7.61943
11.3237
15.0701
19.351
21.7146
24.5998
26.7997
28.1545
28.1545
26.7997
25.4783
24.1903
19.7391
15.4128
14.4147
11.9054
9.38013
6.69361
4.64659
2.97213
1.56482
0.740933
0.184185
0.0173387
0.0914267
0.269767
0.538719
0.745137
0.904396
0.984959
0.984959
1.07401
0.82284
0.42072
0.152219
0.00770611
0.089958
0.417562
1.25819
2.54323
4.28593
7.15554
10.4706
14.0834
19.7391
24.1903
30.0217
35.9539
43.5718
51.9212
59.6384
67.89
73.716
82.1071
86.042
93.3851
98.4475
103.693
106.342
109.024
110.814
110.814
109.024
106.342
103.693
101.078
95.8996
90.069
83.6611
76.7189
70.0365
62.9987
55.7129
47.6551
40.7539
34.4208
26.7997
20.9041
15.74
11.0302
7.15554
4.10612
2.14772
0.980125
0.0460463
0.269767
1.26366
2.83913
4.84847
7.3923
10.4864
13.468
17.1639
20.5489
23.3581
26.8249
29.0938
31.482
33.4548
34.9666
35.4585
35.9832
35.4585
33.4548
32.447
29.5692
26.8249
24.2143
21.3299
17.899
14.1017
11.9222
8.86464
6.27149
3.60832
1.79215
0.605077
0.0299741
0.089958
0.818422
2.2783
4.10612
6.25928
9.38013
12.8139
16.0902
19.7391
23.3345
26.3472
30.9643
34.4208
37.5205
39.6715
41.3162
41.8824
42.4206
42.9943
42.9943
41.8824
39.6715
38.0602
34.9377
31.4547
29.0675
25.9233
20.9041
18.2306
14.0834
10.7406
7.37904
5.22046
3.1254
1.56482
0.476214
0.0167025
0.226099
0.984959
2.42031
4.11601
6.93549
9.39507
13.774
16.464
19.7607
23.7842
27.2815
30.9914
34.4494
37.0441
39.7022
41.914
48.263
44.7385
45.9205
45.3276
44.7385
42.4524
40.785
38.634
35.4585
31.9765
25.5029
25.5029
21.7373
17.5295
14.1017
10.4864
7.3923
4.84847
2.83913
1.57093
0.479586
0.00770611
0.184185
0.671287
1.90486
3.43445
5.42296
7.15554
9.65091
11.3237
13.4501
16.4443
17.8784
18.6074
20.131
20.9041
21.3074
20.5268
19.351
19.351
16.8022
15.0701
13.1301
11.3237
8.85013
6.48083
4.46959
2.83092
1.25819
0.417562
0.00770611
0.226099
1.57093
3.29136
6.05358
9.92555
14.4333
19.3724
25.9481
31.9765
40.785
48.263
57.0311
64.4391
72.2578
80.5677
88.5022
94.2827
100.246
106.392
111.791
109.075
111.791
111.791
112.721
108.16
105.489
98.4959
90.1153
81.3576
75.9944
64.4391
57.0311
47.0845
39.151
30.5047
22.9591
16.464
11.0464
6.93549
3.44349
0.605077
0.186284
0.06681
0.60129
1.67025
3.28252
4.83774
6.48083
8.09788
10.1885
9.91019
10.1885
9.65091
8.60519
7.37904
6.04158
4.10612
2.54323
1.06896
0.184185
0.0470988
0.745137
1.91159
4.65711
8.11176
12.5361
17.899
23.3581
29.0938
33.4548
40.785
47.0845
52.5557
55.7494
58.9998
61.0019
59.676
57.696
55.7494
50.1099
45.9205
39.7022
33.9361
27.7163
21.7373
15.4319
9.92555
6.05358
2.55101
0.605077
0.00770611
0.314547
1.25819
5.22046
7.86367
11.6044
15.74
18.2306
22.1026
25.4783
28.6222
29.5427
30.0217
28.1545
26.3472
24.5998
21.7146
17.5091
15.4128
10.4706
8.09788
4.10612
1.90486
0.535146
0.00171841
0.42072
1.67656
3.77699
6.27149
9.39507
11.621
16.1098
19.3724
22.5404
25.0615
25.5029
26.8249
25.5029
25.0615
23.7842
20.9264
18.2515
14.4333
10.4864
7.6329
4.47991
2.02794
0.605077
0.00770611
0.314547
1.25819
4.28593
7.61943
11.3237
16.0902
20.9041
26.7997
31.4547
37.5205
40.7539
44.1532
45.8875
47.6551
48.8407
48.2291
45.8875
44.1532
38.6037
35.9539
30.0217
25.9233
20.5268
16.4443
11.9054
7.61943
4.28593
2.021
0.740933
0.089958
0.119896
1.07401
2.55101
4.29603
6.93549
8.86464
11.0464
13.468
15.089
16.8222
17.899
18.2515
17.5295
16.8222
15.4319
12.8314
11.0464
8.6195
6.49325
4.47991
2.55101
1.07401
0.269767
0.00171841
0.417562
1.78563
4.64659
6.25928
9.38013
13.7559
17.8784
22.5172
26.7997
32.4193
37.0144
40.2263
42.9943
45.2947
48.8407
51.2906
51.2906
50.0754
48.8407
47.051
44.7059
41.3162
38.0602
33.9077
29.0675
24.1903
19.351
15.74
11.6044
8.34961
5.22046
3.1254
1.45693
0.314547
0.0291357
0.152219
1.07401
2.02794
3.93984
5.83952
8.36371
10.204
12.2272
14.75
16.1098
17.899
18.6284
19.7607
19.3724
18.6284
17.5295
16.464
14.75
13.1478
11.0464
9.39507
6.70623
4.29603
2.98055
1.57093
0.605077
0.0680765
0.06681
0.60129
1.67025
1.90486
5.42296
7.37904
10.4706
13.4501
15.74
18.988
22.5172
25.0371
27.256
31.4547
33.4266
33.4266
33.4266
33.9077
33.9077
32.921
32.4193
30.0217
28.6222
25.0371
22.5172
19.7391
17.1437
13.7559
10.7406
8.34961
6.04158
3.93016
1.90486
0.818422
0.223786
0.00192653
0.317288
1.07401
2.28567
3.93984
6.05358
8.36371
10.7566
13.1478
16.1098
18.2515
20.5489
21.7373
23.3581
25.0615
26.3722
25.9481
25.0615
25.0615
21.3299
20.5489
19.0092
17.5295
15.4319
12.5361
9.66607
7.6329
5.04369
3.44349
2.28567
0.984959
0.317288
0.00192653
0.223786
0.899764
1.78563
2.83092
4.46959
4.83774
8.85013
11.0302
12.8139
14.7312
16.0902
17.1437
17.8784
20.9041
21.7146
22.1026
21.7146
20.131
18.988
18.2306
17.1437
16.0902
14.0834
11.3237
8.60519
6.69361
5.22046
3.93016
2.2783
0.899764
0.314547
0
0.226099
0.82284
1.67656
3.44349
5.23161
7.87735
10.7566
13.468
16.1098
19.3724
20.9264
23.7842
26.8249
28.6483
30.9914
30.5047
30.9914
30.9914
31.9765
30.9914
29.0938
27.2815
25.5029
21.7373
19.3724
16.464
13.468
10.7566
7.87735
5.23161
3.44349
1.79215
1.07401
0.317288
0.00192653
0.223786
0.740933
1.67025
2.68515
4.10612
5.42296
6.92265
9.1132
9.91019
12.2102
11.9054
12.8139
13.1301
13.4501
11.6044
11.6044
10.7406
9.1132
8.09788
5.82774
5.62931
3.76752
2.83092
1.16165
0.362763
0.0460463
0.0299741
0.365707
1.26366
2.28567
5.43432
7.6329
9.92555
12.5361
15.4319
19.0092
23.3581
26.8249
29.5692
30.5047
33.4548
33.9361
35.4585
37.0441
38.0903
37.0441
32.949
30.5047
27.7163
25.9481
24.624
21.3299
17.5295
12.8314
9.12793
6.70623
4.84847
3.44349
1.91159
0.605077
0.0470988
0.118214
0.476214
0.899764
1.45693
2.14772
3.28252
4.83774
5.62931
6.48083
6.25928
6.25928
5.82774
6.25928
6.48083
5.42296
4.28593
2.83092
1.16165
0.671287
0.26724
0.0291357
0.0680765
0.745137
2.15488
4.29603
5.83952
8.36371
9.66607
12.8314
16.8222
21.3299
25.0615
27.2815
28.1804
29.0938
30.5047
30.5047
33.9361
32.447
31.482
28.1804
24.2143
22.1256
19.3724
16.464
13.1478
8.11176
6.49325
3.77699
2.28567
0.984959
0.186284
0.0460463
0.476214
1.3529
2.54323
4.10612
5.62931
6.69361
8.85013
10.4706
11.6044
11.6044
11.3237
11.0302
9.91019
9.1132
7.61943
6.04158
4.46959
2.97213
1.56482
0.535146
0.089958
0.0173387
0.42072
0.745137
2.42031
3.77699
5.04369
7.1686
8.86464
10.7566
12.5361
14.1017
14.1017
13.468
12.8314
12.5361
11.621
10.7566
8.86464
6.70623
4.29603
2.55101
1.26366
0.317288
0.0680765
0.150322
0.980125
2.41273
5.03275
7.37904
10.1885
13.7559
17.1437
20.131
24.1903
29.5427
33.4266
34.4208
36.4822
38.0602
38.6037
39.1205
38.0602
38.6037
35.4295
33.4266
30.5047
27.6906
24.5998
21.3074
18.6074
14.7312
11.9054
9.91019
8.09788
5.62931
3.76752
2.41273
1.45693
0.60129
0.417562
0.184185
0.0291357
0.00192653
0.0173387
0.0914267
0.0914267
0.0914267
0.0914267
0.0680765
0.0299741
0
0.0291357
0.223786
0.476214
0.980125
1.90486
2.83092
4.10612
5.62931
8.09788
11.0302
14.0834
15.74
18.988
22.9357
26.7997
31.4547
34.4208
39.6715
42.9943
46.4508
48.8407
51.9212
54.4102
58.3275
60.3182
60.9638
60.3182
60.3182
60.9638
59.6384
56.9943
55.0596
51.9212
49.4561
47.051
42.9943
39.6715
37.0144
32.921
29.0675
25.0371
20.9041
17.8784
14.7312
11.9054
8.34961
6.48083
4.46959
2.68515
1.45693
0.740933
0.314547
0.00728393
0.152219
0.675289
1.35858
2.02794
3.13403
3.93984
5.23161
6.70623
8.11176
9.12793
10.204
10.7566
10.7566
10.7566
10.4864
11.621
11.0464
10.4864
8.86464
8.6195
7.1686
6.27149
5.04369
4.29603
3.44349
2.42031
1.26366
0.479586
0.186284
0.0173387
0.0291357
0.417562
0.671287
1.16165
2.021
3.1254
4.28593
6.25928
7.15554
9.38013
9.91019
10.7406
12.2102
12.8139
13.7559
14.4147
15.4128
15.74
15.74
15.0701
14.7312
14.4147
14.7312
13.7559
12.8139
11.9054
10.7406
8.85013
6.92265
6.25928
5.03275
4.10612
2.97213
2.14772
1.06896
0.671287
0.118214
0.0291357
0.0299741
0.226099
0.675289
1.16691
2.02794
3.13403
4.11601
5.23161
6.49325
7.87735
9.39507
8.86464
10.7566
11.0464
11.621
12.8314
14.1017
14.4333
14.75
14.1017
14.1017
12.2272
13.1478
12.5361
12.5361
11.3401
9.39507
7.6329
6.70623
5.83952
5.43432
4.11601
3.60832
2.42031
1.91159
1.26366
0.82284
0.479586
0.152219
0.0470988
0.00728393
0.089958
0.314547
0.417562
0.671287
0.899764
1.16165
1.3529
1.56482
1.45693
1.25819
1.16165
1.25819
1.25819
0.740933
0.476214
0.26724
0.0460463
0.00770611
0.0914267
0.42072
1.16691
2.28567
4.11601
6.70623
9.39507
13.1478
16.464
21.7373
26.3722
35.9832
43.0263
52.5557
60.3561
69.385
79.0429
88.5022
99.3691
107.249
114.541
122.99
125.873
130.79
130.79
131.74
131.74
130.79
124.945
117.324
108.16
100.246
92.6326
79.0429
67.9302
56.3701
44.1857
34.9666
26.3722
18.6284
12.8314
6.27149
2.69315
0.82284
0.0470988
0.26724
1.78563
3.76752
7.15554
9.1132
11.9054
13.7559
16.0902
17.8784
18.6074
18.2306
17.5091
16.0902
14.4147
14.0834
11.9054
10.1885
7.37904
5.22046
3.59906
2.2783
1.45693
0.899764
0.476214
0.223786
0.00728393
0.0173387
0.0470988
0.0470988
0.0914267
0.0173387
0
0.00171841
0.0460463
0.150322
0.60129
1.3529
2.54323
4.10612
6.25928
8.85013
12.8139
17.1437
22.1026
28.1545
33.9077
39.1205
46.4508
53.1584
61.6512
69.3443
77.4468
83.6611
90.904
98.4475
104.539
109.892
115.43
119.127
120.087
120.087
122.936
121.051
118.224
112.67
109.024
102.801
98.4475
92.5857
85.2297
77.4468
69.3443
60.9638
52.5203
44.1532
37.0144
30.5047
24.1903
17.8784
11.6044
7.37904
4.28593
2.14772
0.740933
0.089958
0.152219
1.16691
2.98055
5.83952
9.39507
12.5361
15.7594
20.5489
24.624
29.0938
31.9765
37.0441
39.151
41.3476
42.4524
44.1857
44.7385
44.1857
44.1857
43.0263
42.4524
39.151
34.4494
30.5047
25.5029
22.5404
17.899
14.75
10.7566
7.3923
4.65711
2.15488
0.904396
0.152219
0.0460463
0.476214
1.67025
3.28252
6.04158
8.60519
12.2102
14.7312
19.351
22.1026
25.4783
28.1545
31.4547
33.9077
35.9539
38.6037
38.6037
39.1205
38.6037
38.0602
37.0144
34.9377
33.4266
29.5427
26.3472
22.5172
18.988
15.4128
12.2102
9.65091
6.92265
4.10612
1.90486
0.535146
0.0167025
0.186284
1.35858
3.77699
6.27149
11.0464
16.8222
23.7842
30.0485
38.0903
47.0845
57.696
67.9302
79.7817
92.6326
104.589
115.482
126.86
140.848
151.279
160.967
173.259
180.13
187.135
190.688
190.688
194.274
194.274
190.688
189.477
180.13
175.513
160.967
153.386
141.834
127.851
114.541
101.127
86.9037
73.0059
61.0019
50.1099
39.151
30.5047
22.5404
16.464
10.7566
6.93549
3.93984
1.91159
0.745137
0.152219
0.00171841
0.118214
0.417562
0.671287
0.980125
0.980125
0.899764
0.740933
0.671287
0.535146
0.26724
0.0460463
0.00770611
0.152219
0.479586
1.07401
1.26366
1.91159
2.55101
3.13403
4.29603
4.11601
4.11601
3.77699
3.13403
2.55101
2.02794
1.35858
0.675289
0.119896
0.118214
0.417562
1.3529
3.1254
5.82774
9.38013
13.7559
20.5268
27.6906
35.9539
44.1532
52.5203
63.6974
72.9642
86.8582
96.7612
107.199
118.224
125.819
126.805
143.874
148.058
155.447
157.643
160.905
160.905
162.021
160.905
159.794
162.021
150.142
141.776
135.688
128.735
121.051
111.74
103.693
90.904
82.1071
74.4716
62.9987
55.7129
47.051
39.6715
31.9489
24.5998
18.6074
14.0834
9.38013
5.42296
3.1254
1.16165
0.184185
0.0680765
0.538719
1.67656
3.13403
5.23161
7.87735
10.204
13.774
16.464
18.6284
21.7373
23.7842
25.9481
27.7163
28.6483
28.6483
28.1804
27.7163
26.8249
24.2143
22.9591
20.1529
17.899
15.089
12.5361
10.204
6.93549
5.43432
3.29136
1.57093
0.538719
0.0680765
0.089958
0.60129
1.56482
3.1254
4.83774
7.15554
10.1885
12.8139
15.0701
18.6074
21.7146
25.0371
27.256
30.5047
30.9643
34.4208
34.4208
35.9539
34.9377
35.9539
34.9377
33.4266
33.4266
30.0217
28.1545
25.0371
21.7146
20.131
16.8022
14.0834
10.7406
8.85013
5.82774
3.76752
2.2783
0.818422
0.223786
0.00770611
0.365707
1.26366
2.42031
4.29603
6.49325
9.12793
11.621
15.4319
18.2515
21.3299
23.7842
26.3722
28.6483
30.9914
32.447
33.9361
34.9666
34.9666
33.9361
32.949
31.9765
29.5692
27.2815
24.624
22.5404
19.3724
16.464
13.468
10.4864
7.3923
5.04369
3.13403
1.67656
0.675289
0.0914267
0.0460463
0.476214
1.3529
2.68515
4.64659
6.92265
8.85013
11.6044
14.0834
17.1437
20.131
22.9357
25.0371
27.256
29.0675
30.9643
31.9489
32.4193
32.4193
31.9489
31.4547
30.5047
30.9643
26.7997
25.0371
21.7146
19.7391
16.4443
13.7559
11.0302
9.1132
6.04158
3.93016
2.41273
1.16165
0.314547
0.00728393
0.152219
0.745137
1.57093
3.13403
5.23161
7.1686
9.66607
12.2272
14.4333
18.2515
21.3299
22.9591
25.5029
27.2815
29.0938
28.6483
30.9914
30.9914
31.482
30.0485
29.0938
29.0938
26.3722
24.624
23.3581
20.5489
17.1639
14.4333
11.621
9.66607
7.3923
5.04369
3.13403
1.67656
0.605077
0.119896
0.0167025
0.314547
0.980125
2.41273
3.93016
5.82774
8.09788
10.7406
12.2102
14.7312
17.1437
20.5268
22.5172
25.0371
26.3472
27.256
28.1545
28.6222
29.5427
28.1545
27.6906
25.4783
24.1903
21.7146
19.7391
18.2306
15.74
12.2102
11.0302
8.09788
6.04158
3.28252
2.68515
1.25819
0.314547
0.0291357
0.0680765
0.605077
1.35858
2.42031
3.77699
5.23161
7.3923
9.92555
12.8314
14.4333
16.464
18.2515
20.5489
22.1256
24.2143
25.5029
25.9481
26.3722
25.5029
25.5029
26.3722
24.2143
22.9591
20.9264
19.3724
17.899
15.089
13.1478
10.4864
7.6329
6.05358
4.11601
2.69315
1.79215
0.675289
0.152219
0.00171841
0.26724
0.899764
1.90486
3.1254
5.03275
6.69361
9.1132
10.4706
12.5189
14.7312
16.4443
18.988
20.9041
22.1026
22.1026
22.9357
22.9357
23.3345
23.7605
23.3345
22.5172
20.9041
18.2306
17.1437
14.0834
13.4501
12.2102
9.91019
8.09788
5.62931
4.10612
2.97213
1.78563
1.06896
0.362763
0.0460463
0.0914267
0.42072
1.26366
2.15488
3.44349
5.04369
6.70623
8.6195
10.204
12.8314
14.4333
16.1098
17.899
22.1256
21.7373
22.5404
22.5404
22.9591
22.9591
22.9591
23.3581
22.1256
20.1529
19.0092
16.1098
14.4333
12.8314
11.3401
8.86464
6.93549
4.84847
3.44349
2.02794
1.16691
0.538719
0.0470988
0.0291357
0.535146
1.3529
2.021
3.43445
4.83774
6.69361
8.85013
11.0302
12.5189
13.1301
15.0701
17.1437
19.351
20.5268
21.7146
21.7146
21.3074
21.7146
20.9041
20.5268
20.131
19.7391
17.1437
14.7312
11.9054
11.6044
9.65091
8.09788
6.69361
4.83774
3.28252
1.90486
1.16165
0.417562
0.118214
0
0.226099
0.82284
1.67656
2.98055
4.29603
5.83952
7.6329
9.39507
11.0464
12.8314
14.75
17.1639
18.6284
19.7607
21.3299
22.1256
21.7373
22.5404
22.1256
22.1256
20.9264
19.7607
19.3724
16.8222
14.4333
12.8314
11.621
9.12793
7.6329
5.83952
3.60832
2.55101
1.46283
0.745137
0.226099
0.00171841
0.150322
0.60129
1.45693
2.54323
3.76752
5.03275
6.92265
8.34961
9.65091
11.3237
12.8139
14.7312
15.74
16.8022
17.8784
18.6074
18.988
18.6074
18.6074
17.8784
17.5091
16.8022
15.74
14.7312
13.1301
11.0302
9.65091
8.34961
6.25928
5.62931
3.43445
2.83092
1.78563
0.899764
0.314547
0.089958
0
0.152219
0.745137
1.57093
3.77699
3.93984
4.65711
5.64089
7.3923
9.39507
11.3401
12.5361
13.1478
14.1017
13.468
15.7594
17.1639
18.2515
18.6284
17.5295
17.5295
17.1639
15.4319
14.4333
14.4333
12.5361
10.7566
8.6195
7.1686
5.64089
4.47991
3.29136
2.42031
1.26366
0.745137
0.119896
0.00192653
0.223786
0.362763
0.899764
2.14772
2.97213
4.28593
5.03275
5.82774
7.61943
9.38013
10.7406
12.2102
13.1301
13.7559
14.4147
15.0701
15.74
16.8022
17.1437
16.8022
15.4128
14.7312
13.7559
12.8139
11.9054
11.6044
9.38013
7.61943
6.04158
4.64659
3.76752
2.68515
1.78563
0.980125
0.362763
0.0291357
0.0173387
0.226099
0.745137
1.16691
1.91159
3.29136
4.47991
5.64089
6.70623
7.87735
9.66607
11.621
12.2272
13.774
15.089
15.4319
15.7594
16.1098
16.464
16.1098
15.7594
16.1098
13.774
13.774
11.9222
11.0464
9.92555
8.6195
7.3923
5.43432
4.29603
3.29136
2.15488
1.46283
0.82284
0.269767
0.0173387
0.06681
0.26724
0.60129
1.3529
1.90486
2.97213
3.93016
5.03275
6.25928
7.37904
8.34961
9.91019
10.1885
11.9054
12.5189
13.1301
13.4501
13.4501
13.4501
13.4501
13.7559
13.1301
11.3237
11.0302
10.1885
9.38013
8.09788
6.69361
5.22046
4.64659
3.28252
2.14772
0.980125
0.980125
0.60129
0.150322
0.00171841
0.0914267
0.317288
0.745137
1.35858
1.91159
2.83913
3.77699
4.84847
6.27149
7.1686
7.87735
8.86464
9.92555
10.7566
11.621
11.0464
12.5361
12.5361
12.8314
12.8314
12.5361
11.9222
10.7566
10.204
9.66607
7.6329
7.3923
6.27149
5.43432
4.29603
3.60832
2.55101
1.67656
0.984959
0.42072
0.152219
0.00192653
0.118214
0.314547
0.671287
1.3529
1.90486
2.97213
4.10612
5.22046
6.04158
7.15554
8.34961
9.1132
7.61943
10.7406
11.6044
11.9054
12.5189
11.9054
11.9054
11.9054
11.0302
10.4706
10.1885
9.65091
8.34961
7.61943
6.69361
5.42296
4.46959
3.43445
2.41273
1.67025
1.25819
0.535146
0.223786
0.0167025
0.0173387
0.186284
0.479586
1.07401
1.57093
2.28567
3.13403
4.29603
5.23161
5.83952
7.1686
11.3401
8.36371
9.92555
10.204
11.0464
11.621
11.9222
11.621
11.621
11.0464
9.39507
11.0464
10.204
8.86464
8.11176
7.1686
6.05358
5.23161
4.29603
2.69315
2.69315
1.46283
0.82284
0.479586
0.186284
0.00770611
0.0460463
0.314547
0.740933
1.25819
1.78563
2.54323
3.28252
4.64659
5.22046
6.48083
7.61943
8.60519
8.85013
9.65091
10.1885
10.7406
11.3237
11.3237
11.0302
10.4706
10.1885
10.1885
9.38013
8.34961
7.15554
6.48083
4.83774
4.28593
3.93016
2.97213
2.2783
1.45693
0.899764
0.476214
0.150322
0.00171841
0.0299741
0.226099
0.538719
1.16691
1.79215
2.83913
3.29136
4.11601
5.04369
6.27149
6.49325
8.36371
9.12793
9.92555
10.204
11.3401
11.9222
12.2272
12.5361
12.2272
14.1017
11.3401
10.7566
10.4864
9.12793
8.36371
7.1686
6.05358
5.43432
4.11601
3.60832
2.42031
1.67656
0.82284
0.317288
0.0914267
0.00171841
0.06681
0.314547
0.818422
1.45693
2.14772
2.41273
3.76752
4.64659
5.42296
6.48083
7.86367
8.85013
9.91019
10.7406
11.0302
11.3237
11.9054
11.9054
11.9054
11.9054
11.0302
10.4706
9.65091
8.34961
8.09788
7.37904
6.04158
5.22046
4.28593
3.76752
2.41273
1.78563
1.06896
0.535146
0.184185
0.0167025
0
0.119896
0.365707
0.984959
1.46283
2.42031
3.29136
3.77699
4.84847
5.64089
6.70623
7.3923
8.6195
9.39507
9.66607
10.4864
10.7566
10.4864
10.7566
11.0464
10.7566
10.204
9.39507
9.12793
8.11176
7.3923
6.49325
5.43432
4.47991
3.44349
2.42031
1.67656
1.26366
0.538719
0.269767
0.0299741
0.0460463
0.118214
0.417562
0.899764
1.3529
2.14772
2.83092
3.43445
4.46959
5.42296
6.04158
6.69361
7.86367
8.60519
8.85013
9.1132
9.38013
9.1132
9.65091
9.38013
8.85013
9.1132
8.34961
7.61943
6.92265
6.04158
5.22046
4.46959
3.43445
2.97213
2.14772
1.56482
0.980125
0.535146
0.223786
0.0460463
0.0173387
0.0914267
0.42072
0.745137
1.16691
1.91159
2.69315
3.29136
4.29603
5.04369
6.27149
6.93549
7.87735
8.6195
9.12793
9.66607
8.6195
9.92555
9.92555
9.66607
9.66607
9.92555
8.6195
7.87735
6.49325
6.05358
5.23161
4.65711
3.77699
2.98055
1.91159
1.46283
0.82284
0.479586
0.269767
0.0173387
0.0167025
0.118214
0.417562
0.899764
1.25819
2.021
2.54323
2.97213
4.10612
4.64659
5.42296
6.04158
6.25928
6.92265
7.15554
7.86367
7.86367
8.09788
8.09788
7.61943
7.86367
7.37904
6.92265
6.69361
5.82774
5.03275
4.28593
3.93016
2.97213
2.54323
1.90486
1.45693
0.671287
0.314547
0.184185
0.06681
0
0.0470988
0.269767
0.605077
1.07401
1.46283
2.15488
2.69315
3.29136
2.83913
5.04369
5.23161
6.27149
6.93549
7.1686
7.3923
7.3923
8.11176
7.6329
5.64089
8.11176
8.36371
7.1686
6.49325
6.05358
5.43432
4.84847
3.93984
3.44349
3.44349
1.91159
1.46283
0.984959
0.42072
0.226099
0.0470988
0
0.06681
0.118214
0.476214
0.818422
1.45693
1.78563
2.41273
2.68515
3.1254
3.93016
4.64659
5.03275
5.82774
6.25928
6.25928
6.48083
6.48083
7.15554
6.48083
6.48083
6.25928
5.82774
5.42296
4.83774
4.28593
3.93016
3.28252
2.83092
2.021
1.56482
1.06896
0.60129
0.362763
0.06681
0.00171841
0.0173387
0.226099
0.479586
0.904396
1.35858
1.91159
2.69315
3.60832
4.11601
4.65711
5.83952
6.93549
7.6329
8.11176
8.86464
9.12793
9.92555
9.92555
10.4864
10.7566
11.3401
10.4864
10.204
9.66607
9.39507
8.6195
8.11176
7.3923
6.93549
6.27149
5.23161
4.47991
4.11601
3.29136
2.98055
2.02794
1.91159
1.57093
1.07401
0.745137
0.479586
0.365707
0.269767
0.152219
0.119896
0.0470988
0.0680765
0.0914267
0.0470988
0.0299741
0.0299741
0.0680765
0.186284
0.269767
0.675289
0.904396
1.35858
2.02794
2.83913
4.29603
6.05358
7.87735
9.92555
12.5361
16.1098
20.1529
24.2143
29.5692
36.5117
42.4524
49.4904
57.696
64.4391
72.2578
81.3576
90.1153
100.246
105.489
112.721
121.104
123.966
130.79
132.75
133.763
133.763
129.788
126.86
120.14
113.603
104.589
97.6748
86.0873
75.9944
65.8166
58.3647
43.6041
34.4494
26.8249
19.3724
10.7566
8.6195
4.47991
1.79215
0.479586
0
0.223786
0.899764
1.90486
3.28252
4.46959
5.42296
6.25928
5.62931
5.82774
5.22046
5.03275
3.93016
3.1254
2.14772
1.67025
0.362763
0.06681
0.00770611
0.186284
0.675289
1.57093
2.69315
3.29136
4.11601
4.84847
5.64089
4.29603
6.05358
5.83952
5.04369
4.29603
3.44349
1.91159
1.07401
0.479586
0.0173387
0.184185
1.06896
2.83092
5.42296
8.60519
13.1301
18.6074
25.0371
31.4547
40.2263
47.6551
56.3335
65.1063
74.4716
83.6611
91.7429
99.3205
106.342
112.67
118.224
123.911
127.796
130.734
129.733
129.733
128.735
127.796
123.911
122.019
115.43
110.814
104.539
96.7612
90.904
83.6611
76.7189
68.6153
62.3424
53.8004
48.2291
40.7539
34.4208
29.5427
23.3345
18.988
14.7312
10.7406
7.61943
5.42296
3.1254
1.56482
0.60129
0.118214
0.00770611
0.186284
0.605077
1.26366
2.28567
2.98055
4.11601
5.04369
5.64089
6.49325
7.1686
7.3923
7.87735
7.87735
7.3923
7.6329
6.27149
5.43432
5.64089
4.65711
3.13403
3.77699
1.91159
1.16691
0.538719
0.186284
0.0470988
0.0167025
0.26724
0.740933
1.3529
2.2783
3.28252
4.46959
5.62931
7.37904
8.85013
10.1885
11.6044
13.1301
14.7312
15.74
18.2306
17.8784
18.2306
18.6074
18.988
18.2306
18.2306
17.8784
16.4443
15.4128
14.0834
12.5189
11.3237
10.1885
8.85013
7.15554
5.42296
4.28593
2.83092
1.90486
1.90486
0.740933
0.184185
0.00171841
0.0680765
0.605077
0.984959
1.79215
2.69315
3.93984
4.47991
7.1686
8.11176
9.66607
11.0464
12.2272
13.468
14.4333
15.4319
16.464
17.899
16.464
17.5295
17.5295
17.1639
16.1098
15.089
14.75
14.4333
12.5361
11.3401
9.92555
8.11176
7.6329
5.83952
4.84847
4.11601
2.69315
2.15488
1.26366
0.675289
0.42072
0.119896
0.0470988
0.00171841
0.0291357
0.150322
0.26724
0.362763
0.417562
0.535146
0.314547
0.362763
0.362763
0.26724
0.118214
0.00171841
0.0470988
0.317288
0.605077
1.57093
2.69315
4.84847
7.87735
11.3401
15.4319
20.5489
26.8249
33.4548
41.914
51.9563
61.6895
72.2578
82.1514
93.4322
104.589
114.541
126.86
133.763
139.809
143.933
145.988
148.117
149.128
144.929
138.773
130.79
119.18
108.16
94.2827
82.1514
68.6557
56.3701
42.4524
30.5047
20.1529
12.2272
6.05358
2.02794
0.269767
0.223786
2.021
4.83774
9.38013
14.7312
19.7391
25.0371
30.9643
34.4208
39.1205
41.3162
42.4206
44.1532
43.5718
42.4206
40.2263
36.4822
32.4193
28.6222
24.5998
21.3074
17.8784
14.4147
10.7406
8.09788
6.04158
4.28593
3.28252
2.14772
1.56482
0.980125
0.899764
0.60129
0.476214
0.476214
0.476214
0.535146
0.980125
1.45693
1.67025
2.97213
4.28593
6.04158
8.09788
10.1885
13.4501
16.4443
20.9041
25.9233
30.9643
36.4822
41.3162
46.4508
51.2906
58.9624
63.6974
70.773
75.1888
78.2213
84.466
86.8582
95.0895
90.069
90.069
90.069
89.2839
88.4563
86.8582
83.6611
75.1888
74.4716
62.3424
58.9624
55.7129
50.0754
43.5718
37.0144
30.9643
25.0371
19.351
14.7312
10.7406
6.92265
3.93016
1.78563
0.417562
0.00171841
0.317288
1.35858
2.98055
5.43432
8.6195
11.621
15.7594
19.3724
22.9591
27.2815
30.9914
34.4494
38.634
41.3476
41.914
43.6041
43.6041
43.6041
43.0263
41.914
37.0441
36.5117
33.4548
30.9914
26.8249
23.3581
19.7607
15.7594
11.9222
8.36371
6.05358
3.60832
1.79215
0.675289
0.0914267
0.118214
0.899764
2.021
3.76752
5.62931
8.09788
10.4706
12.8139
16.8022
20.131
21.3074
23.7605
24.5998
26.3472
27.6906
27.256
26.7997
25.9233
23.7605
22.1026
20.131
16.8022
13.4501
10.4706
7.37904
4.64659
2.14772
0.740933
0.0291357
0.479586
2.55101
6.05358
11.3401
18.6284
27.7163
39.151
53.8361
73.0059
90.9505
112.721
134.78
159.855
183.616
210.223
234.653
259.089
280.309
299.404
314.526
328.517
337.954
341.099
336.342
322.271
308.415
287.623
268.915
244.008
217.785
183.616
151.279
116.375
89.3299
65.1457
44.7385
26.3722
13.1478
3.93984
0.152219
1.90486
7.61943
16.8022
28.1545
42.4206
58.9624
76.7189
90.069
101.078
114.489
123.911
126.805
130.734
133.707
127.796
121.051
114.489
105.439
97.6267
86.042
73.716
60.9638
50.0754
39.1205
30.9643
23.7605
17.8784
11.9054
8.85013
3.59906
1.90486
0.740933
0.223786
0.00728393
0.0680765
0.365707
0.745137
1.07401
1.16691
1.35858
1.46283
0.82284
0.538719
0.317288
0.0470988
0.0291357
0.314547
1.16165
2.14772
3.28252
6.25928
9.38013
13.1301
18.2306
23.3345
28.6222
33.4266
40.2263
46.4508
53.8004
62.3424
67.89
73.716
78.2213
82.8601
87.6326
90.069
93.3851
96.7612
98.4475
95.0895
93.3851
90.904
87.6326
82.8601
78.9996
72.9642
66.4909
60.3182
53.1584
47.6551
38.6037
32.921
25.9233
20.5268
15.4128
11.3237
6.92265
3.59906
1.45693
0.314547
0.0299741
0.538719
1.79215
3.93984
6.70623
10.4864
14.75
22.5404
24.2143
28.1804
32.447
36.5117
41.914
45.9205
51.3255
53.8361
56.3701
57.696
57.696
57.696
55.7494
53.8361
52.5557
48.263
44.1857
39.151
34.4494
29.5692
24.2143
19.3724
14.75
11.3401
7.87735
4.65711
2.42031
0.745137
0.0299741
0.184185
0.980125
2.68515
4.10612
6.92265
9.91019
13.7559
17.1437
19.7391
22.1026
24.5998
26.3472
28.1545
29.5427
29.5427
30.0217
27.256
26.3472
22.5172
19.7391
17.1437
11.9054
9.38013
6.25928
3.28252
0.899764
0.06681
0.317288
2.15488
6.70623
12.5361
22.9591
32.447
45.9205
62.3809
82.1514
101.962
126.86
151.279
175.513
204.046
241.349
252.15
277.458
296.457
311.506
323.761
331.618
336.342
328.517
319.127
305.425
283.256
257.678
230.71
200.371
168.731
138.773
108.16
79.0429
54.4462
33.9361
18.6284
7.1686
1.35858
0.184185
3.59906
10.7406
20.5268
32.4193
45.2947
57.659
68.6153
78.9996
86.042
90.069
91.7429
90.069
89.2839
78.9996
71.5134
60.3182
50.0754
38.6037
29.5427
20.131
12.2102
6.69361
2.54323
0.476214
0.0299741
1.46283
3.44349
6.70623
9.66607
12.8314
16.1098
19.3724
20.5489
21.7373
20.5489
18.6284
16.464
14.1017
10.7566
7.1686
4.29603
1.79215
0.226099
0.184185
1.67025
4.83774
10.4706
20.5268
28.1545
39.1205
51.2906
67.2086
86.042
99.3205
120.087
136.712
154.415
169.746
183.55
199.061
211.426
222.852
230.636
231.971
237.275
222.852
229.378
226.727
216.491
210.152
199.061
183.55
167.53
155.447
138.715
122.936
107.199
90.904
75.9519
60.3182
47.051
34.4208
24.5998
16.0902
8.60519
3.76752
0.899764
0.00192653
1.07401
4.11601
8.6195
14.4333
22.5404
31.482
40.2572
48.8748
59.676
67.9302
79.0429
86.9037
94.2827
100.246
103.743
105.489
108.16
109.075
106.392
103.743
97.6748
90.1153
82.1514
73.0059
63.7363
54.4462
44.7385
34.4494
25.0615
18.2515
10.7566
5.83952
2.15488
0.317288
0.150322
1.67025
4.28593
10.1885
16.4443
23.3345
32.4193
42.4206
51.2906
60.3182
70.773
80.524
89.2839
95.0895
100.197
104.539
109.024
109.024
109.024
107.199
104.539
101.078
95.8996
90.069
81.3136
74.4716
65.1063
55.0596
47.051
38.0602
30.0217
22.1026
15.4128
9.38013
5.22046
2.021
0.417562
0.0680765
1.16691
3.60832
7.87735
12.5361
18.2515
25.5029
33.9361
41.914
50.1099
58.9998
66.5307
75.2311
82.1514
88.5022
93.4322
97.6748
98.4959
100.246
100.246
98.4959
95.137
91.7896
85.2747
76.7616
67.9302
60.3561
51.9563
43.0263
33.4548
25.9481
19.0092
12.8314
7.3923
3.60832
0.82284
0.0173387
0.535146
2.54323
6.04158
9.91019
16.0902
22.5172
31.4547
37.5205
44.7059
53.1584
60.9638
67.89
75.1888
79.7382
85.2297
87.6326
90.904
90.904
91.7429
89.2839
86.8582
81.3136
78.2213
71.5134
65.1063
58.3275
50.6638
42.9943
35.9539
28.6222
22.1026
15.74
10.1885
6.04158
3.1254
0.899764
0.06681
0.365707
2.02794
5.04369
8.86464
13.1478
19.3724
25.0615
32.447
40.2572
48.263
54.4462
61.6895
67.9302
73.0059
78.2644
82.1514
85.2747
86.0873
86.0873
85.2747
83.7057
80.5677
75.2311
69.385
63.0374
55.7494
48.8748
40.2572
33.4548
26.3722
20.1529
12.8314
8.6195
4.65711
1.79215
0.365707
0.0291357
0.980125
3.1254
6.92265
10.7406
16.4443
21.3074
28.6222
