1,1585,1,2432,0,2432,0,0.771325,0.885662,22,25*3*5,150*8*1
2,7943,1,12934,0,12934,0,0.780152,0.890076,35,25*6*11,150*16*4
3,15849,1,12935,1,12935,0,0.390987,0.695493,35,25*6*11,150*16*4
4,15849,1,12934,1,12934,0,0.390987,0.695493,35,25*6*11,150*16*4
5,19953,1,12935,1,12935,0,0.310567,0.655284,35,25*6*11,150*16*4
6,12589,1,12934,1,12934,0,0.492235,0.746118,35,25*6*11,150*16*4
7,1585,1,2432,0,2432,0,0.771325,0.885662,22,25*3*5,150*8*1
8,40,0,0,0,0,0,0,0,0,1*1*1,1*1*1
9,79,0,0,0,0,0,0,0,0,1*1*1,1*1*1
10,20,0,0,0,0,0,0,0,0,1*1*1,1*1*1
11,1585,1,2432,1,2432,0,0.771325,0.885662,22,25*3*5,150*8*1
12,316,1,314,0,314,0,0.891614,0.945807,14,25*3*1,50*2*1
13,20,0,0,0,0,0,0,0,0,1*1*1,1*1*1
14,200,1,132,1,132,0,0.79975,0.899875,9,25*1*1,50*1*1
15,126,1,31,0,31,0,0.811111,0.905556,6,5*1*1,15*1*1
16,50,0,0,0,0,0,0,0,0,1*1*1,1*1*1
17,1000,1,1728,0,1728,0,0.92645,0.963225,20,25*3*3,150*8*1
18,1585,1,2432,1,2432,0,0.771325,0.885662,22,25*3*5,150*8*1
19,1000,1,1729,1,1729,0,0.92645,0.963225,20,25*3*3,150*8*1
20,200,1,131,0,131,0,0.79975,0.899875,9,25*1*1,50*1*1
21,16,0,0,0,0,0,0,0,0,1*1*1,1*1*1
22,316,1,315,1,315,0,0.891614,0.945807,14,25*3*1,50*2*1
23,50,0,0,0,0,0,0,0,0,1*1*1,1*1*1
24,200,1,132,1,132,0,0.79975,0.899875,9,25*1*1,50*1*1
25,50,0,0,0,0,0,0,0,0,1*1*1,1*1*1
26,32,0,0,0,0,0,0,0,0,1*1*1,1*1*1
27,63,0,0,0,0,0,0,0,0,1*1*1,1*1*1
28,50,0,0,0,0,0,0,0,0,1*1*1,1*1*1
29,40,0,0,0,0,0,0,0,0,1*1*1,1*1*1
30,40,0,0,0,0,0,0,0,0,1*1*1,1*1*1
31,40,0,0,0,0,0,0,0,0,1*1*1,1*1*1
32,50,0,0,0,0,0,0,0,0,1*1*1,1*1*1
33,50,0,0,0,0,0,0,0,0,1*1*1,1*1*1
34,50,0,0,0,0,0,0,0,0,1*1*1,1*1*1
35,40,0,0,0,0,0,0,0,0,1*1*1,1*1*1
36,63,0,0,0,0,0,0,0,0,1*1*1,1*1*1
37,50,0,0,0,0,0,0,0,0,1*1*1,1*1*1
38,40,0,0,0,0,0,0,0,0,1*1*1,1*1*1
39,50,0,0,0,0,0,0,0,0,1*1*1,1*1*1
40,40,0,0,0,0,0,0,0,0,1*1*1,1*1*1
41,63,0,0,0,0,0,0,0,0,1*1*1,1*1*1
42,50,0,0,0,0,0,0,0,0,1*1*1,1*1*1
43,50,0,0,0,0,0,0,0,0,1*1*1,1*1*1
44,63,0,0,0,0,0,0,0,0,1*1*1,1*1*1
45,79,0,0,0,0,0,0,0,0,1*1*1,1*1*1
46,100,1,19,0,19,0,0.9275,0.96375,4,5*1*1,6*1*1
47,100,1,20,1,20,0,0.9275,0.96375,4,5*1*1,6*1*1
48,79,0,0,0,0,0,0,0,0,1*1*1,1*1*1
49,126,1,32,1,32,0,0.811111,0.905556,6,5*1*1,15*1*1
50,79,0,0,0,0,0,0,0,0,1*1*1,1*1*1
51,79,0,0,0,0,0,0,0,0,1*1*1,1*1*1
52,79,0,0,0,0,0,0,0,0,1*1*1,1*1*1
53,40,0,0,0,0,0,0,0,0,1*1*1,1*1*1
54,40,0,0,0,0,0,0,0,0,1*1*1,1*1*1
55,63,0,0,0,0,0,0,0,0,1*1*1,1*1*1
56,79,0,0,0,0,0,0,0,0,1*1*1,1*1*1
57,158,1,98,0,98,0,0.87943,0.939715,8,25*1*1,30*1*1
58,316,1,314,0,314,0,0.891614,0.945807,14,25*3*1,50*2*1
59,1000,1,1728,0,1728,0,0.92645,0.963225,20,25*3*3,150*8*1
60,3162,1,5584,0,5584,0,0.884298,0.942149,28,25*6*5,150*8*3
61,5012,1,9491,0,9491,0,0.913827,0.956913,32,25*6*8,150*16*3
62,15849,1,12934,0,12934,0,0.390987,0.695493,35,25*6*11,150*16*4
63,6310,1,11150,0,11150,0,0.811379,0.905689,34,25*6*10,150*16*3
64,15849,1,12934,0,12934,0,0.390987,0.695493,35,25*6*11,150*16*4
65,794,1,1055,0,1055,0,0.742758,0.871379,19,25*6*1,150*4*1
66,10000,1,12934,0,12934,0,0.619675,0.809837,35,25*6*11,150*16*4
67,7943,1,12935,1,12935,0,0.780152,0.890076,35,25*6*11,150*16*4
68,1585,1,2432,0,2432,0,0.771325,0.885662,22,25*3*5,150*8*1
69,15849,1,12934,0,12934,0,0.390987,0.695493,35,25*6*11,150*16*4
70,2512,1,4217,0,4217,0,0.750995,0.875498,25,25*6*4,150*16*1
71,19953,1,12934,0,12934,0,0.310567,0.655284,35,25*6*11,150*16*4
72,12589,1,12935,1,12935,0,0.492235,0.746118,35,25*6*11,150*16*4
73,3162,1,5584,0,5584,0,0.884298,0.942149,28,25*6*5,150*8*3
74,3162,1,5585,1,5585,0,0.884298,0.942149,28,25*6*5,150*8*3
75,3981,1,7698,0,7698,0,0.879967,0.939984,30,25*6*7,150*16*2
76,2512,1,4217,0,4217,0,0.750995,0.875498,25,25*6*4,150*16*1
77,3162,1,5584,0,5584,0,0.884298,0.942149,28,25*6*5,150*8*3
78,1259,1,2110,0,2110,0,0.811755,0.905878,21,25*6*2,150*8*1
79,1000,1,1728,0,1728,0,0.92645,0.963225,20,25*3*3,150*8*1
80,1585,1,2432,1,2432,0,0.771325,0.885662,22,25*3*5,150*8*1
81,2512,1,4218,1,4218,0,0.750995,0.875498,25,25*6*4,150*16*1
82,3162,1,5584,0,5584,0,0.884298,0.942149,28,25*6*5,150*8*3
83,3981,1,7698,0,7698,0,0.879967,0.939984,30,25*6*7,150*16*2
84,12589,1,12934,0,12934,0,0.492235,0.746118,35,25*6*11,150*16*4
85,1000,1,1728,0,1728,0,0.92645,0.963225,20,25*3*3,150*8*1
86,1995,1,3854,1,3854,0,0.924035,0.962018,24,25*3*7,150*16*1
87,2512,1,4217,0,4217,0,0.750995,0.875498,25,25*6*4,150*16*1
88,6310,1,11150,0,11150,0,0.811379,0.905689,34,25*6*10,150*16*3
89,2512,1,4217,0,4217,0,0.750995,0.875498,25,25*6*4,150*16*1
90,1000,1,1729,1,1729,0,0.92645,0.963225,20,25*3*3,150*8*1
91,316,1,314,0,314,0,0.891614,0.945807,14,25*3*1,50*2*1
92,1000,1,1728,0,1728,0,0.92645,0.963225,20,25*3*3,150*8*1
93,398,1,394,0,394,0,0.773869,0.886935,15,25*3*1,75*2*1
94,1000,1,1728,0,1728,0,0.92645,0.963225,20,25*3*3,150*8*1
95,1259,1,2110,1,2110,0,0.811755,0.905878,21,25*6*2,150*8*1
96,631,1,789,1,789,0,0.805943,0.902971,18,25*6*1,150*2*1
97,501,1,633,1,633,0,0.905389,0.952695,17,25*2*2,150*2*1
98,2512,1,4217,0,4217,0,0.750995,0.875498,25,25*6*4,150*16*1
99,1995,1,3854,1,3854,0,0.924035,0.962018,24,25*3*7,150*16*1
100,1995,1,3854,1,3854,0,0.924035,0.962018,24,25*3*7,150*16*1
101,1995,1,3854,1,3854,0,0.924035,0.962018,24,25*3*7,150*16*1
102,3162,1,5584,0,5584,0,0.884298,0.942149,28,25*6*5,150*8*3
103,3162,1,5585,1,5585,0,0.884298,0.942149,28,25*6*5,150*8*3
104,2512,1,4217,0,4217,0,0.750995,0.875498,25,25*6*4,150*16*1
105,15849,1,12934,0,12934,0,0.390987,0.695493,35,25*6*11,150*16*4
106,15849,1,12935,1,12935,0,0.390987,0.695493,35,25*6*11,150*16*4
107,19953,1,12934,1,12934,0,0.310567,0.655284,35,25*6*11,150*16*4
108,5012,1,9491,0,9491,0,0.913827,0.956913,32,25*6*8,150*16*3
109,5012,1,9491,1,9491,0,0.913827,0.956913,32,25*6*8,150*16*3
110,15849,1,12934,0,12934,0,0.390987,0.695493,35,25*6*11,150*16*4
111,6310,1,11150,0,11150,0,0.811379,0.905689,34,25*6*10,150*16*3
112,6310,1,11151,1,11151,0,0.811379,0.905689,34,25*6*10,150*16*3
113,6310,1,11151,1,11151,0,0.811379,0.905689,34,25*6*10,150*16*3
114,15849,1,12934,0,12934,0,0.390987,0.695493,35,25*6*11,150*16*4
115,15849,1,12935,1,12935,0,0.390987,0.695493,35,25*6*11,150*16*4
116,10000,1,12934,1,12934,0,0.619675,0.809837,35,25*6*11,150*16*4
117,7943,1,12935,1,12935,0,0.780152,0.890076,35,25*6*11,150*16*4
118,15849,1,12934,1,12934,0,0.390987,0.695493,35,25*6*11,150*16*4
119,7943,1,12935,1,12935,0,0.780152,0.890076,35,25*6*11,150*16*4
120,12589,1,12935,1,12935,0,0.492235,0.746118,35,25*6*11,150*16*4
121,7943,1,12934,1,12934,0,0.780152,0.890076,35,25*6*11,150*16*4
122,7943,1,12935,1,12935,0,0.780152,0.890076,35,25*6*11,150*16*4
123,7943,1,12934,1,12934,0,0.780152,0.890076,35,25*6*11,150*16*4
124,7943,1,12935,1,12935,0,0.780152,0.890076,35,25*6*11,150*16*4
125,7943,1,12934,1,12934,0,0.780152,0.890076,35,25*6*11,150*16*4
126,10000,1,12935,1,12935,0,0.619675,0.809837,35,25*6*11,150*16*4
127,6310,1,11150,0,11150,0,0.811379,0.905689,34,25*6*10,150*16*3
128,7943,1,12934,0,12934,0,0.780152,0.890076,35,25*6*11,150*16*4
129,6310,1,11150,0,11150,0,0.811379,0.905689,34,25*6*10,150*16*3
130,5012,1,9491,0,9491,0,0.913827,0.956913,32,25*6*8,150*16*3
131,1995,1,3853,0,3853,0,0.924035,0.962018,24,25*3*7,150*16*1
132,1585,1,2432,0,2432,0,0.771325,0.885662,22,25*3*5,150*8*1
133,1995,1,3853,0,3853,0,0.924035,0.962018,24,25*3*7,150*16*1
134,2512,1,4217,0,4217,0,0.750995,0.875498,25,25*6*4,150*16*1
135,5012,1,9491,0,9491,0,0.913827,0.956913,32,25*6*8,150*16*3
136,5012,1,9491,1,9491,0,0.913827,0.956913,32,25*6*8,150*16*3
137,19953,1,12934,0,12934,0,0.310567,0.655284,35,25*6*11,150*16*4
138,3162,1,5584,0,5584,0,0.884298,0.942149,28,25*6*5,150*8*3
139,6310,1,11150,0,11150,0,0.811379,0.905689,34,25*6*10,150*16*3
140,19953,1,12934,0,12934,0,0.310567,0.655284,35,25*6*11,150*16*4
141,12589,1,12935,1,12935,0,0.492235,0.746118,35,25*6*11,150*16*4
142,12589,1,12934,1,12934,0,0.492235,0.746118,35,25*6*11,150*16*4
143,6310,1,11150,0,11150,0,0.811379,0.905689,34,25*6*10,150*16*3
144,12589,1,12934,0,12934,0,0.492235,0.746118,35,25*6*11,150*16*4
145,12589,1,12935,1,12935,0,0.492235,0.746118,35,25*6*11,150*16*4
146,7943,1,12934,1,12934,0,0.780152,0.890076,35,25*6*11,150*16*4
147,1995,1,3853,0,3853,0,0.924035,0.962018,24,25*3*7,150*16*1
148,501,1,632,0,632,0,0.905389,0.952695,17,25*2*2,150*2*1
149,251,1,225,0,225,0,0.903586,0.951793,12,25*2*1,75*1*1
150,13,0,0,0,0,0,0,0,0,1*1*1,1*1*1
151,126,1,31,0,31,0,0.811111,0.905556,6,5*1*1,15*1*1
152,126,1,32,1,32,0,0.811111,0.905556,6,5*1*1,15*1*1
153,158,1,98,0,98,0,0.87943,0.939715,8,25*1*1,30*1*1
154,251,1,225,0,225,0,0.903586,0.951793,12,25*2*1,75*1*1
155,398,1,395,1,395,0,0.773869,0.886935,15,25*3*1,75*2*1
156,200,1,132,1,132,0,0.79975,0.899875,9,25*1*1,50*1*1
157,251,1,225,1,225,0,0.903586,0.951793,12,25*2*1,75*1*1
158,1000,1,1728,0,1728,0,0.92645,0.963225,20,25*3*3,150*8*1
159,1585,1,2432,1,2432,0,0.771325,0.885662,22,25*3*5,150*8*1
160,1995,1,3854,1,3854,0,0.924035,0.962018,24,25*3*7,150*16*1
161,3981,1,7699,1,7699,0,0.879967,0.939984,30,25*6*7,150*16*2
162,5012,1,9491,0,9491,0,0.913827,0.956913,32,25*6*8,150*16*3
163,6310,1,11150,0,11150,0,0.811379,0.905689,34,25*6*10,150*16*3
164,3981,1,7698,0,7698,0,0.879967,0.939984,30,25*6*7,150*16*2
165,1585,1,2432,0,2432,0,0.771325,0.885662,22,25*3*5,150*8*1
166,1995,1,3853,0,3853,0,0.924035,0.962018,24,25*3*7,150*16*1
167,631,1,788,0,788,0,0.805943,0.902971,18,25*6*1,150*2*1
168,1585,1,2433,1,2433,0,0.771325,0.885662,22,25*3*5,150*8*1
169,100,1,19,0,19,0,0.9275,0.96375,4,5*1*1,6*1*1
170,63,0,0,0,0,0,0,0,0,1*1*1,1*1*1
171,794,1,1055,0,1055,0,0.742758,0.871379,19,25*6*1,150*4*1
172,32,0,0,0,0,0,0,0,0,1*1*1,1*1*1
173,32,0,0,0,0,0,0,0,0,1*1*1,1*1*1
174,200,1,132,1,132,0,0.79975,0.899875,9,25*1*1,50*1*1
175,40,0,0,0,0,0,0,0,0,1*1*1,1*1*1
176,158,1,99,1,99,0,0.87943,0.939715,8,25*1*1,30*1*1
177,158,1,99,1,99,0,0.87943,0.939715,8,25*1*1,30*1*1
178,316,1,315,1,315,0,0.891614,0.945807,14,25*3*1,50*2*1
179,316,1,315,1,315,0,0.891614,0.945807,14,25*3*1,50*2*1
180,251,1,225,0,225,0,0.903586,0.951793,12,25*2*1,75*1*1
181,100,1,19,0,19,0,0.9275,0.96375,4,5*1*1,6*1*1
182,251,1,225,0,225,0,0.903586,0.951793,12,25*2*1,75*1*1
183,794,1,1055,1,1055,0,0.742758,0.871379,19,25*6*1,150*4*1
184,3162,1,5584,0,5584,0,0.884298,0.942149,28,25*6*5,150*8*3
185,5012,1,9491,0,9491,0,0.913827,0.956913,32,25*6*8,150*16*3
186,5012,1,9491,1,9491,0,0.913827,0.956913,32,25*6*8,150*16*3
187,1259,1,2110,0,2110,0,0.811755,0.905878,21,25*6*2,150*8*1
188,15849,1,12934,0,12934,0,0.390987,0.695493,35,25*6*11,150*16*4
189,1995,1,3853,0,3853,0,0.924035,0.962018,24,25*3*7,150*16*1
190,19953,1,12934,0,12934,0,0.310567,0.655284,35,25*6*11,150*16*4
191,2512,1,4217,0,4217,0,0.750995,0.875498,25,25*6*4,150*16*1
192,2512,1,4218,1,4218,0,0.750995,0.875498,25,25*6*4,150*16*1
193,3162,1,5584,0,5584,0,0.884298,0.942149,28,25*6*5,150*8*3
194,3981,1,7698,0,7698,0,0.879967,0.939984,30,25*6*7,150*16*2
195,3162,1,5584,0,5584,0,0.884298,0.942149,28,25*6*5,150*8*3
196,3162,1,5585,1,5585,0,0.884298,0.942149,28,25*6*5,150*8*3
197,1995,1,3853,0,3853,0,0.924035,0.962018,24,25*3*7,150*16*1
198,3981,1,7699,1,7699,0,0.879967,0.939984,30,25*6*7,150*16*2
199,3981,1,7699,1,7699,0,0.879967,0.939984,30,25*6*7,150*16*2
200,3162,1,5584,0,5584,0,0.884298,0.942149,28,25*6*5,150*8*3
201,2512,1,4217,0,4217,0,0.750995,0.875498,25,25*6*4,150*16*1
202,5012,1,9491,0,9491,0,0.913827,0.956913,32,25*6*8,150*16*3
203,3981,1,7698,0,7698,0,0.879967,0.939984,30,25*6*7,150*16*2
204,3981,1,7699,1,7699,0,0.879967,0.939984,30,25*6*7,150*16*2
205,2512,1,4217,0,4217,0,0.750995,0.875498,25,25*6*4,150*16*1
206,1995,1,3854,1,3854,0,0.924035,0.962018,24,25*3*7,150*16*1
207,3162,1,5584,0,5584,0,0.884298,0.942149,28,25*6*5,150*8*3
208,3981,1,7698,0,7698,0,0.879967,0.939984,30,25*6*7,150*16*2
209,3981,1,7699,1,7699,0,0.879967,0.939984,30,25*6*7,150*16*2
210,2512,1,4217,0,4217,0,0.750995,0.875498,25,25*6*4,150*16*1
211,3981,1,7698,0,7698,0,0.879967,0.939984,30,25*6*7,150*16*2
212,6310,1,11150,0,11150,0,0.811379,0.905689,34,25*6*10,150*16*3
213,5012,1,9491,0,9491,0,0.913827,0.956913,32,25*6*8,150*16*3
214,5012,1,9491,1,9491,0,0.913827,0.956913,32,25*6*8,150*16*3
215,2512,1,4217,0,4217,0,0.750995,0.875498,25,25*6*4,150*16*1
216,1585,1,2432,1,2432,0,0.771325,0.885662,22,25*3*5,150*8*1
217,316,1,314,0,314,0,0.891614,0.945807,14,25*3*1,50*2*1
218,1995,1,3853,0,3853,0,0.924035,0.962018,24,25*3*7,150*16*1
219,158,1,98,0,98,0,0.87943,0.939715,8,25*1*1,30*1*1
220,50,0,0,0,0,0,0,0,0,1*1*1,1*1*1
221,40,0,0,0,0,0,0,0,0,1*1*1,1*1*1
222,158,1,98,1,98,0,0.87943,0.939715,8,25*1*1,30*1*1
223,631,1,788,0,788,0,0.805943,0.902971,18,25*6*1,150*2*1
224,1259,1,2111,1,2111,0,0.811755,0.905878,21,25*6*2,150*8*1
225,631,1,788,0,788,0,0.805943,0.902971,18,25*6*1,150*2*1
226,1995,1,3854,1,3854,0,0.924035,0.962018,24,25*3*7,150*16*1
227,1259,1,2110,0,2110,0,0.811755,0.905878,21,25*6*2,150*8*1
228,1000,1,1728,0,1728,0,0.92645,0.963225,20,25*3*3,150*8*1
229,200,1,131,0,131,0,0.79975,0.899875,9,25*1*1,50*1*1
230,398,1,394,0,394,0,0.773869,0.886935,15,25*3*1,75*2*1
231,794,1,1055,0,1055,0,0.742758,0.871379,19,25*6*1,150*4*1
232,126,1,31,0,31,0,0.811111,0.905556,6,5*1*1,15*1*1
233,501,1,632,0,632,0,0.905389,0.952695,17,25*2*2,150*2*1
234,63,0,0,0,0,0,0,0,0,1*1*1,1*1*1
235,316,1,314,0,314,0,0.891614,0.945807,14,25*3*1,50*2*1
236,32,0,0,0,0,0,0,0,0,1*1*1,1*1*1
237,25,0,0,0,0,0,0,0,0,1*1*1,1*1*1
238,32,0,0,0,0,0,0,0,0,1*1*1,1*1*1
239,40,0,0,0,0,0,0,0,0,1*1*1,1*1*1
240,50,0,0,0,0,0,0,0,0,1*1*1,1*1*1
241,40,0,0,0,0,0,0,0,0,1*1*1,1*1*1
242,79,0,0,0,0,0,0,0,0,1*1*1,1*1*1
243,100,1,19,0,19,0,0.9275,0.96375,4,5*1*1,6*1*1
244,1000,1,1728,0,1728,0,0.92645,0.963225,20,25*3*3,150*8*1
245,501,1,633,1,633,0,0.905389,0.952695,17,25*2*2,150*2*1
246,158,1,98,0,98,0,0.87943,0.939715,8,25*1*1,30*1*1
247,1000,1,1728,0,1728,0,0.92645,0.963225,20,25*3*3,150*8*1
248,2512,1,4218,1,4218,0,0.750995,0.875498,25,25*6*4,150*16*1
249,1585,1,2432,0,2432,0,0.771325,0.885662,22,25*3*5,150*8*1
250,3162,1,5584,1,5584,0,0.884298,0.942149,28,25*6*5,150*8*3
251,15849,1,12934,0,12934,0,0.390987,0.695493,35,25*6*11,150*16*4
252,19953,1,12935,1,12935,0,0.310567,0.655284,35,25*6*11,150*16*4
253,15849,1,12934,1,12934,0,0.390987,0.695493,35,25*6*11,150*16*4
254,15849,1,12935,1,12935,0,0.390987,0.695493,35,25*6*11,150*16*4
255,19953,1,12934,1,12934,0,0.310567,0.655284,35,25*6*11,150*16*4
256,12589,1,12935,1,12935,0,0.492235,0.746118,35,25*6*11,150*16*4
257,15849,1,12935,1,12935,0,0.390987,0.695493,35,25*6*11,150*16*4
258,25119,1,12934,1,12934,0,0.246696,0.623348,35,25*6*11,150*16*4
259,19953,1,12935,1,12935,0,0.310567,0.655284,35,25*6*11,150*16*4
260,15849,1,12934,1,12934,0,0.390987,0.695493,35,25*6*11,150*16*4
261,15849,1,12935,1,12935,0,0.390987,0.695493,35,25*6*11,150*16*4
262,15849,1,12934,1,12934,0,0.390987,0.695493,35,25*6*11,150*16*4
263,19953,1,12935,1,12935,0,0.310567,0.655284,35,25*6*11,150*16*4
264,10000,1,12935,1,12935,0,0.619675,0.809837,35,25*6*11,150*16*4
265,19953,1,12934,1,12934,0,0.310567,0.655284,35,25*6*11,150*16*4
266,25119,1,12935,1,12935,0,0.246696,0.623348,35,25*6*11,150*16*4
267,15849,1,12934,1,12934,0,0.390987,0.695493,35,25*6*11,150*16*4
268,12589,1,12935,1,12935,0,0.492235,0.746118,35,25*6*11,150*16*4
269,15849,1,12935,1,12935,0,0.390987,0.695493,35,25*6*11,150*16*4
270,25119,1,12934,1,12934,0,0.246696,0.623348,35,25*6*11,150*16*4
271,19953,1,12935,1,12935,0,0.310567,0.655284,35,25*6*11,150*16*4
272,25119,1,12934,1,12934,0,0.246696,0.623348,35,25*6*11,150*16*4
273,12589,1,12935,1,12935,0,0.492235,0.746118,35,25*6*11,150*16*4
274,12589,1,12934,1,12934,0,0.492235,0.746118,35,25*6*11,150*16*4
275,12589,1,12935,1,12935,0,0.492235,0.746118,35,25*6*11,150*16*4
276,15849,1,12934,1,12934,0,0.390987,0.695493,35,25*6*11,150*16*4
277,12589,1,12935,1,12935,0,0.492235,0.746118,35,25*6*11,150*16*4
278,12589,1,12934,1,12934,0,0.492235,0.746118,35,25*6*11,150*16*4
279,15849,1,12935,1,12935,0,0.390987,0.695493,35,25*6*11,150*16*4
280,12589,1,12935,1,12935,0,0.492235,0.746118,35,25*6*11,150*16*4
281,10000,1,12934,1,12934,0,0.619675,0.809837,35,25*6*11,150*16*4
282,12589,1,12935,1,12935,0,0.492235,0.746118,35,25*6*11,150*16*4
283,15849,1,12934,1,12934,0,0.390987,0.695493,35,25*6*11,150*16*4
284,15849,1,12935,1,12935,0,0.390987,0.695493,35,25*6*11,150*16*4
285,5012,1,9491,0,9491,0,0.913827,0.956913,32,25*6*8,150*16*3
286,15849,1,12934,0,12934,0,0.390987,0.695493,35,25*6*11,150*16*4
287,3981,1,7698,0,7698,0,0.879967,0.939984,30,25*6*7,150*16*2
288,100,1,19,0,19,0,0.9275,0.96375,4,5*1*1,6*1*1
289,100,1,20,1,20,0,0.9275,0.96375,4,5*1*1,6*1*1
290,251,1,225,0,225,0,0.903586,0.951793,12,25*2*1,75*1*1
291,251,1,225,1,225,0,0.903586,0.951793,12,25*2*1,75*1*1
292,200,1,131,0,131,0,0.79975,0.899875,9,25*1*1,50*1*1
293,316,1,315,1,315,0,0.891614,0.945807,14,25*3*1,50*2*1
294,1995,1,3853,0,3853,0,0.924035,0.962018,24,25*3*7,150*16*1
295,794,1,1055,0,1055,0,0.742758,0.871379,19,25*6*1,150*4*1
296,10000,1,12934,0,12934,0,0.619675,0.809837,35,25*6*11,150*16*4
297,1585,1,2432,0,2432,0,0.771325,0.885662,22,25*3*5,150*8*1
298,19953,1,12934,0,12934,0,0.310567,0.655284,35,25*6*11,150*16*4
299,19953,1,12935,1,12935,0,0.310567,0.655284,35,25*6*11,150*16*4
300,12589,1,12934,1,12934,0,0.492235,0.746118,35,25*6*11,150*16*4
301,2044.85,1,3853,0,3853,0,0.901509,0.950754,24,25*3*7,150*16*1
302,7447.83,1,12934,0,12934,0,0.832021,0.91601,35,25*6*11,150*16*4
303,16229.5,1,12935,1,12935,0,0.38182,0.69091,35,25*6*11,150*16*4
304,16031,1,12934,1,12934,0,0.386548,0.693274,35,25*6*11,150*16*4
305,19606.3,1,12935,1,12935,0,0.316059,0.65803,35,25*6*11,150*16*4
306,11840.3,1,12934,1,12934,0,0.523361,0.76168,35,25*6*11,150*16*4
307,1585.21,1,2432,0,2432,0,0.771223,0.885611,22,25*3*5,150*8*1
308,812.947,1,1055,0,1055,0,0.725447,0.862724,19,25*6*1,150*4*1
309,406.541,1,395,1,395,0,0.757611,0.878806,15,25*3*1,75*2*1
310,0,0,0,0,0,0,0,0,0,1*1*1,1*1*1
311,1090.61,1,1728,0,1728,0,0.849479,0.924739,20,25*3*3,150*8*1
312,0,0,0,0,0,0,0,0,0,1*1*1,1*1*1
313,23.8508,0,0,0,0,0,0,0,0,1*1*1,1*1*1
314,0,0,0,0,0,0,0,0,0,1*1*1,1*1*1
315,100.082,1,19,0,19,0,0.92674,0.96337,4,5*1*1,6*1*1
316,0,0,0,0,0,0,0,0,0,1*1*1,1*1*1
317,963.866,1,1728,0,1728,0,0.961181,0.980591,20,25*3*3,150*8*1
318,972.651,1,1729,1,1729,0,0.9525,0.97625,20,25*3*3,150*8*1
319,1043.4,1,1729,1,1729,0,0.887915,0.943957,20,25*3*3,150*8*1
320,110.425,1,26,0,26,0,0.877971,0.938986,5,5*1*1,10*1*1
321,108.095,1,27,1,27,0,0.896896,0.948448,5,5*1*1,10*1*1
322,653.238,1,1055,0,1055,0,0.90281,0.951405,19,25*6*1,150*4*1
323,0,0,0,0,0,0,0,0,0,1*1*1,1*1*1
324,735.417,1,1056,1,1056,0,0.801926,0.900963,19,25*6*1,150*4*1
325,0,0,0,0,0,0,0,0,0,1*1*1,1*1*1
326,463.023,1,526,0,526,0,0.928248,0.964124,16,25*2*2,50*4*1
327,184.966,1,99,1,98,0,0.858063,0.929032,6,25*1*1,150*1*1
328,0,0,0,0,0,0,0,0,0,1*1*1,1*1*1
329,0,0,0,0,0,0,0,0,0,1*1*1,1*1*1
330,188.049,1,131,0,131,0,0.850576,0.925288,9,25*1*1,50*1*1
331,347.586,1,394,0,394,0,0.886112,0.943056,15,25*3*1,75*2*1
332,0,0,0,0,0,0,0,0,0,1*1*1,1*1*1
333,232.819,1,196,0,196,0,0.945584,0.972792,11,25*2*1,30*2*1
334,0,0,0,0,0,0,0,0,0,1*1*1,1*1*1
335,0,0,0,0,0,0,0,0,0,1*1*1,1*1*1
336,373.985,1,394,0,394,0,0.823562,0.911781,15,25*3*1,75*2*1
337,0,0,0,0,0,0,0,0,0,1*1*1,1*1*1
338,0,0,0,0,0,0,0,0,0,1*1*1,1*1*1
339,0,0,0,0,0,0,0,0,0,1*1*1,1*1*1
340,246.768,1,225,1,225,0,0.919082,0.959541,12,25*2*1,75*1*1
341,70.5241,0,0,0,0,0,0,0,0,1*1*1,1*1*1
342,104.083,1,26,0,26,0,0.931468,0.965734,5,5*1*1,10*1*1
343,65.7229,0,0,0,0,0,0,0,0,1*1*1,1*1*1
344,0,0,0,0,0,0,0,0,0,1*1*1,1*1*1
345,24.8078,0,0,0,0,0,0,0,0,1*1*1,1*1*1
346,38.2118,0,0,0,0,0,0,0,0,1*1*1,1*1*1
347,0,0,0,0,0,0,0,0,0,1*1*1,1*1*1
348,0,0,0,0,0,0,0,0,0,1*1*1,1*1*1
349,0,0,0,0,0,0,0,0,0,1*1*1,1*1*1
350,1233.26,1,2110,0,2110,0,0.828698,0.914349,21,25*6*2,150*8*1
351,1162.73,1,2110,1,2110,0,0.878966,0.939483,21,25*6*2,150*8*1
352,175.803,1,99,0,98,0,0.902786,0.951393,6,25*1*1,150*1*1
353,0,0,0,0,0,0,0,0,0,1*1*1,1*1*1
354,0,0,0,0,0,0,0,0,0,1*1*1,1*1*1
355,745.338,1,1055,0,1055,0,0.791252,0.895626,19,25*6*1,150*4*1
356,0,0,0,0,0,0,0,0,0,1*1*1,1*1*1
357,0,0,0,0,0,0,0,0,0,1*1*1,1*1*1
358,733.242,1,1056,1,1056,0,0.804305,0.902152,19,25*6*1,150*4*1
359,813.3,1,1055,1,1055,0,0.725132,0.862566,19,25*6*1,150*4*1
360,2942.07,1,5584,0,5584,0,0.950402,0.975201,28,25*6*5,150*8*3
361,5289.4,1,10346,0,10346,0,0.916919,0.958459,33,25*6*9,150*16*3
362,15882.5,1,12934,0,12934,0,0.390162,0.695081,35,25*6*11,150*16*4
363,6489.78,1,12935,1,12935,0,0.954847,0.977424,35,25*6*11,150*16*4
364,15244.4,1,12934,1,12934,0,0.406494,0.703247,35,25*6*11,150*16*4
365,520.352,1,632,0,632,0,0.871718,0.935859,17,25*2*2,150*2*1
366,9757.18,1,12934,0,12934,0,0.635096,0.817548,35,25*6*11,150*16*4
367,7782.69,1,12935,1,12935,0,0.796222,0.898111,35,25*6*11,150*16*4
368,2152.78,1,3853,0,3853,0,0.856311,0.928156,24,25*3*7,150*16*1
369,15285.5,1,12934,0,12934,0,0.405401,0.7027,35,25*6*11,150*16*4
370,2298.73,1,4217,0,4217,0,0.820671,0.910335,25,25*6*4,150*16*1
371,19898.9,1,12934,0,12934,0,0.311412,0.655706,35,25*6*11,150*16*4
372,13455.6,1,12935,1,12935,0,0.460533,0.730267,35,25*6*11,150*16*4
373,3773.72,1,6033,0,6033,0,0.785286,0.892643,29,25*6*5,150*16*2
374,3567.45,1,6034,1,6034,0,0.830691,0.915346,29,25*6*5,150*16*2
375,3569.43,1,6034,1,6034,0,0.830231,0.915115,29,25*6*5,150*16*2
376,2094.36,1,3853,0,3853,0,0.880197,0.940099,24,25*3*7,150*16*1
377,3244.73,1,6033,0,6033,0,0.913312,0.956656,29,25*6*5,150*16*2
378,970.046,1,1728,0,1728,0,0.955058,0.977529,20,25*3*3,150*8*1
379,606.424,1,789,1,789,0,0.838605,0.919302,18,25*6*1,150*2*1
380,1644.75,1,3020,1,3020,0,0.940781,0.970391,23,25*3*5,150*16*1
381,3080.19,1,5585,1,5585,0,0.907785,0.953892,28,25*6*5,150*8*3
382,2843.89,1,4861,1,4861,0,0.75824,0.87912,27,25*6*5,150*16*1
383,3857.48,1,6034,1,6034,0,0.768235,0.884117,29,25*6*5,150*16*2
384,14006.3,1,12934,0,12934,0,0.442426,0.721213,35,25*6*11,150*16*4
385,763.655,1,1055,0,1055,0,0.772273,0.886136,19,25*6*1,150*4*1
386,2161.55,1,3853,0,3853,0,0.852837,0.926419,24,25*3*7,150*16*1
387,1655.09,1,3019,0,3019,0,0.934904,0.967452,23,25*3*5,150*16*1
388,5958.59,1,11150,0,11150,0,0.85923,0.929615,34,25*6*10,150*16*3
389,2606.48,1,4217,0,4217,0,0.723773,0.861887,25,25*6*4,150*16*1
390,848.815,1,1056,1,1056,0,0.694792,0.847396,19,25*6*1,150*4*1
391,0,0,0,0,0,0,0,0,0,1*1*1,1*1*1
392,657.127,1,1055,1,1055,0,0.897467,0.948734,19,25*6*1,150*4*1
393,617.724,1,789,1,789,0,0.823264,0.911632,18,25*6*1,150*2*1
394,1445.57,1,2111,1,2111,0,0.706988,0.853494,21,25*6*2,150*8*1
395,1794.68,1,3572,0,3572,0,1.02717,1.01359,24,25*3*7,150*16*1
396,579.103,1,788,0,788,0,0.878168,0.939084,18,25*6*1,150*2*1
397,331.65,1,394,0,394,0,0.92869,0.964345,15,25*3*1,75*2*1
398,2779.05,1,4860,0,4860,0,0.775931,0.887965,27,25*6*5,150*16*1
399,2819.65,1,4861,1,4861,0,0.764758,0.882379,27,25*6*5,150*16*1
400,1231.87,1,2110,0,2110,0,0.829633,0.914816,21,25*6*2,150*8*1
401,1126.27,1,1728,0,1728,0,0.822583,0.911291,20,25*3*3,150*8*1
402,3151.52,1,5584,0,5584,0,0.887239,0.943619,28,25*6*5,150*8*3
403,3593.87,1,6034,1,6034,0,0.824585,0.912292,29,25*6*5,150*16*2
404,3199.29,1,5585,1,5585,0,0.873991,0.936995,28,25*6*5,150*8*3
405,16034.8,1,12934,0,12934,0,0.386456,0.693228,35,25*6*11,150*16*4
406,15651.2,1,12935,1,12935,0,0.395928,0.697964,35,25*6*11,150*16*4
407,20882.6,1,12934,1,12934,0,0.296742,0.648371,35,25*6*11,150*16*4
408,4874.17,1,9491,0,9491,0,0.939668,0.969834,32,25*6*8,150*16*3
409,4816.72,1,8425,1,8425,0,0.783313,0.891657,31,25*6*8,150*16*2
410,15871.8,1,12934,0,12934,0,0.390425,0.695213,35,25*6*11,150*16*4
411,6490.76,1,12935,1,12935,0,0.954703,0.977352,35,25*6*11,150*16*4
412,6071.56,1,11150,0,11150,0,0.843243,0.921621,34,25*6*10,150*16*3
413,6969.86,1,12934,0,12934,0,0.889078,0.944539,35,25*6*11,150*16*4
414,14799.6,1,12935,1,12935,0,0.418711,0.709355,35,25*6*11,150*16*4
415,15587.7,1,12934,1,12934,0,0.397541,0.698771,35,25*6*11,150*16*4
416,11302.9,1,12935,1,12935,0,0.548244,0.774122,35,25*6*11,150*16*4
417,8356.07,1,12934,1,12934,0,0.741587,0.870793,35,25*6*11,150*16*4
418,14989.2,1,12935,1,12935,0,0.413414,0.706707,35,25*6*11,150*16*4
419,7215.16,1,12935,1,12935,0,0.858851,0.929426,35,25*6*11,150*16*4
420,12681.5,1,12934,1,12934,0,0.488645,0.744322,35,25*6*11,150*16*4
421,7904.85,1,12935,1,12935,0,0.783917,0.891959,35,25*6*11,150*16*4
422,8218.82,1,12934,1,12934,0,0.753971,0.876985,35,25*6*11,150*16*4
423,6785.64,1,12935,1,12935,0,0.913215,0.956608,35,25*6*11,150*16*4
424,8958.65,1,12934,1,12934,0,0.691706,0.845853,35,25*6*11,150*16*4
425,8079.77,1,12935,1,12935,0,0.766946,0.883473,35,25*6*11,150*16*4
426,10357.1,1,12935,1,12935,0,0.598309,0.799155,35,25*6*11,150*16*4
427,7140.9,1,12934,1,12934,0,0.867783,0.933891,35,25*6*11,150*16*4
428,8168.07,1,12935,1,12935,0,0.758655,0.879328,35,25*6*11,150*16*4
429,5820.2,1,11150,0,11150,0,0.87966,0.93983,34,25*6*10,150*16*3
430,6095.89,1,11151,1,11151,0,0.839877,0.919939,34,25*6*10,150*16*3
431,2588.72,1,4217,0,4217,0,0.728739,0.864369,25,25*6*4,150*16*1
432,719.874,1,1056,1,1056,0,0.819241,0.90962,19,25*6*1,150*4*1
433,2220.3,1,3853,0,3853,0,0.830271,0.915135,24,25*3*7,150*16*1
434,2488.53,1,4217,0,4217,0,0.758078,0.879039,25,25*6*4,150*16*1
435,5105.92,1,9491,0,9491,0,0.897018,0.948509,32,25*6*8,150*16*3
436,5092.5,1,9491,1,9491,0,0.899381,0.949691,32,25*6*8,150*16*3
437,19461.8,1,12934,0,12934,0,0.318406,0.659203,35,25*6*11,150*16*4
438,3547.38,1,6033,0,6033,0,0.835391,0.917696,29,25*6*5,150*16*2
439,5710.76,1,11150,0,11150,0,0.896518,0.948259,34,25*6*10,150*16*3
440,19978.5,1,12934,0,12934,0,0.310171,0.655085,35,25*6*11,150*16*4
441,12516,1,12935,1,12935,0,0.495106,0.747553,35,25*6*11,150*16*4
442,13833.3,1,12934,1,12934,0,0.447959,0.723979,35,25*6*11,150*16*4
443,6493.1,1,12935,1,12935,0,0.954359,0.97718,35,25*6*11,150*16*4
444,12746.5,1,12934,1,12934,0,0.486153,0.743077,35,25*6*11,150*16*4
445,12118,1,12935,1,12935,0,0.511367,0.755684,35,25*6*11,150*16*4
446,7530.64,1,12935,1,12935,0,0.822872,0.911436,35,25*6*11,150*16*4
447,1941.34,1,3853,0,3853,0,0.949576,0.974788,24,25*3*7,150*16*1
448,1030.02,1,1728,0,1728,0,0.899449,0.949724,20,25*3*3,150*8*1
449,0,0,0,0,0,0,0,0,0,1*1*1,1*1*1
450,0,0,0,0,0,0,0,0,0,1*1*1,1*1*1
451,0,0,0,0,0,0,0,0,0,1*1*1,1*1*1
452,819.263,1,1056,1,1056,0,0.719854,0.859927,19,25*6*1,150*4*1
453,111.896,1,26,0,26,0,0.86643,0.933215,5,5*1*1,10*1*1
454,879.064,1,1666,0,1666,0,1.05391,1.02695,20,25*3*3,150*8*1
455,863.991,1,1638,1,1638,0,1.07229,1.03615,20,25*3*3,150*8*1
456,403.186,1,394,0,394,0,0.763915,0.881958,15,25*3*1,75*2*1
457,0,0,0,0,0,0,0,0,0,1*1*1,1*1*1
458,717.659,1,1055,0,1055,0,0.821769,0.910885,19,25*6*1,150*4*1
459,1193.27,1,2110,0,2110,0,0.85647,0.928235,21,25*6*2,150*8*1
460,2375.02,1,4217,0,4217,0,0.794309,0.897155,25,25*6*4,150*16*1
461,4532.79,1,8424,0,8424,0,0.832379,0.91619,31,25*6*8,150*16*2
462,5264.37,1,10346,0,10346,0,0.921278,0.960639,33,25*6*9,150*16*3
463,7623.02,1,12934,0,12934,0,0.8129,0.90645,35,25*6*11,150*16*4
464,4279.81,1,7698,0,7698,0,0.818529,0.909265,30,25*6*7,150*16*2
465,1883.51,1,3750,1,3750,0,0.978731,0.989366,24,25*3*7,150*16*1
466,1952.12,1,3853,1,3853,0,0.944332,0.972166,24,25*3*7,150*16*1
467,237.952,1,196,0,196,0,0.925187,0.962593,11,25*2*1,30*2*1
468,2153.32,1,3853,0,3853,0,0.856097,0.928048,24,25*3*7,150*16*1
469,0,0,0,0,0,0,0,0,0,1*1*1,1*1*1
470,753,1,1055,0,1055,0,0.783201,0.8916,19,25*6*1,150*4*1
471,1403.91,1,2110,0,2110,0,0.727967,0.863983,21,25*6*2,150*8*1
472,372.158,1,394,0,394,0,0.827605,0.913803,15,25*3*1,75*2*1
473,0,0,0,0,0,0,0,0,0,1*1*1,1*1*1
474,0,0,0,0,0,0,0,0,0,1*1*1,1*1*1
475,993.313,1,1728,0,1728,0,0.932687,0.966343,20,25*3*3,150*8*1
476,0,0,0,0,0,0,0,0,0,1*1*1,1*1*1
477,261.629,1,225,0,225,0,0.866876,0.933438,12,25*2*1,75*1*1
478,0,0,0,0,0,0,0,0,0,1*1*1,1*1*1
479,113.347,1,31,0,31,0,0.901656,0.950828,6,5*1*1,15*1*1
480,0,0,0,0,0,0,0,0,0,1*1*1,1*1*1
481,0,0,0,0,0,0,0,0,0,1*1*1,1*1*1
482,0,0,0,0,0,0,0,0,0,1*1*1,1*1*1
483,141.167,1,87,0,87,0,0.947105,0.973553,7,25*1*1,25*1*1
484,3623.2,1,6033,0,6033,0,0.81791,0.908955,29,25*6*5,150*16*2
485,5046.18,1,9491,0,9491,0,0.907637,0.953819,32,25*6*8,150*16*3
486,4281.59,1,7698,0,7698,0,0.818189,0.909095,30,25*6*7,150*16*2
487,2147.37,1,3854,1,3854,0,0.858469,0.929234,24,25*3*7,150*16*1
488,16772.1,1,12934,0,12934,0,0.369468,0.684734,35,25*6*11,150*16*4
489,1965.63,1,3853,0,3853,0,0.937842,0.968921,24,25*3*7,150*16*1
490,20052.9,1,12934,0,12934,0,0.30902,0.65451,35,25*6*11,150*16*4
491,2192.39,1,3853,0,3853,0,0.84084,0.92042,24,25*3*7,150*16*1
492,2152.36,1,3854,1,3854,0,0.856478,0.928239,24,25*3*7,150*16*1
493,3857.02,1,6033,0,6033,0,0.768326,0.884163,29,25*6*5,150*16*2
494,3786.31,1,6034,1,6034,0,0.782675,0.891337,29,25*6*5,150*16*2
495,3080.01,1,5585,1,5585,0,0.907838,0.953919,28,25*6*5,150*8*3
496,2977.2,1,5585,1,5585,0,0.939188,0.969594,28,25*6*5,150*8*3
497,1479.29,1,2110,0,2110,0,0.690872,0.845436,21,25*6*2,150*8*1
498,3155,1,5584,0,5584,0,0.88626,0.94313,28,25*6*5,150*8*3
499,3516.86,1,6034,1,6034,0,0.842641,0.92132,29,25*6*5,150*16*2
500,3120.8,1,5585,1,5585,0,0.895972,0.947986,28,25*6*5,150*8*3
501,2223.46,1,3853,0,3853,0,0.829091,0.914545,24,25*3*7,150*16*1
502,5856.81,1,11150,0,11150,0,0.874162,0.937081,34,25*6*10,150*16*3
503,4095.87,1,7698,0,7698,0,0.855288,0.927644,30,25*6*7,150*16*2
504,3793.35,1,6033,0,6033,0,0.781222,0.890611,29,25*6*5,150*16*2
505,2562.19,1,4217,0,4217,0,0.736284,0.868142,25,25*6*4,150*16*1
506,1155.36,1,2110,1,2110,0,0.884573,0.942286,21,25*6*2,150*8*1
507,3328.22,1,6033,0,6033,0,0.890401,0.9452,29,25*6*5,150*16*2
508,3543.28,1,6034,1,6034,0,0.836358,0.918179,29,25*6*5,150*16*2
509,3289.89,1,6034,1,6034,0,0.900775,0.950387,29,25*6*5,150*16*2
510,1890.51,1,3763,0,3763,0,0.975107,0.987554,24,25*3*7,150*16*1
511,3972.31,1,7699,1,7699,0,0.881892,0.940946,30,25*6*7,150*16*2
512,7247.81,1,12934,0,12934,0,0.854982,0.927491,35,25*6*11,150*16*4
513,4096.66,1,7698,0,7698,0,0.855123,0.927562,30,25*6*7,150*16*2
514,5081.82,1,9491,0,9491,0,0.901272,0.950636,32,25*6*8,150*16*3
515,2647.21,1,4217,0,4217,0,0.712637,0.856319,25,25*6*4,150*16*1
516,1557.41,1,2432,1,2432,0,0.784989,0.892495,22,25*3*5,150*8*1
517,1009.16,1,1729,1,1729,0,0.918041,0.95902,20,25*3*3,150*8*1
518,2412.77,1,4217,0,4217,0,0.781881,0.890941,25,25*6*4,150*16*1
519,93.3607,1,17,0,17,0,0.982212,0.991106,3,5*1*1,5*1*1
520,0,0,0,0,0,0,0,0,0,1*1*1,1*1*1
521,507.135,1,632,0,632,0,0.894436,0.947218,17,25*2*2,150*2*1
522,802.016,1,1055,0,1055,0,0.735334,0.867667,19,25*6*1,150*4*1
523,275.591,1,263,1,263,0,0.875029,0.937514,13,25*2*1,50*2*1
524,545.093,1,632,0,632,0,0.832152,0.916076,17,25*2*2,150*2*1
525,485.447,1,633,1,633,0,0.934397,0.967198,17,25*2*2,150*2*1
526,2505.42,1,4217,0,4217,0,0.752968,0.876484,25,25*6*4,150*16*1
527,1150.4,1,2110,1,2110,0,0.888387,0.944193,21,25*6*2,150*8*1
528,1817.18,1,3618,1,3618,0,1.01446,1.00723,24,25*3*7,150*16*1
529,623.922,1,788,0,788,0,0.815086,0.907543,18,25*6*1,150*2*1
530,745.277,1,1056,1,1056,0,0.791317,0.895658,19,25*6*1,150*4*1
531,1031.43,1,1728,0,1728,0,0.898219,0.949109,20,25*3*3,150*8*1
532,0,0,0,0,0,0,0,0,0,1*1*1,1*1*1
533,0,0,0,0,0,0,0,0,0,1*1*1,1*1*1
534,845.54,1,1056,1,1056,0,0.697483,0.848742,19,25*6*1,150*4*1
535,0,0,0,0,0,0,0,0,0,1*1*1,1*1*1
536,0,0,0,0,0,0,0,0,0,1*1*1,1*1*1
537,523.027,1,632,0,632,0,0.867259,0.93363,17,25*2*2,150*2*1
538,0,0,0,0,0,0,0,0,0,1*1*1,1*1*1
539,0,0,0,0,0,0,0,0,0,1*1*1,1*1*1
540,730.22,1,1055,0,1055,0,0.807633,0.903817,19,25*6*1,150*4*1
541,98.8366,1,19,0,19,0,0.938418,0.969209,4,5*1*1,6*1*1
542,454.655,1,526,0,526,0,0.945332,0.972666,16,25*2*2,50*4*1
543,0,0,0,0,0,0,0,0,0,1*1*1,1*1*1
544,992.296,1,1728,0,1728,0,0.933643,0.966821,20,25*3*3,150*8*1
545,561.466,1,789,1,789,0,0.905754,0.952877,18,25*6*1,150*2*1
546,147.639,1,98,0,98,0,0.941147,0.970573,8,25*1*1,30*1*1
547,721.382,1,1055,0,1055,0,0.817528,0.908764,19,25*6*1,150*4*1
548,2910.05,1,5584,0,5584,0,0.96086,0.98043,28,25*6*5,150*8*3
549,2008.95,1,3853,0,3853,0,0.917619,0.958809,24,25*3*7,150*16*1
550,3186.21,1,5584,0,5584,0,0.877579,0.938789,28,25*6*5,150*8*3
551,14902.6,1,12934,0,12934,0,0.415817,0.707908,35,25*6*11,150*16*4
552,18531.8,1,12935,1,12935,0,0.334385,0.667192,35,25*6*11,150*16*4
553,15678,1,12934,1,12934,0,0.395251,0.697626,35,25*6*11,150*16*4
554,15312.7,1,12935,1,12935,0,0.40468,0.70234,35,25*6*11,150*16*4
555,19826,1,12934,1,12934,0,0.312557,0.656278,35,25*6*11,150*16*4
556,12500.8,1,12935,1,12935,0,0.495708,0.747854,35,25*6*11,150*16*4
557,16337.7,1,12935,1,12935,0,0.379291,0.689646,35,25*6*11,150*16*4
558,25080.4,1,12934,1,12934,0,0.247075,0.623538,35,25*6*11,150*16*4
559,19966.7,1,12935,1,12935,0,0.310354,0.655177,35,25*6*11,150*16*4
560,16662.1,1,12934,1,12934,0,0.371907,0.685953,35,25*6*11,150*16*4
561,15663.7,1,12935,1,12935,0,0.395612,0.697806,35,25*6*11,150*16*4
562,15278.8,1,12934,1,12934,0,0.405578,0.702789,35,25*6*11,150*16*4
563,20124.2,1,12935,1,12935,0,0.307925,0.653963,35,25*6*11,150*16*4
564,9717.11,1,12935,1,12935,0,0.637715,0.818858,35,25*6*11,150*16*4
565,20155.7,1,12934,1,12934,0,0.307444,0.653722,35,25*6*11,150*16*4
566,25827.8,1,12935,1,12935,0,0.239926,0.619963,35,25*6*11,150*16*4
567,15207.9,1,12934,1,12934,0,0.407469,0.703735,35,25*6*11,150*16*4
568,12499.1,1,12935,1,12935,0,0.495776,0.747888,35,25*6*11,150*16*4
569,16245.6,1,12935,1,12935,0,0.381442,0.690721,35,25*6*11,150*16*4
570,25467.4,1,12934,1,12934,0,0.243321,0.62166,35,25*6*11,150*16*4
571,20024.9,1,12935,1,12935,0,0.309452,0.654726,35,25*6*11,150*16*4
572,24906.2,1,12934,1,12934,0,0.248804,0.624402,35,25*6*11,150*16*4
573,11491.1,1,12935,1,12935,0,0.539265,0.769633,35,25*6*11,150*16*4
574,12659.2,1,12934,1,12934,0,0.489506,0.744753,35,25*6*11,150*16*4
575,11882.2,1,12935,1,12935,0,0.521515,0.760758,35,25*6*11,150*16*4
576,16406.9,1,12934,1,12934,0,0.377692,0.688846,35,25*6*11,150*16*4
577,12472.9,1,12935,1,12935,0,0.496817,0.748409,35,25*6*11,150*16*4
578,12402.6,1,12934,1,12934,0,0.499633,0.749817,35,25*6*11,150*16*4
579,15424,1,12935,1,12935,0,0.40176,0.70088,35,25*6*11,150*16*4
580,12475.8,1,12935,1,12935,0,0.496702,0.748351,35,25*6*11,150*16*4
581,10703.1,1,12934,1,12934,0,0.578968,0.789484,35,25*6*11,150*16*4
582,12637.8,1,12935,1,12935,0,0.490335,0.745167,35,25*6*11,150*16*4
583,14624.2,1,12934,1,12934,0,0.423733,0.711866,35,25*6*11,150*16*4
584,15685.5,1,12935,1,12935,0,0.395062,0.697531,35,25*6*11,150*16*4
585,5974.52,1,11150,0,11150,0,0.856939,0.92847,34,25*6*10,150*16*3
586,15542.2,1,12934,0,12934,0,0.398705,0.699352,35,25*6*11,150*16*4
587,3401.88,1,6033,0,6033,0,0.871121,0.935561,29,25*6*5,150*16*2
588,980.995,1,1728,0,1728,0,0.944398,0.972199,20,25*3*3,150*8*1
589,1065.25,1,1729,1,1729,0,0.869702,0.934851,20,25*3*3,150*8*1
590,0,0,0,0,0,0,0,0,0,1*1*1,1*1*1
591,188.671,1,131,0,131,0,0.847772,0.923886,9,25*1*1,50*1*1
592,1512.09,1,2432,0,2432,0,0.808517,0.904258,22,25*3*5,150*8*1
593,362.42,1,394,0,394,0,0.849843,0.924921,15,25*3*1,75*2*1
594,2963.62,1,5584,0,5584,0,0.943491,0.971746,28,25*6*5,150*8*3
595,654.439,1,1055,0,1055,0,0.901154,0.950577,19,25*6*1,150*4*1
596,9451.85,1,12934,0,12934,0,0.655612,0.827806,35,25*6*11,150*16*4
597,1692,1,3019,0,3019,0,0.914509,0.957255,23,25*3*5,150*16*1
598,19757.8,1,12934,0,12934,0,0.313636,0.656818,35,25*6*11,150*16*4
599,20075.5,1,12935,1,12935,0,0.308672,0.654336,35,25*6*11,150*16*4
600,13675.4,1,12934,1,12934,0,0.453131,0.726566,35,25*6*11,150*16*4
601,1730.13,1,3443,0,3443,0,1.0655,1.03275,24,25*3*7,150*16*1
602,7966.08,1,12934,0,12934,0,0.777892,0.888946,35,25*6*11,150*16*4
603,15825.7,1,12935,1,12935,0,0.391562,0.695781,35,25*6*11,150*16*4
604,15897.7,1,12934,1,12934,0,0.389789,0.694895,35,25*6*11,150*16*4
605,19911.7,1,12935,1,12935,0,0.311211,0.655606,35,25*6*11,150*16*4
606,12652.9,1,12934,1,12934,0,0.489749,0.744875,35,25*6*11,150*16*4
607,1601.94,1,2432,0,2432,0,0.763168,0.881584,22,25*3*5,150*8*1
608,94.5331,1,19,0,19,0,0.981138,0.990569,4,5*1*1,6*1*1
609,0,0,0,0,0,0,0,0,0,1*1*1,1*1*1
610,0,0,0,0,0,0,0,0,0,1*1*1,1*1*1
611,1455.12,1,2110,0,2110,0,0.702348,0.851174,21,25*6*2,150*8*1
612,284.364,1,263,0,263,0,0.848033,0.924016,13,25*2*1,50*2*1
613,0.402026,0,0,0,0,0,0,0,0,1*1*1,1*1*1
614,182.042,1,100,1,98,0,0.871846,0.935923,6,25*1*1,150*1*1
