1,329.439,0,0,0,0,0,0,0*0*0,0*0*0
2,335.837,0,0,0,0,0,0,0*0*0,0*0*0
3,402.958,0,0,0,0,0,0,0*0*0,0*0*0
4,439.889,0,0,0,0,0,0,0*0*0,0*0*0
5,470.066,0,0,0,0,0,0,0*0*0,0*0*0
6,497.198,0,0,0,0,0,0,0*0*0,0*0*0
7,507.81,0,0,0,0,0,0,0*0*0,0*0*0
8,529.016,0,0,0,0,0,0,0*0*0,0*0*0
9,540.069,0,0,0,0,0,0,0*0*0,0*0*0
10,555.763,0,0,0,0,0,0,0*0*0,0*0*0
11,573.542,0,0,0,0,0,0,0*0*0,0*0*0
12,590.88,0,0,0,0,0,0,0*0*0,0*0*0
13,606.045,0,0,0,0,0,0,0*0*0,0*0*0
14,613.575,0,0,0,0,0,0,0*0*0,0*0*0
15,628.304,0,0,0,0,0,0,0*0*0,0*0*0
16,639.437,0,0,0,0,0,0,0*0*0,0*0*0
17,651.108,0,0,0,0,0,0,0*0*0,0*0*0
18,656.341,0,0,0,0,0,0,0*0*0,0*0*0
19,671.03,0,0,0,0,0,0,0*0*0,0*0*0
20,682.211,0,0,0,0,0,0,0*0*0,0*0*0
21,695.832,0,0,0,0,0,0,0*0*0,0*0*0
22,708.419,0,0,0,0,0,0,0*0*0,0*0*0
23,714.182,0,0,0,0,0,0,0*0*0,0*0*0
24,718.419,0,0,0,0,0,0,0*0*0,0*0*0
25,723.554,0,0,0,0,0,0,0*0*0,0*0*0
26,731.639,0,0,0,0,0,0,0*0*0,0*0*0
27,734.938,0,0,0,0,0,0,0*0*0,0*0*0
28,741.558,0,0,0,0,0,0,0*0*0,0*0*0
29,747.276,0,0,0,0,0,0,0*0*0,0*0*0
30,748.445,0,0,0,0,0,0,0*0*0,0*0*0
31,752.62,0,0,0,0,0,0,0*0*0,0*0*0
32,752.575,0,0,0,0,0,0,0*0*0,0*0*0
33,762.727,0,0,0,0,0,0,0*0*0,0*0*0
34,763.896,0,0,0,0,0,0,0*0*0,0*0*0
35,760.154,0,0,0,0,0,0,0*0*0,0*0*0
36,765.327,0,0,0,0,0,0,0*0*0,0*0*0
37,760.187,0,0,0,0,0,0,0*0*0,0*0*0
38,759.851,0,0,0,0,0,0,0*0*0,0*0*0
39,765.057,0,0,0,0,0,0,0*0*0,0*0*0
40,761.297,0,0,0,0,0,0,0*0*0,0*0*0
41,759.626,0,0,0,0,0,0,0*0*0,0*0*0
42,760.711,0,0,0,0,0,0,0*0*0,0*0*0
43,761.068,0,0,0,0,0,0,0*0*0,0*0*0
44,764.598,0,0,0,0,0,0,0*0*0,0*0*0
45,763.663,0,0,0,0,0,0,0*0*0,0*0*0
46,761.75,0,0,0,0,0,0,0*0*0,0*0*0
47,761.356,0,0,0,0,0,0,0*0*0,0*0*0
48,755.506,0,0,0,0,0,0,0*0*0,0*0*0
49,754.428,0,0,0,0,0,0,0*0*0,0*0*0
50,749.437,0,0,0,0,0,0,0*0*0,0*0*0
51,744.161,0,0,0,0,0,0,0*0*0,0*0*0
52,737.443,0,0,0,0,0,0,0*0*0,0*0*0
53,734.399,0,0,0,0,0,0,0*0*0,0*0*0
54,730.726,0,0,0,0,0,0,0*0*0,0*0*0
55,726.842,0,0,0,0,0,0,0*0*0,0*0*0
56,724.487,0,0,0,0,0,0,0*0*0,0*0*0
57,722.907,0,0,0,0,0,0,0*0*0,0*0*0
58,723.12,0,0,0,0,0,0,0*0*0,0*0*0
59,723.558,0,0,0,0,0,0,0*0*0,0*0*0
60,727.091,0,0,0,0,0,0,0*0*0,0*0*0
61,729.853,0,0,0,0,0,0,0*0*0,0*0*0
62,731.002,0,0,0,0,0,0,0*0*0,0*0*0
63,735.975,0,0,0,0,0,0,0*0*0,0*0*0
64,738.371,0,0,0,0,0,0,0*0*0,0*0*0
65,741.252,0,0,0,0,0,0,0*0*0,0*0*0
66,746.267,0,0,0,0,0,0,0*0*0,0*0*0
67,750.957,0,0,0,0,0,0,0*0*0,0*0*0
68,752.5,0,0,0,0,0,0,0*0*0,0*0*0
69,756.661,0,0,0,0,0,0,0*0*0,0*0*0
70,759.664,0,0,0,0,0,0,0*0*0,0*0*0
71,758.624,0,0,0,0,0,0,0*0*0,0*0*0
72,762.295,0,0,0,0,0,0,0*0*0,0*0*0
73,765.422,0,0,0,0,0,0,0*0*0,0*0*0
74,768.743,0,0,0,0,0,0,0*0*0,0*0*0
75,773.457,0,0,0,0,0,0,0*0*0,0*0*0
76,774.137,0,0,0,0,0,0,0*0*0,0*0*0
77,777.487,0,0,0,0,0,0,0*0*0,0*0*0
78,779.858,0,0,0,0,0,0,0*0*0,0*0*0
79,783.155,0,0,0,0,0,0,0*0*0,0*0*0
80,783.71,0,0,0,0,0,0,0*0*0,0*0*0
81,786.013,0,0,0,0,0,0,0*0*0,0*0*0
82,789.546,0,0,0,0,0,0,0*0*0,0*0*0
83,795.64,0,0,0,0,0,0,0*0*0,0*0*0
84,794.474,0,0,0,0,0,0,0*0*0,0*0*0
85,796.295,0,0,0,0,0,0,0*0*0,0*0*0
86,798.528,0,0,0,0,0,0,0*0*0,0*0*0
87,801.69,0,0,0,0,0,0,0*0*0,0*0*0
88,804.222,0,0,0,0,0,0,0*0*0,0*0*0
89,804.923,0,0,0,0,0,0,0*0*0,0*0*0
90,810.535,0,0,0,0,0,0,0*0*0,0*0*0
91,810.548,0,0,0,0,0,0,0*0*0,0*0*0
92,813.577,0,0,0,0,0,0,0*0*0,0*0*0
93,817.514,0,0,0,0,0,0,0*0*0,0*0*0
94,816.388,0,0,0,0,0,0,0*0*0,0*0*0
95,818.453,0,0,0,0,0,0,0*0*0,0*0*0
96,821.061,0,0,0,0,0,0,0*0*0,0*0*0
97,825.355,0,0,0,0,0,0,0*0*0,0*0*0
98,826.862,0,0,0,0,0,0,0*0*0,0*0*0
99,827.761,0,0,0,0,0,0,0*0*0,0*0*0
100,832.31,0,0,0,0,0,0,0*0*0,0*0*0
101,834.342,0,0,0,0,0,0,0*0*0,0*0*0
102,835.373,0,0,0,0,0,0,0*0*0,0*0*0
103,838.586,0,0,0,0,0,0,0*0*0,0*0*0
104,841.131,0,0,0,0,0,0,0*0*0,0*0*0
105,841.685,0,0,0,0,0,0,0*0*0,0*0*0
106,843.775,0,0,0,0,0,0,0*0*0,0*0*0
107,844.827,0,0,0,0,0,0,0*0*0,0*0*0
108,848.058,0,0,0,0,0,0,0*0*0,0*0*0
109,850.371,0,0,0,0,0,0,0*0*0,0*0*0
110,851.918,0,0,0,0,0,0,0*0*0,0*0*0
111,853.552,0,0,0,0,0,0,0*0*0,0*0*0
112,853.775,0,0,0,0,0,0,0*0*0,0*0*0
113,855.56,0,0,0,0,0,0,0*0*0,0*0*0
114,857.603,0,0,0,0,0,0,0*0*0,0*0*0
115,857.141,0,0,0,0,0,0,0*0*0,0*0*0
116,858.773,0,0,0,0,0,0,0*0*0,0*0*0
117,860.323,0,0,0,0,0,0,0*0*0,0*0*0
118,863.387,0,0,0,0,0,0,0*0*0,0*0*0
119,863.906,0,0,0,0,0,0,0*0*0,0*0*0
120,865.028,0,0,0,0,0,0,0*0*0,0*0*0
121,865.113,0,0,0,0,0,0,0*0*0,0*0*0
122,868.351,0,0,0,0,0,0,0*0*0,0*0*0
123,865.058,0,0,0,0,0,0,0*0*0,0*0*0
124,866.472,0,0,0,0,0,0,0*0*0,0*0*0
125,868.141,0,0,0,0,0,0,0*0*0,0*0*0
126,866.822,0,0,0,0,0,0,0*0*0,0*0*0
127,867.742,0,0,0,0,0,0,0*0*0,0*0*0
128,868.447,0,0,0,0,0,0,0*0*0,0*0*0
129,867.411,0,0,0,0,0,0,0*0*0,0*0*0
130,868.082,0,0,0,0,0,0,0*0*0,0*0*0
131,868.578,0,0,0,0,0,0,0*0*0,0*0*0
132,865.534,0,0,0,0,0,0,0*0*0,0*0*0
133,872.532,0,0,0,0,0,0,0*0*0,0*0*0
134,873.279,0,0,0,0,0,0,0*0*0,0*0*0
135,876.532,0,0,0,0,0,0,0*0*0,0*0*0
136,878.314,0,0,0,0,0,0,0*0*0,0*0*0
137,880.241,0,0,0,0,0,0,0*0*0,0*0*0
138,880.678,0,0,0,0,0,0,0*0*0,0*0*0
139,882.052,0,0,0,0,0,0,0*0*0,0*0*0
140,883.792,0,0,0,0,0,0,0*0*0,0*0*0
141,885.785,0,0,0,0,0,0,0*0*0,0*0*0
142,886.136,0,0,0,0,0,0,0*0*0,0*0*0
143,885.706,0,0,0,0,0,0,0*0*0,0*0*0
144,888.845,0,0,0,0,0,0,0*0*0,0*0*0
145,891.086,0,0,0,0,0,0,0*0*0,0*0*0
146,891.473,0,0,0,0,0,0,0*0*0,0*0*0
147,894.274,0,0,0,0,0,0,0*0*0,0*0*0
148,893.868,0,0,0,0,0,0,0*0*0,0*0*0
149,893.909,0,0,0,0,0,0,0*0*0,0*0*0
150,892.891,0,0,0,0,0,0,0*0*0,0*0*0
151,894.646,0,0,0,0,0,0,0*0*0,0*0*0
152,895.048,0,0,0,0,0,0,0*0*0,0*0*0
153,900.286,0,0,0,0,0,0,0*0*0,0*0*0
154,899.688,0,0,0,0,0,0,0*0*0,0*0*0
155,898.914,0,0,0,0,0,0,0*0*0,0*0*0
156,902.544,0,0,0,0,0,0,0*0*0,0*0*0
157,902.384,0,0,0,0,0,0,0*0*0,0*0*0
158,901.936,0,0,0,0,0,0,0*0*0,0*0*0
159,904.938,0,0,0,0,0,0,0*0*0,0*0*0
160,906.736,0,0,0,0,0,0,0*0*0,0*0*0
161,906.558,0,0,0,0,0,0,0*0*0,0*0*0
162,907.878,0,0,0,0,0,0,0*0*0,0*0*0
163,907.941,0,0,0,0,0,0,0*0*0,0*0*0
164,909.658,0,0,0,0,0,0,0*0*0,0*0*0
165,909.71,0,0,0,0,0,0,0*0*0,0*0*0
166,908.572,0,0,0,0,0,0,0*0*0,0*0*0
167,912.512,0,0,0,0,0,0,0*0*0,0*0*0
168,912.615,0,0,0,0,0,0,0*0*0,0*0*0
169,913.817,0,0,0,0,0,0,0*0*0,0*0*0
170,915.143,0,0,0,0,0,0,0*0*0,0*0*0
171,916.239,0,0,0,0,0,0,0*0*0,0*0*0
172,917.963,0,0,0,0,0,0,0*0*0,0*0*0
173,917.076,0,0,0,0,0,0,0*0*0,0*0*0
174,914.584,0,0,0,0,0,0,0*0*0,0*0*0
175,919.402,0,0,0,0,0,0,0*0*0,0*0*0
176,921.556,0,0,0,0,0,0,0*0*0,0*0*0
177,921.701,0,0,0,0,0,0,0*0*0,0*0*0
178,923.665,0,0,0,0,0,0,0*0*0,0*0*0
179,924.207,0,0,0,0,0,0,0*0*0,0*0*0
180,921.604,0,0,0,0,0,0,0*0*0,0*0*0
181,923.523,0,0,0,0,0,0,0*0*0,0*0*0
182,925.767,0,0,0,0,0,0,0*0*0,0*0*0
183,926.406,0,0,0,0,0,0,0*0*0,0*0*0
184,928.573,0,0,0,0,0,0,0*0*0,0*0*0
185,926.456,0,0,0,0,0,0,0*0*0,0*0*0
186,929.746,0,0,0,0,0,0,0*0*0,0*0*0
187,931.641,0,0,0,0,0,0,0*0*0,0*0*0
188,931.496,0,0,0,0,0,0,0*0*0,0*0*0
189,932.537,0,0,0,0,0,0,0*0*0,0*0*0
190,933.411,0,0,0,0,0,0,0*0*0,0*0*0
191,936.004,0,0,0,0,0,0,0*0*0,0*0*0
192,938.495,0,0,0,0,0,0,0*0*0,0*0*0
193,938.895,0,0,0,0,0,0,0*0*0,0*0*0
194,938.072,0,0,0,0,0,0,0*0*0,0*0*0
195,940.177,0,0,0,0,0,0,0*0*0,0*0*0
196,941.533,0,0,0,0,0,0,0*0*0,0*0*0
197,942.613,0,0,0,0,0,0,0*0*0,0*0*0
198,940.843,0,0,0,0,0,0,0*0*0,0*0*0
199,944.414,0,0,0,0,0,0,0*0*0,0*0*0
200,943.018,0,0,0,0,0,0,0*0*0,0*0*0
201,945.444,0,0,0,0,0,0,0*0*0,0*0*0
202,945.02,0,0,0,0,0,0,0*0*0,0*0*0
203,946.589,0,0,0,0,0,0,0*0*0,0*0*0
204,946.816,0,0,0,0,0,0,0*0*0,0*0*0
205,947.413,0,0,0,0,0,0,0*0*0,0*0*0
206,946.955,0,0,0,0,0,0,0*0*0,0*0*0
207,947.148,0,0,0,0,0,0,0*0*0,0*0*0
208,948.931,0,0,0,0,0,0,0*0*0,0*0*0
209,949.631,0,0,0,0,0,0,0*0*0,0*0*0
210,950.46,0,0,0,0,0,0,0*0*0,0*0*0
211,949.475,0,0,0,0,0,0,0*0*0,0*0*0
212,948.395,0,0,0,0,0,0,0*0*0,0*0*0
213,953.173,0,0,0,0,0,0,0*0*0,0*0*0
214,954.254,0,0,0,0,0,0,0*0*0,0*0*0
215,949.467,0,0,0,0,0,0,0*0*0,0*0*0
216,951.773,0,0,0,0,0,0,0*0*0,0*0*0
217,949.287,0,0,0,0,0,0,0*0*0,0*0*0
218,952.431,0,0,0,0,0,0,0*0*0,0*0*0
219,952.999,0,0,0,0,0,0,0*0*0,0*0*0
220,953.268,0,0,0,0,0,0,0*0*0,0*0*0
221,951.622,0,0,0,0,0,0,0*0*0,0*0*0
222,950.441,0,0,0,0,0,0,0*0*0,0*0*0
223,954.225,0,0,0,0,0,0,0*0*0,0*0*0
224,951.897,0,0,0,0,0,0,0*0*0,0*0*0
225,952.217,0,0,0,0,0,0,0*0*0,0*0*0
226,954.015,0,0,0,0,0,0,0*0*0,0*0*0
227,958.072,0,0,0,0,0,0,0*0*0,0*0*0
228,956.339,0,0,0,0,0,0,0*0*0,0*0*0
229,958.456,0,0,0,0,0,0,0*0*0,0*0*0
230,958.36,0,0,0,0,0,0,0*0*0,0*0*0
231,958.917,0,0,0,0,0,0,0*0*0,0*0*0
232,957.918,0,0,0,0,0,0,0*0*0,0*0*0
233,957.147,0,0,0,0,0,0,0*0*0,0*0*0
234,958.934,0,0,0,0,0,0,0*0*0,0*0*0
235,958.533,0,0,0,0,0,0,0*0*0,0*0*0
236,957.409,0,0,0,0,0,0,0*0*0,0*0*0
237,961.742,0,0,0,0,0,0,0*0*0,0*0*0
238,958.76,0,0,0,0,0,0,0*0*0,0*0*0
239,959.451,0,0,0,0,0,0,0*0*0,0*0*0
240,961.325,0,0,0,0,0,0,0*0*0,0*0*0
241,960.725,0,0,0,0,0,0,0*0*0,0*0*0
242,960.994,0,0,0,0,0,0,0*0*0,0*0*0
243,961.673,0,0,0,0,0,0,0*0*0,0*0*0
244,964.508,0,0,0,0,0,0,0*0*0,0*0*0
245,964.334,0,0,0,0,0,0,0*0*0,0*0*0
246,966.87,0,0,0,0,0,0,0*0*0,0*0*0
247,964.775,0,0,0,0,0,0,0*0*0,0*0*0
248,964.645,0,0,0,0,0,0,0*0*0,0*0*0
249,966.904,0,0,0,0,0,0,0*0*0,0*0*0
250,968.028,0,0,0,0,0,0,0*0*0,0*0*0
251,963.265,0,0,0,0,0,0,0*0*0,0*0*0
252,966.135,0,0,0,0,0,0,0*0*0,0*0*0
253,965.924,0,0,0,0,0,0,0*0*0,0*0*0
254,966.154,0,0,0,0,0,0,0*0*0,0*0*0
255,966.406,0,0,0,0,0,0,0*0*0,0*0*0
256,963.767,0,0,0,0,0,0,0*0*0,0*0*0
257,962.41,0,0,0,0,0,0,0*0*0,0*0*0
258,966.307,0,0,0,0,0,0,0*0*0,0*0*0
259,963.98,0,0,0,0,0,0,0*0*0,0*0*0
260,963.469,0,0,0,0,0,0,0*0*0,0*0*0
261,968.496,0,0,0,0,0,0,0*0*0,0*0*0
262,964.223,0,0,0,0,0,0,0*0*0,0*0*0
263,966.784,0,0,0,0,0,0,0*0*0,0*0*0
264,967.977,0,0,0,0,0,0,0*0*0,0*0*0
265,967.424,0,0,0,0,0,0,0*0*0,0*0*0
266,969.269,0,0,0,0,0,0,0*0*0,0*0*0
267,968.853,0,0,0,0,0,0,0*0*0,0*0*0
268,967.909,0,0,0,0,0,0,0*0*0,0*0*0
269,967.279,0,0,0,0,0,0,0*0*0,0*0*0
270,972.357,0,0,0,0,0,0,0*0*0,0*0*0
271,968.647,0,0,0,0,0,0,0*0*0,0*0*0
272,970.175,0,0,0,0,0,0,0*0*0,0*0*0
273,969.102,0,0,0,0,0,0,0*0*0,0*0*0
274,970.939,0,0,0,0,0,0,0*0*0,0*0*0
275,975.174,0,0,0,0,0,0,0*0*0,0*0*0
276,973.382,0,0,0,0,0,0,0*0*0,0*0*0
277,967.968,0,0,0,0,0,0,0*0*0,0*0*0
278,970.74,0,0,0,0,0,0,0*0*0,0*0*0
279,971.65,0,0,0,0,0,0,0*0*0,0*0*0
280,972.344,0,0,0,0,0,0,0*0*0,0*0*0
281,968.873,0,0,0,0,0,0,0*0*0,0*0*0
282,969.835,0,0,0,0,0,0,0*0*0,0*0*0
283,969.985,0,0,0,0,0,0,0*0*0,0*0*0
284,973.943,0,0,0,0,0,0,0*0*0,0*0*0
285,972.668,0,0,0,0,0,0,0*0*0,0*0*0
286,971.546,0,0,0,0,0,0,0*0*0,0*0*0
287,970.543,0,0,0,0,0,0,0*0*0,0*0*0
288,973.624,0,0,0,0,0,0,0*0*0,0*0*0
289,973.54,0,0,0,0,0,0,0*0*0,0*0*0
290,974.056,0,0,0,0,0,0,0*0*0,0*0*0
291,973.206,0,0,0,0,0,0,0*0*0,0*0*0
292,973.503,0,0,0,0,0,0,0*0*0,0*0*0
293,973.282,0,0,0,0,0,0,0*0*0,0*0*0
294,972.263,0,0,0,0,0,0,0*0*0,0*0*0
295,966.002,0,0,0,0,0,0,0*0*0,0*0*0
296,966.747,0,0,0,0,0,0,0*0*0,0*0*0
297,966.609,0,0,0,0,0,0,0*0*0,0*0*0
298,970.921,0,0,0,0,0,0,0*0*0,0*0*0
299,966.983,0,0,0,0,0,0,0*0*0,0*0*0
300,962.088,0,0,0,0,0,0,0*0*0,0*0*0
301,961.626,0,0,0,0,0,0,0*0*0,0*0*0
302,967.752,0,0,0,0,0,0,0*0*0,0*0*0
303,970.095,0,0,0,0,0,0,0*0*0,0*0*0
304,969.925,0,0,0,0,0,0,0*0*0,0*0*0
305,966.851,0,0,0,0,0,0,0*0*0,0*0*0
306,964.716,0,0,0,0,0,0,0*0*0,0*0*0
307,968.789,0,0,0,0,0,0,0*0*0,0*0*0
308,964.381,0,0,0,0,0,0,0*0*0,0*0*0
309,966.096,0,0,0,0,0,0,0*0*0,0*0*0
310,962.373,0,0,0,0,0,0,0*0*0,0*0*0
311,961.102,0,0,0,0,0,0,0*0*0,0*0*0
312,962.456,0,0,0,0,0,0,0*0*0,0*0*0
313,960.771,0,0,0,0,0,0,0*0*0,0*0*0
314,960.898,0,0,0,0,0,0,0*0*0,0*0*0
315,961.402,0,0,0,0,0,0,0*0*0,0*0*0
316,964.002,0,0,0,0,0,0,0*0*0,0*0*0
317,963.257,0,0,0,0,0,0,0*0*0,0*0*0
318,964.791,0,0,0,0,0,0,0*0*0,0*0*0
319,963.036,0,0,0,0,0,0,0*0*0,0*0*0
320,962.676,0,0,0,0,0,0,0*0*0,0*0*0
321,962.935,0,0,0,0,0,0,0*0*0,0*0*0
322,961.379,0,0,0,0,0,0,0*0*0,0*0*0
323,956.813,0,0,0,0,0,0,0*0*0,0*0*0
324,957.887,0,0,0,0,0,0,0*0*0,0*0*0
325,957.191,0,0,0,0,0,0,0*0*0,0*0*0
326,960.459,0,0,0,0,0,0,0*0*0,0*0*0
327,954.86,0,0,0,0,0,0,0*0*0,0*0*0
328,954.45,0,0,0,0,0,0,0*0*0,0*0*0
329,956.031,0,0,0,0,0,0,0*0*0,0*0*0
330,952.803,0,0,0,0,0,0,0*0*0,0*0*0
331,949.719,0,0,0,0,0,0,0*0*0,0*0*0
332,954.541,0,0,0,0,0,0,0*0*0,0*0*0
333,954.977,0,0,0,0,0,0,0*0*0,0*0*0
334,951.819,0,0,0,0,0,0,0*0*0,0*0*0
335,950.576,0,0,0,0,0,0,0*0*0,0*0*0
336,949.958,0,0,0,0,0,0,0*0*0,0*0*0
337,952.279,0,0,0,0,0,0,0*0*0,0*0*0
338,950.587,0,0,0,0,0,0,0*0*0,0*0*0
339,952.221,0,0,0,0,0,0,0*0*0,0*0*0
340,949.995,0,0,0,0,0,0,0*0*0,0*0*0
341,949.739,0,0,0,0,0,0,0*0*0,0*0*0
342,949.711,0,0,0,0,0,0,0*0*0,0*0*0
343,949.455,0,0,0,0,0,0,0*0*0,0*0*0
344,949.219,0,0,0,0,0,0,0*0*0,0*0*0
345,949.594,0,0,0,0,0,0,0*0*0,0*0*0
346,947.363,0,0,0,0,0,0,0*0*0,0*0*0
347,949.319,0,0,0,0,0,0,0*0*0,0*0*0
348,950.989,0,0,0,0,0,0,0*0*0,0*0*0
349,945.846,0,0,0,0,0,0,0*0*0,0*0*0
350,949.781,0,0,0,0,0,0,0*0*0,0*0*0
351,947.47,0,0,0,0,0,0,0*0*0,0*0*0
352,948.884,0,0,0,0,0,0,0*0*0,0*0*0
353,947.765,0,0,0,0,0,0,0*0*0,0*0*0
354,949.16,0,0,0,0,0,0,0*0*0,0*0*0
355,948.717,0,0,0,0,0,0,0*0*0,0*0*0
356,949.168,0,0,0,0,0,0,0*0*0,0*0*0
357,946.434,0,0,0,0,0,0,0*0*0,0*0*0
358,949.036,0,0,0,0,0,0,0*0*0,0*0*0
359,944.088,0,0,0,0,0,0,0*0*0,0*0*0
360,946.018,0,0,0,0,0,0,0*0*0,0*0*0
361,945.927,0,0,0,0,0,0,0*0*0,0*0*0
362,945.99,0,0,0,0,0,0,0*0*0,0*0*0
363,944.648,0,0,0,0,0,0,0*0*0,0*0*0
364,944.822,0,0,0,0,0,0,0*0*0,0*0*0
365,943.489,0,0,0,0,0,0,0*0*0,0*0*0
366,944.291,0,0,0,0,0,0,0*0*0,0*0*0
367,941.166,0,0,0,0,0,0,0*0*0,0*0*0
368,939.664,0,0,0,0,0,0,0*0*0,0*0*0
369,937.797,0,0,0,0,0,0,0*0*0,0*0*0
370,936.803,0,0,0,0,0,0,0*0*0,0*0*0
371,936.86,0,0,0,0,0,0,0*0*0,0*0*0
372,937.498,0,0,0,0,0,0,0*0*0,0*0*0
373,936.663,0,0,0,0,0,0,0*0*0,0*0*0
374,936.595,0,0,0,0,0,0,0*0*0,0*0*0
375,936.688,0,0,0,0,0,0,0*0*0,0*0*0
376,935.997,0,0,0,0,0,0,0*0*0,0*0*0
377,932.204,0,0,0,0,0,0,0*0*0,0*0*0
378,929.721,0,0,0,0,0,0,0*0*0,0*0*0
379,931.877,0,0,0,0,0,0,0*0*0,0*0*0
380,930.171,0,0,0,0,0,0,0*0*0,0*0*0
381,929.815,0,0,0,0,0,0,0*0*0,0*0*0
382,931.524,0,0,0,0,0,0,0*0*0,0*0*0
383,926.55,0,0,0,0,0,0,0*0*0,0*0*0
384,929.689,0,0,0,0,0,0,0*0*0,0*0*0
385,930.128,0,0,0,0,0,0,0*0*0,0*0*0
386,930.536,0,0,0,0,0,0,0*0*0,0*0*0
387,925.149,0,0,0,0,0,0,0*0*0,0*0*0
388,925.267,0,0,0,0,0,0,0*0*0,0*0*0
389,925.099,0,0,0,0,0,0,0*0*0,0*0*0
390,924.72,0,0,0,0,0,0,0*0*0,0*0*0
391,922.345,0,0,0,0,0,0,0*0*0,0*0*0
392,921.739,0,0,0,0,0,0,0*0*0,0*0*0
393,921.085,0,0,0,0,0,0,0*0*0,0*0*0
394,918.429,0,0,0,0,0,0,0*0*0,0*0*0
395,915.21,0,0,0,0,0,0,0*0*0,0*0*0
396,917.333,0,0,0,0,0,0,0*0*0,0*0*0
397,915.416,0,0,0,0,0,0,0*0*0,0*0*0
398,917.02,0,0,0,0,0,0,0*0*0,0*0*0
399,913.669,0,0,0,0,0,0,0*0*0,0*0*0
400,913.388,0,0,0,0,0,0,0*0*0,0*0*0
401,910.381,0,0,0,0,0,0,0*0*0,0*0*0
402,911.508,0,0,0,0,0,0,0*0*0,0*0*0
403,911.652,0,0,0,0,0,0,0*0*0,0*0*0
404,912.39,0,0,0,0,0,0,0*0*0,0*0*0
405,909.908,0,0,0,0,0,0,0*0*0,0*0*0
406,910.401,0,0,0,0,0,0,0*0*0,0*0*0
407,908.204,0,0,0,0,0,0,0*0*0,0*0*0
408,906.484,0,0,0,0,0,0,0*0*0,0*0*0
409,902.775,0,0,0,0,0,0,0*0*0,0*0*0
410,902.089,0,0,0,0,0,0,0*0*0,0*0*0
411,899.394,0,0,0,0,0,0,0*0*0,0*0*0
412,900.146,0,0,0,0,0,0,0*0*0,0*0*0
413,898.527,0,0,0,0,0,0,0*0*0,0*0*0
414,892.909,0,0,0,0,0,0,0*0*0,0*0*0
415,895.245,0,0,0,0,0,0,0*0*0,0*0*0
416,888.056,0,0,0,0,0,0,0*0*0,0*0*0
417,891.692,0,0,0,0,0,0,0*0*0,0*0*0
418,889.422,0,0,0,0,0,0,0*0*0,0*0*0
419,889.505,0,0,0,0,0,0,0*0*0,0*0*0
420,890.887,0,0,0,0,0,0,0*0*0,0*0*0
421,888.491,0,0,0,0,0,0,0*0*0,0*0*0
422,891.036,0,0,0,0,0,0,0*0*0,0*0*0
423,890.364,0,0,0,0,0,0,0*0*0,0*0*0
424,887.298,0,0,0,0,0,0,0*0*0,0*0*0
425,883.382,0,0,0,0,0,0,0*0*0,0*0*0
426,888.479,0,0,0,0,0,0,0*0*0,0*0*0
427,887.557,0,0,0,0,0,0,0*0*0,0*0*0
428,884.005,0,0,0,0,0,0,0*0*0,0*0*0
429,888.604,0,0,0,0,0,0,0*0*0,0*0*0
430,882.64,0,0,0,0,0,0,0*0*0,0*0*0
431,885.811,0,0,0,0,0,0,0*0*0,0*0*0
432,881.167,0,0,0,0,0,0,0*0*0,0*0*0
433,880.398,0,0,0,0,0,0,0*0*0,0*0*0
434,877.863,0,0,0,0,0,0,0*0*0,0*0*0
435,876.958,0,0,0,0,0,0,0*0*0,0*0*0
436,876.145,0,0,0,0,0,0,0*0*0,0*0*0
437,874.1,0,0,0,0,0,0,0*0*0,0*0*0
438,871.737,0,0,0,0,0,0,0*0*0,0*0*0
439,870.098,0,0,0,0,0,0,0*0*0,0*0*0
440,863.073,0,0,0,0,0,0,0*0*0,0*0*0
441,866.279,0,0,0,0,0,0,0*0*0,0*0*0
442,864.613,0,0,0,0,0,0,0*0*0,0*0*0
443,866.779,0,0,0,0,0,0,0*0*0,0*0*0
444,863.717,0,0,0,0,0,0,0*0*0,0*0*0
445,857.716,0,0,0,0,0,0,0*0*0,0*0*0
446,857.463,0,0,0,0,0,0,0*0*0,0*0*0
447,852.298,0,0,0,0,0,0,0*0*0,0*0*0
448,851.747,0,0,0,0,0,0,0*0*0,0*0*0
449,849.891,0,0,0,0,0,0,0*0*0,0*0*0
450,846.848,0,0,0,0,0,0,0*0*0,0*0*0
451,842.189,0,0,0,0,0,0,0*0*0,0*0*0
452,839.941,0,0,0,0,0,0,0*0*0,0*0*0
453,843.862,0,0,0,0,0,0,0*0*0,0*0*0
454,840.825,0,0,0,0,0,0,0*0*0,0*0*0
455,838.33,0,0,0,0,0,0,0*0*0,0*0*0
456,837.225,0,0,0,0,0,0,0*0*0,0*0*0
457,830.884,0,0,0,0,0,0,0*0*0,0*0*0
458,830.83,0,0,0,0,0,0,0*0*0,0*0*0
459,829.827,0,0,0,0,0,0,0*0*0,0*0*0
460,826.41,0,0,0,0,0,0,0*0*0,0*0*0
461,827.881,0,0,0,0,0,0,0*0*0,0*0*0
462,821.626,0,0,0,0,0,0,0*0*0,0*0*0
463,822.211,0,0,0,0,0,0,0*0*0,0*0*0
464,821.938,0,0,0,0,0,0,0*0*0,0*0*0
465,821.378,0,0,0,0,0,0,0*0*0,0*0*0
466,815.772,0,0,0,0,0,0,0*0*0,0*0*0
467,811.035,0,0,0,0,0,0,0*0*0,0*0*0
468,810.848,0,0,0,0,0,0,0*0*0,0*0*0
469,807.406,0,0,0,0,0,0,0*0*0,0*0*0
470,804.419,0,0,0,0,0,0,0*0*0,0*0*0
471,805.819,0,0,0,0,0,0,0*0*0,0*0*0
472,804.369,0,0,0,0,0,0,0*0*0,0*0*0
473,796.327,0,0,0,0,0,0,0*0*0,0*0*0
474,798.451,0,0,0,0,0,0,0*0*0,0*0*0
475,794.405,0,0,0,0,0,0,0*0*0,0*0*0
476,790.853,0,0,0,0,0,0,0*0*0,0*0*0
477,781.465,0,0,0,0,0,0,0*0*0,0*0*0
478,778.639,0,0,0,0,0,0,0*0*0,0*0*0
479,775.875,0,0,0,0,0,0,0*0*0,0*0*0
480,771.917,0,0,0,0,0,0,0*0*0,0*0*0
481,767.48,0,0,0,0,0,0,0*0*0,0*0*0
482,756.716,0,0,0,0,0,0,0*0*0,0*0*0
483,757.807,0,0,0,0,0,0,0*0*0,0*0*0
484,757.555,0,0,0,0,0,0,0*0*0,0*0*0
485,745.939,0,0,0,0,0,0,0*0*0,0*0*0
486,741.047,0,0,0,0,0,0,0*0*0,0*0*0
487,736.383,0,0,0,0,0,0,0*0*0,0*0*0
488,738.687,0,0,0,0,0,0,0*0*0,0*0*0
489,741.185,0,0,0,0,0,0,0*0*0,0*0*0
490,734.012,0,0,0,0,0,0,0*0*0,0*0*0
491,725.551,0,0,0,0,0,0,0*0*0,0*0*0
492,716.077,0,0,0,0,0,0,0*0*0,0*0*0
493,720.851,0,0,0,0,0,0,0*0*0,0*0*0
494,703.254,0,0,0,0,0,0,0*0*0,0*0*0
495,704.93,0,0,0,0,0,0,0*0*0,0*0*0
496,702.665,0,0,0,0,0,0,0*0*0,0*0*0
497,699.538,0,0,0,0,0,0,0*0*0,0*0*0
498,700.013,0,0,0,0,0,0,0*0*0,0*0*0
499,696.59,0,0,0,0,0,0,0*0*0,0*0*0
500,695.166,0,0,0,0,0,0,0*0*0,0*0*0
501,667.304,0,0,0,0,0,0,0*0*0,0*0*0
502,673.461,0,0,0,0,0,0,0*0*0,0*0*0
503,643.951,0,0,0,0,0,0,0*0*0,0*0*0
504,651.431,0,0,0,0,0,0,0*0*0,0*0*0
505,645.393,0,0,0,0,0,0,0*0*0,0*0*0
506,648.303,0,0,0,0,0,0,0*0*0,0*0*0
507,643.402,0,0,0,0,0,0,0*0*0,0*0*0
508,637.457,0,0,0,0,0,0,0*0*0,0*0*0
509,638.211,0,0,0,0,0,0,0*0*0,0*0*0
510,593.103,0,0,0,0,0,0,0*0*0,0*0*0
511,604.91,0,0,0,0,0,0,0*0*0,0*0*0
512,603.474,0,0,0,0,0,0,0*0*0,0*0*0
513,590.653,0,0,0,0,0,0,0*0*0,0*0*0
514,576.05,0,0,0,0,0,0,0*0*0,0*0*0
515,587.614,0,0,0,0,0,0,0*0*0,0*0*0
516,587.446,0,0,0,0,0,0,0*0*0,0*0*0
517,601.686,0,0,0,0,0,0,0*0*0,0*0*0
518,595.073,0,0,0,0,0,0,0*0*0,0*0*0
519,584.692,0,0,0,0,0,0,0*0*0,0*0*0
520,574.37,0,0,0,0,0,0,0*0*0,0*0*0
521,562.893,0,0,0,0,0,0,0*0*0,0*0*0
522,557.45,0,0,0,0,0,0,0*0*0,0*0*0
523,574.491,0,0,0,0,0,0,0*0*0,0*0*0
524,586.287,0,0,0,0,0,0,0*0*0,0*0*0
525,579.096,0,0,0,0,0,0,0*0*0,0*0*0
526,562.315,0,0,0,0,0,0,0*0*0,0*0*0
527,556.256,0,0,0,0,0,0,0*0*0,0*0*0
528,548.998,0,0,0,0,0,0,0*0*0,0*0*0
529,547.851,0,0,0,0,0,0,0*0*0,0*0*0
530,531.815,0,0,0,0,0,0,0*0*0,0*0*0
531,529.787,0,0,0,0,0,0,0*0*0,0*0*0
532,532.785,0,0,0,0,0,0,0*0*0,0*0*0
533,535.273,0,0,0,0,0,0,0*0*0,0*0*0
534,532.724,0,0,0,0,0,0,0*0*0,0*0*0
535,523.472,0,0,0,0,0,0,0*0*0,0*0*0
536,526.787,0,0,0,0,0,0,0*0*0,0*0*0
537,510.937,0,0,0,0,0,0,0*0*0,0*0*0
538,500.906,0,0,0,0,0,0,0*0*0,0*0*0
539,489.832,0,0,0,0,0,0,0*0*0,0*0*0
540,462.876,0,0,0,0,0,0,0*0*0,0*0*0
541,414.787,0,0,0,0,0,0,0*0*0,0*0*0
542,387.175,0,0,0,0,0,0,0*0*0,0*0*0
543,398.327,0,0,0,0,0,0,0*0*0,0*0*0
544,384.99,0,0,0,0,0,0,0*0*0,0*0*0
545,372.077,0,0,0,0,0,0,0*0*0,0*0*0
546,355.284,0,0,0,0,0,0,0*0*0,0*0*0
547,338.566,0,0,0,0,0,0,0*0*0,0*0*0
548,316.812,0,0,0,0,0,0,0*0*0,0*0*0
549,284.204,0,0,0,0,0,0,0*0*0,0*0*0
550,266.627,0,0,0,0,0,0,0*0*0,0*0*0
551,258.043,0,0,0,0,0,0,0*0*0,0*0*0
552,220.513,0,0,0,0,0,0,0*0*0,0*0*0
553,171.375,0,0,0,0,0,0,0*0*0,0*0*0
554,96.2779,0,0,0,0,0,0,0*0*0,0*0*0
555,0,0,0,0,0,0,0,0*0*0,0*0*0
