1,2509,5424,0,0,0.473909,0.736954,123,25*3*5,96*3*5
2,2509,5425,1,0,0.473909,0.736954,123,25*3*5,96*3*5
3,2509,5425,1,0,0.473909,0.736954,123,25*3*5,96*3*5
4,2509,5424,1,0,0.473909,0.736954,123,25*3*5,96*3*5
5,2509,5425,1,0,0.473909,0.736954,123,25*3*5,96*3*5
6,2509,5425,1,0,0.473909,0.736954,123,25*3*5,96*3*5
7,2509,5425,1,0,0.473909,0.736954,123,25*3*5,96*3*5
8,2509,5424,1,0,0.473909,0.736954,123,25*3*5,96*3*5
9,2509,5425,1,0,0.473909,0.736954,123,25*3*5,96*3*5
10,2509,5425,1,0,0.473909,0.736954,123,25*3*5,96*3*5
11,2509,5424,1,0,0.473909,0.736954,123,25*3*5,96*3*5
12,2509,5425,1,0,0.473909,0.736954,123,25*3*5,96*3*5
13,2509,5425,1,0,0.473909,0.736954,123,25*3*5,96*3*5
14,2509,5425,1,0,0.473909,0.736954,123,25*3*5,96*3*5
15,2509,5424,1,0,0.473909,0.736954,123,25*3*5,96*3*5
16,2509,5425,1,0,0.473909,0.736954,123,25*3*5,96*3*5
17,2509,5425,1,0,0.473909,0.736954,123,25*3*5,96*3*5
18,2509,5425,1,0,0.473909,0.736954,123,25*3*5,96*3*5
19,2509,5424,1,0,0.473909,0.736954,123,25*3*5,96*3*5
20,2509,5425,1,0,0.473909,0.736954,123,25*3*5,96*3*5
21,2509,5425,1,0,0.473909,0.736954,123,25*3*5,96*3*5
22,2509,5424,1,0,0.473909,0.736954,123,25*3*5,96*3*5
23,2509,5425,1,0,0.473909,0.736954,123,25*3*5,96*3*5
24,2509,5425,1,0,0.473909,0.736954,123,25*3*5,96*3*5
25,2509,5425,1,0,0.473909,0.736954,123,25*3*5,96*3*5
26,2509,5424,1,0,0.473909,0.736954,123,25*3*5,96*3*5
27,2509,5425,1,0,0.473909,0.736954,123,25*3*5,96*3*5
28,2509,5425,1,0,0.473909,0.736954,123,25*3*5,96*3*5
29,2509,5425,1,0,0.473909,0.736954,123,25*3*5,96*3*5
30,2509,5424,1,0,0.473909,0.736954,123,25*3*5,96*3*5
31,2509,5425,1,0,0.473909,0.736954,123,25*3*5,96*3*5
32,2509,5425,1,0,0.473909,0.736954,123,25*3*5,96*3*5
33,2509,5424,1,0,0.473909,0.736954,123,25*3*5,96*3*5
34,2509,5425,1,0,0.473909,0.736954,123,25*3*5,96*3*5
35,2509,5425,1,0,0.473909,0.736954,123,25*3*5,96*3*5
36,2509,5425,1,0,0.473909,0.736954,123,25*3*5,96*3*5
37,2509,5424,1,0,0.473909,0.736954,123,25*3*5,96*3*5
38,2509,5425,1,0,0.473909,0.736954,123,25*3*5,96*3*5
39,2509,5425,1,0,0.473909,0.736954,123,25*3*5,96*3*5
40,2509,5425,1,0,0.473909,0.736954,123,25*3*5,96*3*5
41,2509,5424,1,0,0.473909,0.736954,123,25*3*5,96*3*5
42,2509,5425,1,0,0.473909,0.736954,123,25*3*5,96*3*5
43,2509,5425,1,0,0.473909,0.736954,123,25*3*5,96*3*5
44,2509,5424,1,0,0.473909,0.736954,123,25*3*5,96*3*5
45,2509,5425,1,0,0.473909,0.736954,123,25*3*5,96*3*5
46,2509,5425,1,0,0.473909,0.736954,123,25*3*5,96*3*5
47,2509.01,5425,1,0,0.473906,0.736953,123,25*3*5,96*3*5
48,2509.15,5424,1,0,0.473881,0.736941,123,25*3*5,96*3*5
49,2509.19,5425,1,0,0.473872,0.736936,123,25*3*5,96*3*5
50,2509.45,5425,1,0,0.473824,0.736912,123,25*3*5,96*3*5
51,2509.58,5425,1,0,0.4738,0.7369,123,25*3*5,96*3*5
52,2510.1,5424,1,0,0.473701,0.736851,123,25*3*5,96*3*5
53,2510.75,5425,1,0,0.473579,0.73679,123,25*3*5,96*3*5
54,2511.27,5425,1,0,0.47348,0.73674,123,25*3*5,96*3*5
55,2512.21,5424,1,0,0.473304,0.736652,123,25*3*5,96*3*5
56,2513.25,5425,1,0,0.473108,0.736554,123,25*3*5,96*3*5
57,2514.38,5425,1,0,0.472895,0.736448,123,25*3*5,96*3*5
58,2515.04,5425,1,0,0.472772,0.736386,123,25*3*5,96*3*5
59,2516.85,5424,1,0,0.472431,0.736216,123,25*3*5,96*3*5
60,2517,5425,1,0,0.472402,0.736201,123,25*3*5,96*3*5
61,2518.29,5425,1,0,0.47216,0.73608,123,25*3*5,96*3*5
62,2518.35,5424,1,0,0.47215,0.736075,123,25*3*5,96*3*5
63,2518.73,5425,1,0,0.472079,0.73604,123,25*3*5,96*3*5
64,2518.84,5425,1,0,0.472057,0.736028,123,25*3*5,96*3*5
65,2519.09,5425,1,0,0.472011,0.736006,123,25*3*5,96*3*5
66,2519.72,5424,1,0,0.471893,0.735947,123,25*3*5,96*3*5
67,2520.29,5425,1,0,0.471787,0.735893,123,25*3*5,96*3*5
68,2520.81,5425,1,0,0.471689,0.735844,123,25*3*5,96*3*5
69,2521.39,5425,1,0,0.471579,0.73579,123,25*3*5,96*3*5
70,2522.01,5424,1,0,0.471464,0.735732,123,25*3*5,96*3*5
71,2523,5425,1,0,0.471279,0.735639,123,25*3*5,96*3*5
72,2523.35,5425,1,0,0.471213,0.735607,123,25*3*5,96*3*5
73,2524.35,5424,1,0,0.471028,0.735514,123,25*3*5,96*3*5
74,2526.66,5425,1,0,0.470597,0.735299,123,25*3*5,96*3*5
75,2527.04,5425,1,0,0.470525,0.735262,123,25*3*5,96*3*5
76,2527.36,5425,1,0,0.470467,0.735233,123,25*3*5,96*3*5
77,2528.3,5424,1,0,0.470292,0.735146,123,25*3*5,96*3*5
78,2529.72,5425,1,0,0.470028,0.735014,123,25*3*5,96*3*5
79,2530.53,5425,1,0,0.469876,0.734938,123,25*3*5,96*3*5
80,2534.4,5425,1,0,0.46916,0.73458,123,25*3*5,96*3*5
81,2535.67,5424,1,0,0.468924,0.734462,123,25*3*5,96*3*5
82,2540.34,5786,0,0,0.499296,0.749648,124,25*2*8,96*4*4
83,2543.82,5786,1,0,0.498613,0.749306,124,25*2*8,96*4*4
84,2551.14,5786,1,0,0.497182,0.748591,124,25*2*8,96*4*4
85,2564.28,5787,1,0,0.494635,0.747317,124,25*2*8,96*4*4
86,2564.85,5786,1,0,0.494523,0.747262,124,25*2*8,96*4*4
87,2565.21,5786,1,0,0.494455,0.747228,124,25*2*8,96*4*4
88,2565.5,5787,1,0,0.494399,0.7472,124,25*2*8,96*4*4
89,2567.57,5786,1,0,0.494001,0.747,124,25*2*8,96*4*4
90,2567.87,5786,1,0,0.493943,0.746971,124,25*2*8,96*4*4
91,2570.9,5787,1,0,0.493361,0.746681,124,25*2*8,96*4*4
92,2573.71,5786,1,0,0.492821,0.746411,124,25*2*8,96*4*4
93,2573.71,5786,1,0,0.492821,0.74641,124,25*2*8,96*4*4
94,2577.27,5787,1,0,0.492141,0.746071,124,25*2*8,96*4*4
95,2578.34,5786,1,0,0.491937,0.745969,124,25*2*8,96*4*4
96,2578.46,5786,1,0,0.491914,0.745957,124,25*2*8,96*4*4
97,2579.96,5787,1,0,0.491627,0.745814,124,25*2*8,96*4*4
98,2580.69,5786,1,0,0.49149,0.745745,124,25*2*8,96*4*4
99,2585.91,5786,1,0,0.490496,0.745248,124,25*2*8,96*4*4
100,2591.06,5787,1,0,0.489521,0.74476,124,25*2*8,96*4*4
101,2591.53,5786,1,0,0.489434,0.744717,124,25*2*8,96*4*4
102,2592.28,5786,1,0,0.48929,0.744645,124,25*2*8,96*4*4
103,2598.89,5787,1,0,0.488047,0.744024,124,25*2*8,96*4*4
104,2604.06,5786,1,0,0.487078,0.743539,124,25*2*8,96*4*4
105,2604.46,5786,1,0,0.487003,0.743502,124,25*2*8,96*4*4
106,2609.56,5787,1,0,0.486051,0.743026,124,25*2*8,96*4*4
107,2610.69,5786,1,0,0.485841,0.74292,124,25*2*8,96*4*4
108,2613.94,5786,1,0,0.485237,0.742618,124,25*2*8,96*4*4
109,2614.03,5787,1,0,0.485221,0.74261,124,25*2*8,96*4*4
110,2614.82,5786,1,0,0.485073,0.742536,124,25*2*8,96*4*4
111,2616.29,5786,1,0,0.484802,0.742401,124,25*2*8,96*4*4
112,2616.97,5787,1,0,0.484675,0.742338,124,25*2*8,96*4*4
113,2618.8,5786,1,0,0.484336,0.742168,124,25*2*8,96*4*4
114,2628.01,5786,1,0,0.48264,0.74132,124,25*2*8,96*4*4
115,2630.49,5787,1,0,0.482183,0.741092,124,25*2*8,96*4*4
116,2631.93,5786,1,0,0.48192,0.74096,124,25*2*8,96*4*4
117,2632.54,5786,1,0,0.481808,0.740904,124,25*2*8,96*4*4
118,2636.45,5787,1,0,0.481094,0.740547,124,25*2*8,96*4*4
119,2639.19,5786,1,0,0.480594,0.740297,124,25*2*8,96*4*4
120,2644.44,5786,1,0,0.47964,0.73982,124,25*2*8,96*4*4
121,2651.06,5787,1,0,0.478443,0.739221,124,25*2*8,96*4*4
122,2653.73,5786,1,0,0.477962,0.738981,124,25*2*8,96*4*4
123,2654.72,5786,1,0,0.477784,0.738892,124,25*2*8,96*4*4
124,2655.17,5787,1,0,0.477702,0.738851,124,25*2*8,96*4*4
125,2655.28,5786,1,0,0.477682,0.738841,124,25*2*8,96*4*4
126,2658.31,5786,1,0,0.477138,0.738569,124,25*2*8,96*4*4
127,2658.42,5787,1,0,0.477119,0.738559,124,25*2*8,96*4*4
128,2662.89,5786,1,0,0.476317,0.738159,124,25*2*8,96*4*4
129,2662.94,5786,1,0,0.476308,0.738154,124,25*2*8,96*4*4
130,2664.86,5787,1,0,0.475966,0.737983,124,25*2*8,96*4*4
131,2665.15,5786,1,0,0.475913,0.737956,124,25*2*8,96*4*4
132,2666.69,5786,1,0,0.475639,0.737819,124,25*2*8,96*4*4
133,2673.65,5787,1,0,0.474401,0.7372,124,25*2*8,96*4*4
134,2680.59,5786,1,0,0.473172,0.736586,124,25*2*8,96*4*4
135,2685.29,5786,1,0,0.472344,0.736172,124,25*2*8,96*4*4
136,2687.29,5787,1,0,0.471992,0.735996,124,25*2*8,96*4*4
137,2691.04,5786,1,0,0.471334,0.735667,124,25*2*8,96*4*4
138,2694.15,5786,1,0,0.47079,0.735395,124,25*2*8,96*4*4
139,2699.53,5787,1,0,0.469852,0.734926,131,25*2*8,96*4*4
140,2701.57,5786,1,0,0.469498,0.734749,131,25*2*8,96*4*4
141,2701.63,5786,1,0,0.469487,0.734744,131,25*2*8,96*4*4
142,2704.26,5787,1,0,0.46903,0.734515,131,25*2*8,96*4*4
143,2705.08,5786,1,0,0.468888,0.734444,131,25*2*8,96*4*4
144,2709.44,5786,1,0,0.468134,0.734067,131,25*2*8,96*4*4
145,2710.55,5787,1,0,0.467942,0.733971,131,25*2*8,96*4*4
146,2712.57,5786,1,0,0.467594,0.733797,131,25*2*8,96*4*4
147,2713.06,5786,1,0,0.46751,0.733755,131,25*2*8,96*4*4
148,2713.74,5787,1,0,0.467392,0.733696,131,25*2*8,96*4*4
149,2715.95,5786,1,0,0.467011,0.733506,131,25*2*8,96*4*4
150,2719.28,5786,1,0,0.46644,0.73322,131,25*2*8,96*4*4
151,2719.38,5787,1,0,0.466423,0.733211,131,25*2*8,96*4*4
152,2720.15,5786,1,0,0.46629,0.733145,131,25*2*8,96*4*4
153,2721.4,5786,1,0,0.466076,0.733038,131,25*2*8,96*4*4
154,2724.24,5787,1,0,0.46559,0.732795,131,25*2*8,96*4*4
155,2730.5,5786,1,0,0.464523,0.732262,131,25*2*8,96*4*4
156,2731.39,5786,1,0,0.464371,0.732185,131,25*2*8,96*4*4
157,2731.5,5787,1,0,0.464353,0.732177,131,25*2*8,96*4*4
158,2735.63,5786,1,0,0.463652,0.731826,131,25*2*8,96*4*4
159,2736.1,5786,1,0,0.463572,0.731786,131,25*2*8,96*4*4
160,2738.39,5787,1,0,0.463184,0.731592,131,25*2*8,96*4*4
161,2745.02,5786,1,0,0.462066,0.731033,131,25*2*8,96*4*4
162,2746.47,5786,1,0,0.461822,0.730911,131,25*2*8,96*4*4
163,2746.99,5787,1,0,0.461735,0.730867,131,25*2*8,96*4*4
164,2748.22,5786,1,0,0.461527,0.730763,131,25*2*8,96*4*4
165,2752.12,5786,1,0,0.460873,0.730437,131,25*2*8,96*4*4
166,2754.94,5787,1,0,0.460402,0.730201,131,25*2*8,96*4*4
167,2758.03,5786,1,0,0.459886,0.729943,131,25*2*8,96*4*4
168,2759.5,5786,1,0,0.459641,0.729821,131,25*2*8,96*4*4
169,2764.35,5787,1,0,0.458835,0.729418,131,25*2*8,96*4*4
170,2764.56,5786,1,0,0.4588,0.7294,131,25*2*8,96*4*4
171,2765.37,5786,1,0,0.458666,0.729333,131,25*2*8,96*4*4
172,2768.19,5787,1,0,0.458198,0.729099,131,25*2*8,96*4*4
173,2774.1,5786,1,0,0.457222,0.728611,131,25*2*8,96*4*4
174,2774.51,5786,1,0,0.457154,0.728577,131,25*2*8,96*4*4
175,2776.31,5787,1,0,0.456858,0.728429,131,25*2*8,96*4*4
176,2778.86,5786,1,0,0.456438,0.728219,131,25*2*8,96*4*4
177,2780.11,5786,1,0,0.456234,0.728117,131,25*2*8,96*4*4
178,2782.57,5786,1,0,0.45583,0.727915,131,25*2*8,96*4*4
179,2784.96,5787,1,0,0.455439,0.72772,131,25*2*8,96*4*4
180,2789.88,5786,1,0,0.454636,0.727318,131,25*2*8,96*4*4
181,2799.68,5786,1,0,0.453045,0.726522,131,25*2*8,96*4*4
182,2807.16,5787,1,0,0.451837,0.725918,131,25*2*8,96*4*4
183,2808.19,5786,1,0,0.451672,0.725836,131,25*2*8,96*4*4
184,2810.67,5786,1,0,0.451273,0.725637,131,25*2*8,96*4*4
185,2810.87,5787,1,0,0.451242,0.725621,131,25*2*8,96*4*4
186,2813.55,5786,1,0,0.450812,0.725406,131,25*2*8,96*4*4
187,2821.53,5786,1,0,0.449536,0.724768,131,25*2*8,96*4*4
188,2821.83,5787,1,0,0.449488,0.724744,131,25*2*8,96*4*4
189,2822.81,5786,1,0,0.449333,0.724667,131,25*2*8,96*4*4
190,2826.35,5786,1,0,0.44877,0.724385,131,25*2*8,96*4*4
191,2826.66,5787,1,0,0.44872,0.72436,131,25*2*8,96*4*4
192,2829.66,5786,1,0,0.448245,0.724123,131,25*2*8,96*4*4
193,2832.88,5786,1,0,0.447735,0.723868,131,25*2*8,96*4*4
194,2833.96,5787,1,0,0.447564,0.723782,131,25*2*8,96*4*4
195,2853.71,5786,0,0,0.499967,0.749983,133,25*6*3,96*4*4
196,2859.87,6509,1,0,0.49889,0.749445,134,25*6*3,96*6*3
197,2864.9,6510,1,0,0.498015,0.749007,134,25*6*3,96*6*3
198,2866.29,6509,1,0,0.497774,0.748887,134,25*6*3,96*6*3
199,2868.9,6510,1,0,0.49732,0.74866,134,25*6*3,96*6*3
200,2869.11,6509,1,0,0.497285,0.748642,134,25*6*3,96*6*3
201,2870.03,6510,1,0,0.497124,0.748562,134,25*6*3,96*6*3
202,2870.25,6509,1,0,0.497087,0.748544,134,25*6*3,96*6*3
203,2875.45,6510,1,0,0.496188,0.748094,134,25*6*3,96*6*3
204,2878.16,6510,1,0,0.495721,0.74786,134,25*6*3,96*6*3
205,2879.84,6509,1,0,0.49543,0.747715,134,25*6*3,96*6*3
206,2880.51,6510,1,0,0.495315,0.747658,134,25*6*3,96*6*3
207,2887.34,6509,1,0,0.494144,0.747072,134,25*6*3,96*6*3
208,2888.57,6510,1,0,0.493935,0.746967,134,25*6*3,96*6*3
209,2890.03,6509,1,0,0.493684,0.746842,134,25*6*3,96*6*3
210,2893.82,6510,1,0,0.493039,0.746519,134,25*6*3,96*6*3
211,2896.51,6509,1,0,0.49258,0.74629,134,25*6*3,96*6*3
212,2899.02,6510,1,0,0.492154,0.746077,134,25*6*3,96*6*3
213,2903.9,6509,1,0,0.491326,0.745663,134,25*6*3,96*6*3
214,2904.35,6510,1,0,0.49125,0.745625,134,25*6*3,96*6*3
215,2906.73,6509,1,0,0.490847,0.745424,134,25*6*3,96*6*3
216,2907.9,6510,1,0,0.490651,0.745325,134,25*6*3,96*6*3
217,2931.53,6509,1,0,0.486696,0.743348,134,25*6*3,96*6*3
218,2935.69,6510,1,0,0.486006,0.743003,134,25*6*3,96*6*3
219,2941.54,6509,1,0,0.48504,0.74252,134,25*6*3,96*6*3
220,2945.68,6510,1,0,0.484357,0.742179,134,25*6*3,96*6*3
221,2946.14,6509,1,0,0.484282,0.742141,134,25*6*3,96*6*3
222,2948.75,6510,1,0,0.483853,0.741927,134,25*6*3,96*6*3
223,2949.69,6509,1,0,0.483698,0.741849,134,25*6*3,96*6*3
224,2955.44,6510,1,0,0.482758,0.741379,134,25*6*3,96*6*3
225,2958.93,6510,1,0,0.482189,0.741095,134,25*6*3,96*6*3
226,2960.66,6509,1,0,0.481906,0.740953,134,25*6*3,96*6*3
227,2962.61,6510,1,0,0.481589,0.740795,134,25*6*3,96*6*3
228,2972.27,6509,1,0,0.480024,0.740012,134,25*6*3,96*6*3
229,2973.68,6510,1,0,0.479797,0.739898,134,25*6*3,96*6*3
230,2980.2,6509,1,0,0.478747,0.739374,134,25*6*3,96*6*3
231,2981.07,6510,1,0,0.478608,0.739304,134,25*6*3,96*6*3
232,2983.07,6509,1,0,0.478286,0.739143,134,25*6*3,96*6*3
233,2983.69,6510,1,0,0.478187,0.739094,134,25*6*3,96*6*3
234,2986.74,6509,1,0,0.477698,0.738849,134,25*6*3,96*6*3
235,2990.58,6510,1,0,0.477086,0.738543,134,25*6*3,96*6*3
236,2996.54,6509,1,0,0.476136,0.738068,134,25*6*3,96*6*3
237,2998.66,6510,1,0,0.4758,0.7379,134,25*6*3,96*6*3
238,3004.56,6509,1,0,0.474866,0.737433,134,25*6*3,96*6*3
239,3007.23,6510,1,0,0.474443,0.737222,134,25*6*3,96*6*3
240,3008.4,6509,1,0,0.47426,0.73713,134,25*6*3,96*6*3
241,3009.01,6510,1,0,0.474163,0.737082,134,25*6*3,96*6*3
242,3009.95,6509,1,0,0.474015,0.737008,134,25*6*3,96*6*3
243,3013.41,6510,1,0,0.473472,0.736736,143,25*6*3,96*6*3
244,3014.09,6509,1,0,0.473364,0.736682,143,25*6*3,96*6*3
245,3018.45,6510,1,0,0.47268,0.73634,143,25*6*3,96*6*3
246,3020.26,6509,1,0,0.472396,0.736198,143,25*6*3,96*6*3
247,3021.28,6510,1,0,0.472237,0.736118,143,25*6*3,96*6*3
248,3027.38,6510,1,0,0.471286,0.735643,143,25*6*3,96*6*3
249,3029.39,6509,1,0,0.470974,0.735487,143,25*6*3,96*6*3
250,3031.45,6510,1,0,0.470653,0.735327,143,25*6*3,96*6*3
251,3032.07,6509,1,0,0.470558,0.735279,143,25*6*3,96*6*3
252,3032.44,6510,1,0,0.4705,0.73525,143,25*6*3,96*6*3
253,3033.58,6509,1,0,0.470323,0.735161,143,25*6*3,96*6*3
254,3038.59,6510,1,0,0.469548,0.734774,143,25*6*3,96*6*3
255,3041.04,6509,1,0,0.46917,0.734585,143,25*6*3,96*6*3
256,3041.34,6510,1,0,0.469123,0.734561,143,25*6*3,96*6*3
257,3043.57,6509,1,0,0.468779,0.734389,143,25*6*3,96*6*3
258,3054.27,6510,1,0,0.467138,0.733569,143,25*6*3,96*6*3
259,3056.04,6509,1,0,0.466866,0.733433,143,25*6*3,96*6*3
260,3056.17,6510,1,0,0.466846,0.733423,143,25*6*3,96*6*3
261,3058.03,6509,1,0,0.466562,0.733281,143,25*6*3,96*6*3
262,3062.06,6510,1,0,0.465949,0.732974,143,25*6*3,96*6*3
263,3064.67,6509,1,0,0.465551,0.732776,143,25*6*3,96*6*3
264,3069.06,6510,1,0,0.464886,0.732443,143,25*6*3,96*6*3
265,3071.43,6509,1,0,0.464527,0.732263,143,25*6*3,96*6*3
266,3072.47,6510,1,0,0.46437,0.732185,143,25*6*3,96*6*3
267,3072.56,6509,1,0,0.464356,0.732178,143,25*6*3,96*6*3
268,3074.97,6510,1,0,0.463993,0.731996,143,25*6*3,96*6*3
269,3077.89,6510,1,0,0.463553,0.731776,143,25*6*3,96*6*3
270,3084.87,6509,1,0,0.462503,0.731252,143,25*6*3,96*6*3
271,3085.06,6510,1,0,0.462474,0.731237,143,25*6*3,96*6*3
272,3085.64,6509,1,0,0.462388,0.731194,143,25*6*3,96*6*3
273,3086.92,6510,1,0,0.462197,0.731098,143,25*6*3,96*6*3
274,3089.17,6509,1,0,0.46186,0.73093,143,25*6*3,96*6*3
275,3090.24,6510,1,0,0.461699,0.730849,143,25*6*3,96*6*3
276,3090.37,6509,1,0,0.46168,0.73084,143,25*6*3,96*6*3
277,3090.78,6510,1,0,0.461619,0.730809,143,25*6*3,96*6*3
278,3094.75,6509,1,0,0.461027,0.730514,143,25*6*3,96*6*3
279,3095.34,6510,1,0,0.460939,0.730469,143,25*6*3,96*6*3
280,3095.65,6509,1,0,0.460893,0.730447,143,25*6*3,96*6*3
281,3097.09,6510,1,0,0.460678,0.730339,143,25*6*3,96*6*3
282,3100.2,6509,1,0,0.460216,0.730108,143,25*6*3,96*6*3
283,3100.57,6510,1,0,0.460162,0.730081,143,25*6*3,96*6*3
284,3115.83,6509,1,0,0.457907,0.728954,143,25*6*3,96*6*3
285,3118.12,6510,1,0,0.457571,0.728785,143,25*6*3,96*6*3
286,3119.26,6509,1,0,0.457404,0.728702,143,25*6*3,96*6*3
287,3121.68,6510,1,0,0.457049,0.728525,143,25*6*3,96*6*3
288,3121.87,6509,1,0,0.457021,0.728511,143,25*6*3,96*6*3
289,3122.71,6510,1,0,0.456898,0.728449,143,25*6*3,96*6*3
290,3123.5,6509,1,0,0.456783,0.728391,143,25*6*3,96*6*3
291,3123.9,6510,1,0,0.456725,0.728362,143,25*6*3,96*6*3
292,3127.93,6510,1,0,0.456136,0.728068,143,25*6*3,96*6*3
293,3128.14,6509,1,0,0.456106,0.728053,143,25*6*3,96*6*3
294,3129.72,6510,1,0,0.455875,0.727938,143,25*6*3,96*6*3
295,3130.3,6509,1,0,0.455792,0.727896,143,25*6*3,96*6*3
296,3132.07,6510,1,0,0.455533,0.727766,143,25*6*3,96*6*3
297,3132.21,6509,1,0,0.455513,0.727756,143,25*6*3,96*6*3
298,3136.44,6510,1,0,0.454899,0.727449,143,25*6*3,96*6*3
299,3137.82,6509,1,0,0.454699,0.727349,143,25*6*3,96*6*3
300,3141.76,6510,1,0,0.454129,0.727065,143,25*6*3,96*6*3
301,3142,6509,1,0,0.454093,0.727047,143,25*6*3,96*6*3
302,3146.46,6510,1,0,0.45345,0.726725,143,25*6*3,96*6*3
303,3149.62,6509,1,0,0.452995,0.726498,143,25*6*3,96*6*3
304,3150.99,6510,1,0,0.452799,0.726399,143,25*6*3,96*6*3
305,3152.09,6509,1,0,0.45264,0.72632,143,25*6*3,96*6*3
306,3153.39,6510,1,0,0.452453,0.726227,143,25*6*3,96*6*3
307,3153.72,6509,1,0,0.452406,0.726203,143,25*6*3,96*6*3
308,3155.18,6510,1,0,0.452196,0.726098,143,25*6*3,96*6*3
309,3155.62,6509,1,0,0.452133,0.726067,143,25*6*3,96*6*3
310,3155.7,6510,1,0,0.452122,0.726061,143,25*6*3,96*6*3
311,3160.8,6509,1,0,0.451392,0.725696,143,25*6*3,96*6*3
312,3163.43,6510,1,0,0.451017,0.725508,143,25*6*3,96*6*3
313,3168.22,6509,1,0,0.450335,0.725167,143,25*6*3,96*6*3
314,3168.9,6510,1,0,0.450239,0.72512,143,25*6*3,96*6*3
315,3170.24,6510,1,0,0.450048,0.725024,143,25*6*3,96*6*3
316,3170.62,6509,1,0,0.449994,0.724997,143,25*6*3,96*6*3
317,3173.49,7232,0,0,0.4996,0.7498,144,25*2*10,96*4*5
318,3178.28,7233,1,0,0.498847,0.749424,144,25*2*10,96*4*5
319,3178.56,7233,1,0,0.498803,0.749402,144,25*2*10,96*4*5
320,3178.56,7232,1,0,0.498803,0.749401,144,25*2*10,96*4*5
321,3179.75,7233,1,0,0.498617,0.749308,144,25*2*10,96*4*5
322,3179.88,7233,1,0,0.498596,0.749298,144,25*2*10,96*4*5
323,3181.21,7232,1,0,0.498388,0.749194,144,25*2*10,96*4*5
324,3181.44,7233,1,0,0.498351,0.749176,144,25*2*10,96*4*5
325,3184.95,7233,1,0,0.497803,0.748901,144,25*2*10,96*4*5
326,3184.99,7232,1,0,0.497797,0.748898,144,25*2*10,96*4*5
327,3186.39,7233,1,0,0.497578,0.748789,144,25*2*10,96*4*5
328,3189.44,7233,1,0,0.497101,0.748551,144,25*2*10,96*4*5
329,3190.96,7233,1,0,0.496864,0.748432,144,25*2*10,96*4*5
330,3195.45,7232,1,0,0.496167,0.748083,144,25*2*10,96*4*5
331,3195.61,7233,1,0,0.496141,0.748071,144,25*2*10,96*4*5
332,3197.02,7233,1,0,0.495923,0.747961,144,25*2*10,96*4*5
333,3197.04,7232,1,0,0.49592,0.74796,144,25*2*10,96*4*5
334,3197.96,7233,1,0,0.495778,0.747889,144,25*2*10,96*4*5
335,3198.05,7233,1,0,0.495763,0.747881,144,25*2*10,96*4*5
336,3198.72,7232,1,0,0.495658,0.747829,144,25*2*10,96*4*5
337,3199.87,7233,1,0,0.495482,0.747741,144,25*2*10,96*4*5
338,3202.9,7233,1,0,0.495012,0.747506,144,25*2*10,96*4*5
339,3202.92,7232,1,0,0.49501,0.747505,144,25*2*10,96*4*5
340,3208.09,7233,1,0,0.494212,0.747106,144,25*2*10,96*4*5
341,3210.89,7233,1,0,0.49378,0.74689,144,25*2*10,96*4*5
342,3211.03,7233,1,0,0.493758,0.746879,144,25*2*10,96*4*5
343,3212.67,7232,1,0,0.493507,0.746753,144,25*2*10,96*4*5
344,3213.25,7233,1,0,0.493418,0.746709,144,25*2*10,96*4*5
345,3226.77,7233,1,0,0.49135,0.745675,144,25*2*10,96*4*5
346,3234.51,7232,1,0,0.490175,0.745087,144,25*2*10,96*4*5
347,3235.85,7233,1,0,0.489971,0.744986,144,25*2*10,96*4*5
348,3237.93,7233,1,0,0.489656,0.744828,144,25*2*10,96*4*5
349,3241.96,7232,1,0,0.489048,0.744524,144,25*2*10,96*4*5
350,3242.54,7233,1,0,0.488961,0.74448,144,25*2*10,96*4*5
351,3242.99,7233,1,0,0.488893,0.744446,144,25*2*10,96*4*5
352,3244.64,7232,1,0,0.488644,0.744322,144,25*2*10,96*4*5
353,3245.35,7233,1,0,0.488537,0.744269,144,25*2*10,96*4*5
354,3245.93,7233,1,0,0.48845,0.744225,144,25*2*10,96*4*5
355,3245.93,7233,1,0,0.48845,0.744225,144,25*2*10,96*4*5
356,3246.19,7232,1,0,0.48841,0.744205,144,25*2*10,96*4*5
357,3246.23,7233,1,0,0.488406,0.744203,144,25*2*10,96*4*5
358,3248.34,7233,1,0,0.488088,0.744044,144,25*2*10,96*4*5
359,3250.35,7232,1,0,0.487786,0.743893,144,25*2*10,96*4*5
360,3257.4,7233,1,0,0.486731,0.743365,144,25*2*10,96*4*5
361,3259.75,7233,1,0,0.486379,0.743189,144,25*2*10,96*4*5
362,3261.63,7232,1,0,0.486099,0.74305,144,25*2*10,96*4*5
363,3262.35,7233,1,0,0.485992,0.742996,144,25*2*10,96*4*5
364,3266.47,7233,1,0,0.485379,0.742689,144,25*2*10,96*4*5
365,3269.84,7232,1,0,0.484879,0.742439,144,25*2*10,96*4*5
366,3269.99,7233,1,0,0.484856,0.742428,144,25*2*10,96*4*5
367,3274.74,7233,1,0,0.484153,0.742077,144,25*2*10,96*4*5
368,3276.88,7233,1,0,0.483836,0.741918,144,25*2*10,96*4*5
369,3278.22,7232,1,0,0.483638,0.741819,144,25*2*10,96*4*5
370,3279.64,7233,1,0,0.48343,0.741715,144,25*2*10,96*4*5
371,3286.03,7233,1,0,0.48249,0.741245,144,25*2*10,96*4*5
372,3287.3,7232,1,0,0.482302,0.741151,144,25*2*10,96*4*5
373,3288.25,7233,1,0,0.482164,0.741082,144,25*2*10,96*4*5
374,3289.54,7233,1,0,0.481974,0.740987,144,25*2*10,96*4*5
375,3291.15,7232,1,0,0.481739,0.74087,144,25*2*10,96*4*5
376,3291.21,7233,1,0,0.48173,0.740865,144,25*2*10,96*4*5
377,3291.93,7233,1,0,0.481625,0.740813,144,25*2*10,96*4*5
378,3293.92,7232,1,0,0.481334,0.740667,144,25*2*10,96*4*5
379,3294.15,7233,1,0,0.4813,0.74065,144,25*2*10,96*4*5
380,3294.27,7233,1,0,0.481283,0.740642,144,25*2*10,96*4*5
381,3296.82,7233,1,0,0.480911,0.740456,144,25*2*10,96*4*5
382,3297.77,7232,1,0,0.480772,0.740386,144,25*2*10,96*4*5
383,3298.11,7233,1,0,0.480723,0.740361,144,25*2*10,96*4*5
384,3298.54,7233,1,0,0.480659,0.74033,144,25*2*10,96*4*5
385,3299.3,7232,1,0,0.480548,0.740274,144,25*2*10,96*4*5
386,3300.44,7233,1,0,0.480383,0.740192,144,25*2*10,96*4*5
387,3301.64,7233,1,0,0.480208,0.740104,144,25*2*10,96*4*5
388,3301.81,7232,1,0,0.480184,0.740092,144,25*2*10,96*4*5
389,3304.34,7233,1,0,0.479816,0.739908,144,25*2*10,96*4*5
390,3304.54,7233,1,0,0.479787,0.739893,144,25*2*10,96*4*5
391,3304.9,7232,1,0,0.479734,0.739867,144,25*2*10,96*4*5
392,3306.03,7233,1,0,0.479571,0.739786,144,25*2*10,96*4*5
393,3308.73,7233,1,0,0.47918,0.73959,144,25*2*10,96*4*5
394,3312,7233,1,0,0.478707,0.739353,144,25*2*10,96*4*5
395,3315.65,7232,1,0,0.47818,0.73909,144,25*2*10,96*4*5
396,3315.84,7233,1,0,0.478151,0.739076,144,25*2*10,96*4*5
397,3315.88,7233,1,0,0.478146,0.739073,144,25*2*10,96*4*5
398,3316.78,7232,1,0,0.478016,0.739008,144,25*2*10,96*4*5
399,3318.9,7233,1,0,0.477711,0.738855,144,25*2*10,96*4*5
400,3319.76,7233,1,0,0.477587,0.738793,144,25*2*10,96*4*5
401,3320.21,7232,1,0,0.477522,0.738761,144,25*2*10,96*4*5
402,3321.91,7233,1,0,0.477279,0.738639,144,25*2*10,96*4*5
403,3322.23,7233,1,0,0.477232,0.738616,144,25*2*10,96*4*5
404,3322.38,7232,1,0,0.47721,0.738605,144,25*2*10,96*4*5
405,3322.81,7233,1,0,0.477149,0.738575,144,25*2*10,96*4*5
406,3322.82,7233,1,0,0.477148,0.738574,144,25*2*10,96*4*5
407,3323.39,7233,1,0,0.477065,0.738533,144,25*2*10,96*4*5
408,3323.74,7232,1,0,0.477015,0.738508,144,25*2*10,96*4*5
409,3323.95,7233,1,0,0.476985,0.738493,144,25*2*10,96*4*5
410,3324.17,7233,1,0,0.476953,0.738477,144,25*2*10,96*4*5
411,3325.21,7232,1,0,0.476805,0.738402,144,25*2*10,96*4*5
412,3326.2,7233,1,0,0.476663,0.738331,144,25*2*10,96*4*5
413,3326.32,7233,1,0,0.476646,0.738323,144,25*2*10,96*4*5
414,3326.62,7232,1,0,0.476602,0.738301,144,25*2*10,96*4*5
415,3326.64,7233,1,0,0.4766,0.7383,144,25*2*10,96*4*5
416,3327.2,7233,1,0,0.476519,0.73826,144,25*2*10,96*4*5
417,3329,7232,1,0,0.476261,0.738131,144,25*2*10,96*4*5
418,3330.45,7233,1,0,0.476054,0.738027,144,25*2*10,96*4*5
419,3330.46,7233,1,0,0.476052,0.738026,144,25*2*10,96*4*5
420,3331.56,7233,1,0,0.475896,0.737948,144,25*2*10,96*4*5
421,3331.95,7232,1,0,0.47584,0.73792,144,25*2*10,96*4*5
422,3332.81,7233,1,0,0.475717,0.737858,144,25*2*10,96*4*5
423,3334.31,7233,1,0,0.475504,0.737752,144,25*2*10,96*4*5
424,3334.41,7232,1,0,0.475489,0.737744,144,25*2*10,96*4*5
425,3335.33,7233,1,0,0.475357,0.737679,144,25*2*10,96*4*5
426,3337.76,7233,1,0,0.475011,0.737506,144,25*2*10,96*4*5
427,3339.93,7232,1,0,0.474702,0.737351,144,25*2*10,96*4*5
428,3340.81,7233,1,0,0.474578,0.737289,144,25*2*10,96*4*5
429,3341.2,7233,1,0,0.474523,0.737261,144,25*2*10,96*4*5
430,3341.2,7232,1,0,0.474522,0.737261,144,25*2*10,96*4*5
431,3341.24,7233,1,0,0.474517,0.737259,144,25*2*10,96*4*5
432,3342.61,7233,1,0,0.474323,0.737161,144,25*2*10,96*4*5
433,3343.03,7233,1,0,0.474262,0.737131,144,25*2*10,96*4*5
434,3343.17,7232,1,0,0.474243,0.737121,144,25*2*10,96*4*5
435,3343.34,7233,1,0,0.474219,0.73711,144,25*2*10,96*4*5
436,3343.67,7233,1,0,0.474172,0.737086,144,25*2*10,96*4*5
437,3343.77,7232,1,0,0.474158,0.737079,144,25*2*10,96*4*5
438,3343.91,7233,1,0,0.474138,0.737069,144,25*2*10,96*4*5
439,3343.92,7233,1,0,0.474137,0.737069,144,25*2*10,96*4*5
440,3344.55,7232,1,0,0.474048,0.737024,144,25*2*10,96*4*5
441,3345.61,7233,1,0,0.473898,0.736949,144,25*2*10,96*4*5
442,3346.17,7233,1,0,0.473818,0.736909,144,25*2*10,96*4*5
443,3346.7,7232,1,0,0.473742,0.736871,144,25*2*10,96*4*5
444,3346.85,7233,1,0,0.473721,0.736861,144,25*2*10,96*4*5
445,3347.17,7233,1,0,0.473676,0.736838,144,25*2*10,96*4*5
446,3348.67,7233,1,0,0.473465,0.736732,144,25*2*10,96*4*5
447,3349.54,7232,1,0,0.473341,0.73667,144,25*2*10,96*4*5
448,3351.26,7233,1,0,0.473098,0.736549,144,25*2*10,96*4*5
449,3352,7233,1,0,0.472994,0.736497,144,25*2*10,96*4*5
450,3353.02,7232,1,0,0.47285,0.736425,144,25*2*10,96*4*5
451,3353.98,7233,1,0,0.472715,0.736358,144,25*2*10,96*4*5
452,3355.7,7233,1,0,0.472472,0.736236,144,25*2*10,96*4*5
453,3355.8,7232,1,0,0.472459,0.736229,144,25*2*10,96*4*5
454,3356.17,7233,1,0,0.472406,0.736203,144,25*2*10,96*4*5
455,3356.9,7233,1,0,0.472303,0.736152,144,25*2*10,96*4*5
456,3357.01,7232,1,0,0.472287,0.736144,144,25*2*10,96*4*5
457,3357.36,7233,1,0,0.472238,0.736119,144,25*2*10,96*4*5
458,3357.42,7233,1,0,0.47223,0.736115,144,25*2*10,96*4*5
459,3358.01,7233,1,0,0.472148,0.736074,144,25*2*10,96*4*5
460,3358.32,7232,1,0,0.472103,0.736052,144,25*2*10,96*4*5
461,3358.34,7233,1,0,0.472101,0.73605,144,25*2*10,96*4*5
462,3358.54,7233,1,0,0.472073,0.736037,144,25*2*10,96*4*5
463,3358.58,7232,1,0,0.472067,0.736033,144,25*2*10,96*4*5
464,3359.57,7233,1,0,0.471927,0.735964,144,25*2*10,96*4*5
465,3359.95,7233,1,0,0.471875,0.735938,144,25*2*10,96*4*5
466,3360.49,7232,1,0,0.471799,0.735899,144,25*2*10,96*4*5
467,3360.78,7233,1,0,0.471757,0.735879,144,25*2*10,96*4*5
468,3360.92,7233,1,0,0.471739,0.735869,144,25*2*10,96*4*5
469,3361.75,7232,1,0,0.471622,0.735811,144,25*2*10,96*4*5
470,3361.89,7233,1,0,0.471602,0.735801,144,25*2*10,96*4*5
471,3362.39,7233,1,0,0.471532,0.735766,144,25*2*10,96*4*5
472,3362.41,7233,1,0,0.471529,0.735765,144,25*2*10,96*4*5
473,3363.24,7232,1,0,0.471412,0.735706,144,25*2*10,96*4*5
474,3363.41,7233,1,0,0.47139,0.735695,144,25*2*10,96*4*5
475,3363.45,7233,1,0,0.471384,0.735692,144,25*2*10,96*4*5
476,3363.88,7232,1,0,0.471323,0.735662,144,25*2*10,96*4*5
477,3363.91,7233,1,0,0.47132,0.73566,144,25*2*10,96*4*5
478,3364.15,7233,1,0,0.471285,0.735643,144,25*2*10,96*4*5
479,3364.45,7232,1,0,0.471243,0.735621,144,25*2*10,96*4*5
480,3364.61,7233,1,0,0.471222,0.735611,144,25*2*10,96*4*5
481,3364.66,7233,1,0,0.471215,0.735607,144,25*2*10,96*4*5
482,3364.75,7232,1,0,0.471202,0.735601,144,25*2*10,96*4*5
483,3364.84,7233,1,0,0.471189,0.735594,144,25*2*10,96*4*5
484,3364.85,7233,1,0,0.471187,0.735593,144,25*2*10,96*4*5
485,3365.53,7233,1,0,0.471093,0.735546,144,25*2*10,96*4*5
486,3365.6,7232,1,0,0.471083,0.735541,144,25*2*10,96*4*5
487,3365.9,7233,1,0,0.471041,0.73552,144,25*2*10,96*4*5
488,3365.94,7233,1,0,0.471034,0.735517,144,25*2*10,96*4*5
489,3366.26,7232,1,0,0.47099,0.735495,144,25*2*10,96*4*5
490,3366.73,7233,1,0,0.470925,0.735462,144,25*2*10,96*4*5
491,3366.78,7233,1,0,0.470917,0.735459,144,25*2*10,96*4*5
492,3366.84,7232,1,0,0.470909,0.735455,144,25*2*10,96*4*5
493,3367.13,7233,1,0,0.470868,0.735434,144,25*2*10,96*4*5
494,3367.28,7233,1,0,0.470848,0.735424,144,25*2*10,96*4*5
495,3367.31,7232,1,0,0.470843,0.735422,144,25*2*10,96*4*5
496,3367.32,7233,1,0,0.470842,0.735421,144,25*2*10,96*4*5
497,3367.56,7233,1,0,0.470808,0.735404,144,25*2*10,96*4*5
498,3367.78,7233,1,0,0.470778,0.735389,144,25*2*10,96*4*5
499,3367.83,7232,1,0,0.470771,0.735385,144,25*2*10,96*4*5
500,3367.84,7233,1,0,0.470769,0.735385,144,25*2*10,96*4*5
501,3367.84,7233,1,0,0.470769,0.735384,144,25*2*10,96*4*5
502,3368.1,7232,1,0,0.470732,0.735366,144,25*2*10,96*4*5
503,3368.17,7233,1,0,0.470723,0.735361,144,25*2*10,96*4*5
504,3368.22,7233,1,0,0.470716,0.735358,144,25*2*10,96*4*5
505,3368.26,7232,1,0,0.47071,0.735355,144,25*2*10,96*4*5
506,3368.28,7233,1,0,0.470707,0.735354,144,25*2*10,96*4*5
507,3368.6,7233,1,0,0.470663,0.735332,144,25*2*10,96*4*5
508,3368.73,7233,1,0,0.470645,0.735323,144,25*2*10,96*4*5
509,3368.8,7232,1,0,0.470635,0.735317,144,25*2*10,96*4*5
510,3369.07,7233,1,0,0.470597,0.735298,144,25*2*10,96*4*5
511,3369.1,7233,1,0,0.470593,0.735297,144,25*2*10,96*4*5
512,3369.39,7232,1,0,0.470553,0.735276,144,25*2*10,96*4*5
513,3369.39,7233,1,0,0.470553,0.735276,144,25*2*10,96*4*5
514,3369.45,7233,1,0,0.470544,0.735272,144,25*2*10,96*4*5
515,3369.49,7232,1,0,0.470538,0.735269,144,25*2*10,96*4*5
516,3369.76,7233,1,0,0.470501,0.735251,144,25*2*10,96*4*5
517,3369.81,7233,1,0,0.470493,0.735247,144,25*2*10,96*4*5
518,3369.93,7232,1,0,0.470476,0.735238,144,25*2*10,96*4*5
519,3370.08,7233,1,0,0.470456,0.735228,144,25*2*10,96*4*5
520,3370.11,7233,1,0,0.470452,0.735226,144,25*2*10,96*4*5
521,3370.42,7233,1,0,0.470409,0.735205,144,25*2*10,96*4*5
522,3370.64,7232,1,0,0.470378,0.735189,144,25*2*10,96*4*5
523,3371.22,7233,1,0,0.470297,0.735149,144,25*2*10,96*4*5
524,3371.26,7233,1,0,0.470291,0.735145,144,25*2*10,96*4*5
525,3371.34,7232,1,0,0.47028,0.73514,144,25*2*10,96*4*5
526,3371.43,7233,1,0,0.470267,0.735134,144,25*2*10,96*4*5
527,3371.64,7233,1,0,0.470238,0.735119,144,25*2*10,96*4*5
528,3371.75,7232,1,0,0.470223,0.735111,144,25*2*10,96*4*5
529,3371.82,7233,1,0,0.470214,0.735107,144,25*2*10,96*4*5
530,3371.88,7233,1,0,0.470206,0.735103,144,25*2*10,96*4*5
531,3372.09,7232,1,0,0.470176,0.735088,144,25*2*10,96*4*5
532,3372.28,7233,1,0,0.470149,0.735075,144,25*2*10,96*4*5
533,3372.39,7233,1,0,0.470134,0.735067,144,25*2*10,96*4*5
534,3372.42,7233,1,0,0.47013,0.735065,144,25*2*10,96*4*5
535,3372.55,7232,1,0,0.470111,0.735056,144,25*2*10,96*4*5
536,3372.8,7233,1,0,0.470077,0.735039,144,25*2*10,96*4*5
537,3372.82,7233,1,0,0.470075,0.735037,144,25*2*10,96*4*5
538,3373.01,7232,1,0,0.470048,0.735024,144,25*2*10,96*4*5
539,3373.02,7233,1,0,0.470047,0.735023,144,25*2*10,96*4*5
540,3374.2,7233,1,0,0.469881,0.734941,144,25*2*10,96*4*5
541,3374.66,7232,1,0,0.469818,0.734909,144,25*2*10,96*4*5
542,3374.78,7233,1,0,0.469801,0.7349,144,25*2*10,96*4*5
543,3375.01,7233,1,0,0.469768,0.734884,144,25*2*10,96*4*5
544,3376.59,7232,1,0,0.469549,0.734775,144,25*2*10,96*4*5
545,3377.48,7233,1,0,0.469426,0.734713,144,25*2*10,96*4*5
546,3377.48,7233,1,0,0.469426,0.734713,144,25*2*10,96*4*5
547,3377.48,7233,1,0,0.469426,0.734713,144,25*2*10,96*4*5
548,3377.48,7232,1,0,0.469426,0.734713,144,25*2*10,96*4*5
549,3377.48,7233,1,0,0.469426,0.734713,144,25*2*10,96*4*5
550,3377.48,7233,1,0,0.469426,0.734713,144,25*2*10,96*4*5
551,3377.48,7232,1,0,0.469426,0.734713,144,25*2*10,96*4*5
552,3377.48,7233,1,0,0.469426,0.734713,144,25*2*10,96*4*5
553,3377.48,7233,1,0,0.469426,0.734713,144,25*2*10,96*4*5
554,3377.48,7232,1,0,0.469426,0.734713,144,25*2*10,96*4*5
555,3377.48,7233,1,0,0.469426,0.734713,144,25*2*10,96*4*5
556,3377.48,7233,1,0,0.469426,0.734713,144,25*2*10,96*4*5
557,3377.48,7232,1,0,0.469426,0.734713,144,25*2*10,96*4*5
558,3377.48,7233,1,0,0.469426,0.734713,144,25*2*10,96*4*5
559,3377.48,7233,1,0,0.469426,0.734713,144,25*2*10,96*4*5
560,3377.48,7233,1,0,0.469426,0.734713,144,25*2*10,96*4*5
561,3377.48,7232,1,0,0.469426,0.734713,144,25*2*10,96*4*5
562,3377.48,7233,1,0,0.469426,0.734713,144,25*2*10,96*4*5
563,3377.48,7233,1,0,0.469426,0.734713,144,25*2*10,96*4*5
564,3377.48,7232,1,0,0.469426,0.734713,144,25*2*10,96*4*5
565,3377.48,7233,1,0,0.469426,0.734713,144,25*2*10,96*4*5
566,3377.48,7233,1,0,0.469426,0.734713,144,25*2*10,96*4*5
567,3377.48,7232,1,0,0.469426,0.734713,144,25*2*10,96*4*5
568,3377.48,7233,1,0,0.469426,0.734713,144,25*2*10,96*4*5
569,3377.48,7233,1,0,0.469426,0.734713,144,25*2*10,96*4*5
570,3377.48,7232,1,0,0.469426,0.734713,144,25*2*10,96*4*5
571,3377.48,7233,1,0,0.469426,0.734713,144,25*2*10,96*4*5
572,3377.48,7233,1,0,0.469426,0.734713,144,25*2*10,96*4*5
573,3377.48,7233,1,0,0.469426,0.734713,144,25*2*10,96*4*5
574,3377.48,7232,1,0,0.469426,0.734713,144,25*2*10,96*4*5
575,3377.48,7233,1,0,0.469426,0.734713,144,25*2*10,96*4*5
576,3377.48,7233,1,0,0.469426,0.734713,144,25*2*10,96*4*5
577,3377.48,7232,1,0,0.469426,0.734713,144,25*2*10,96*4*5
578,3377.48,7233,1,0,0.469426,0.734713,144,25*2*10,96*4*5
579,3377.48,7233,1,0,0.469426,0.734713,144,25*2*10,96*4*5
580,3377.48,7232,1,0,0.469426,0.734713,144,25*2*10,96*4*5
581,3377.48,7233,1,0,0.469426,0.734713,144,25*2*10,96*4*5
582,3377.48,7233,1,0,0.469426,0.734713,144,25*2*10,96*4*5
583,3377.48,7232,1,0,0.469426,0.734713,144,25*2*10,96*4*5
584,3377.48,7233,1,0,0.469426,0.734713,144,25*2*10,96*4*5
585,3377.48,7233,1,0,0.469426,0.734713,144,25*2*10,96*4*5
586,3377.48,7233,1,0,0.469426,0.734713,144,25*2*10,96*4*5
587,3377.48,7232,1,0,0.469426,0.734713,144,25*2*10,96*4*5
588,3377.48,7233,1,0,0.469426,0.734713,144,25*2*10,96*4*5
589,3377.48,7233,1,0,0.469426,0.734713,144,25*2*10,96*4*5
590,3377.48,7232,1,0,0.469426,0.734713,144,25*2*10,96*4*5
591,3377.48,7233,1,0,0.469426,0.734713,144,25*2*10,96*4*5
592,3377.48,7233,1,0,0.469426,0.734713,144,25*2*10,96*4*5
593,3377.48,7232,1,0,0.469426,0.734713,144,25*2*10,96*4*5
594,3377.48,7233,1,0,0.469426,0.734713,144,25*2*10,96*4*5
595,3378,7233,1,0,0.469353,0.734677,144,25*2*10,96*4*5
596,3377.99,7232,1,0,0.469355,0.734678,144,25*2*10,96*4*5
597,3377.85,7233,1,0,0.469373,0.734687,144,25*2*10,96*4*5
598,3377.81,7233,1,0,0.46938,0.73469,144,25*2*10,96*4*5
599,3377.55,7233,1,0,0.469416,0.734708,144,25*2*10,96*4*5
600,3377.42,7232,1,0,0.469433,0.734717,144,25*2*10,96*4*5
601,3376.9,7233,1,0,0.469506,0.734753,144,25*2*10,96*4*5
602,3376.25,7233,1,0,0.469596,0.734798,144,25*2*10,96*4*5
603,3375.73,7232,1,0,0.469669,0.734835,144,25*2*10,96*4*5
604,3374.79,7233,1,0,0.469799,0.7349,144,25*2*10,96*4*5
605,3373.75,7233,1,0,0.469944,0.734972,144,25*2*10,96*4*5
606,3372.62,7232,1,0,0.470102,0.735051,144,25*2*10,96*4*5
607,3371.96,7233,1,0,0.470193,0.735097,144,25*2*10,96*4*5
608,3370.15,7233,1,0,0.470446,0.735223,144,25*2*10,96*4*5
609,3370,7232,1,0,0.470468,0.735234,144,25*2*10,96*4*5
610,3368.71,7233,1,0,0.470648,0.735324,144,25*2*10,96*4*5
611,3368.65,7233,1,0,0.470656,0.735328,144,25*2*10,96*4*5
612,3368.27,7233,1,0,0.470708,0.735354,144,25*2*10,96*4*5
613,3368.16,7232,1,0,0.470725,0.735362,144,25*2*10,96*4*5
614,3367.91,7233,1,0,0.470759,0.73538,144,25*2*10,96*4*5
615,3367.28,7233,1,0,0.470847,0.735424,144,25*2*10,96*4*5
616,3366.71,7232,1,0,0.470926,0.735463,144,25*2*10,96*4*5
617,3366.19,7233,1,0,0.471,0.7355,144,25*2*10,96*4*5
618,3365.61,7233,1,0,0.471082,0.735541,144,25*2*10,96*4*5
619,3364.99,7232,1,0,0.471168,0.735584,144,25*2*10,96*4*5
620,3364,7233,1,0,0.471307,0.735653,144,25*2*10,96*4*5
621,3363.65,7233,1,0,0.471356,0.735678,144,25*2*10,96*4*5
622,3362.65,7232,1,0,0.471495,0.735748,144,25*2*10,96*4*5
623,3360.34,7233,1,0,0.471819,0.73591,144,25*2*10,96*4*5
624,3359.96,7233,1,0,0.471874,0.735937,144,25*2*10,96*4*5
625,3359.64,7233,1,0,0.471918,0.735959,144,25*2*10,96*4*5
626,3358.7,7232,1,0,0.47205,0.736025,144,25*2*10,96*4*5
627,3357.28,7233,1,0,0.47225,0.736125,144,25*2*10,96*4*5
628,3356.47,7233,1,0,0.472364,0.736182,144,25*2*10,96*4*5
629,3352.6,7232,1,0,0.472909,0.736454,144,25*2*10,96*4*5
630,3351.33,7233,1,0,0.473088,0.736544,144,25*2*10,96*4*5
631,3346.66,7233,1,0,0.473748,0.736874,144,25*2*10,96*4*5
632,3343.18,7232,1,0,0.474241,0.737121,144,25*2*10,96*4*5
633,3335.86,7233,1,0,0.475282,0.737641,144,25*2*10,96*4*5
634,3322.72,7233,1,0,0.477161,0.738581,144,25*2*10,96*4*5
635,3322.15,7232,1,0,0.477244,0.738622,144,25*2*10,96*4*5
636,3321.79,7233,1,0,0.477295,0.738647,144,25*2*10,96*4*5
637,3321.5,7233,1,0,0.477337,0.738668,144,25*2*10,96*4*5
638,3319.43,7233,1,0,0.477634,0.738817,144,25*2*10,96*4*5
639,3319.13,7232,1,0,0.477678,0.738839,144,25*2*10,96*4*5
640,3316.1,7233,1,0,0.478114,0.739057,144,25*2*10,96*4*5
641,3313.29,7233,1,0,0.47852,0.73926,144,25*2*10,96*4*5
642,3313.29,7232,1,0,0.47852,0.73926,144,25*2*10,96*4*5
643,3309.73,7233,1,0,0.479034,0.739517,144,25*2*10,96*4*5
644,3308.66,7233,1,0,0.479189,0.739595,144,25*2*10,96*4*5
645,3308.54,7232,1,0,0.479207,0.739603,144,25*2*10,96*4*5
646,3307.04,7233,1,0,0.479425,0.739712,144,25*2*10,96*4*5
647,3306.31,7233,1,0,0.479529,0.739765,144,25*2*10,96*4*5
648,3301.09,7232,1,0,0.480289,0.740144,144,25*2*10,96*4*5
649,3295.94,7233,1,0,0.481039,0.74052,144,25*2*10,96*4*5
650,3295.47,7233,1,0,0.481107,0.740553,144,25*2*10,96*4*5
651,3294.72,7233,1,0,0.481218,0.740609,144,25*2*10,96*4*5
652,3288.11,7232,1,0,0.482184,0.741092,144,25*2*10,96*4*5
653,3282.94,7233,1,0,0.482943,0.741472,144,25*2*10,96*4*5
654,3282.54,7233,1,0,0.483003,0.741501,144,25*2*10,96*4*5
655,3277.44,7232,1,0,0.483754,0.741877,144,25*2*10,96*4*5
656,3276.31,7233,1,0,0.483921,0.74196,144,25*2*10,96*4*5
657,3273.06,7233,1,0,0.484402,0.742201,144,25*2*10,96*4*5
658,3272.97,7232,1,0,0.484414,0.742207,144,25*2*10,96*4*5
659,3272.18,7233,1,0,0.484532,0.742266,144,25*2*10,96*4*5
660,3270.71,7233,1,0,0.484749,0.742374,144,25*2*10,96*4*5
661,3270.03,7232,1,0,0.48485,0.742425,144,25*2*10,96*4*5
662,3268.2,7233,1,0,0.485122,0.742561,144,25*2*10,96*4*5
663,3258.99,7233,1,0,0.486492,0.743246,144,25*2*10,96*4*5
664,3256.51,7233,1,0,0.486864,0.743432,144,25*2*10,96*4*5
665,3255.07,7232,1,0,0.487078,0.743539,144,25*2*10,96*4*5
666,3254.46,7233,1,0,0.48717,0.743585,144,25*2*10,96*4*5
667,3250.55,7233,1,0,0.487756,0.743878,144,25*2*10,96*4*5
668,3247.81,7232,1,0,0.488167,0.744084,144,25*2*10,96*4*5
669,3242.56,7233,1,0,0.488958,0.744479,144,25*2*10,96*4*5
670,3235.94,7233,1,0,0.489958,0.744979,144,25*2*10,96*4*5
671,3233.27,7232,1,0,0.490362,0.745181,144,25*2*10,96*4*5
672,3232.28,7233,1,0,0.490512,0.745256,144,25*2*10,96*4*5
673,3231.83,7233,1,0,0.490581,0.74529,144,25*2*10,96*4*5
674,3231.72,7232,1,0,0.490598,0.745299,144,25*2*10,96*4*5
675,3228.69,7233,1,0,0.491058,0.745529,144,25*2*10,96*4*5
676,3228.58,7233,1,0,0.491075,0.745537,144,25*2*10,96*4*5
677,3224.11,7233,1,0,0.491756,0.745878,144,25*2*10,96*4*5
678,3224.06,7232,1,0,0.491763,0.745882,144,25*2*10,96*4*5
679,3222.14,7233,1,0,0.492056,0.746028,144,25*2*10,96*4*5
680,3221.85,7233,1,0,0.492101,0.746051,144,25*2*10,96*4*5
681,3220.31,7232,1,0,0.492336,0.746168,144,25*2*10,96*4*5
682,3213.35,7233,1,0,0.493402,0.746701,144,25*2*10,96*4*5
683,3206.41,7233,1,0,0.49447,0.747235,144,25*2*10,96*4*5
684,3201.71,7232,1,0,0.495196,0.747598,144,25*2*10,96*4*5
685,3199.71,7233,1,0,0.495506,0.747753,144,25*2*10,96*4*5
686,3195.96,7233,1,0,0.496088,0.748044,144,25*2*10,96*4*5
687,3192.85,7232,1,0,0.496571,0.748285,144,25*2*10,96*4*5
688,3187.47,7233,1,0,0.497409,0.748705,144,25*2*10,96*4*5
689,3185.43,7233,1,0,0.497727,0.748863,144,25*2*10,96*4*5
690,3185.37,7233,1,0,0.497736,0.748868,144,25*2*10,96*4*5
691,3182.74,7232,1,0,0.498148,0.749074,144,25*2*10,96*4*5
692,3181.92,7233,1,0,0.498276,0.749138,144,25*2*10,96*4*5
693,3177.56,7233,1,0,0.498959,0.74948,144,25*2*10,96*4*5
694,3176.45,7232,1,0,0.499134,0.749567,144,25*2*10,96*4*5
695,3174.43,7233,1,0,0.499451,0.749726,144,25*2*10,96*4*5
696,3173.94,7233,1,0,0.499528,0.749764,144,25*2*10,96*4*5
697,3173.26,7232,1,0,0.499636,0.749818,144,25*2*10,96*4*5
698,3171.05,6510,0,1,0.449934,0.724967,143,25*6*3,96*6*3
699,3167.72,6510,1,0,0.450407,0.725203,143,25*6*3,96*6*3
700,3167.62,6509,1,0,0.450421,0.72521,143,25*6*3,96*6*3
701,3166.85,6510,1,0,0.450531,0.725266,143,25*6*3,96*6*3
702,3165.6,6509,1,0,0.450709,0.725354,143,25*6*3,96*6*3
703,3162.76,6510,1,0,0.451113,0.725557,143,25*6*3,96*6*3
704,3156.5,6509,1,0,0.452008,0.726004,143,25*6*3,96*6*3
705,3155.61,6510,1,0,0.452136,0.726068,143,25*6*3,96*6*3
706,3155.5,6509,1,0,0.452151,0.726075,143,25*6*3,96*6*3
707,3151.37,6510,1,0,0.452743,0.726372,143,25*6*3,96*6*3
708,3150.9,6509,1,0,0.452811,0.726406,143,25*6*3,96*6*3
709,3148.61,6510,1,0,0.453141,0.726571,143,25*6*3,96*6*3
710,3141.98,6509,1,0,0.454096,0.727048,143,25*6*3,96*6*3
711,3140.53,6510,1,0,0.454306,0.727153,143,25*6*3,96*6*3
712,3140.01,6509,1,0,0.454381,0.727191,143,25*6*3,96*6*3
713,3138.78,6510,1,0,0.45456,0.72728,143,25*6*3,96*6*3
714,3134.88,6509,1,0,0.455125,0.727563,143,25*6*3,96*6*3
715,3132.06,6510,1,0,0.455535,0.727768,143,25*6*3,96*6*3
716,3128.97,6509,1,0,0.455985,0.727992,143,25*6*3,96*6*3
717,3127.5,6510,1,0,0.456199,0.7281,143,25*6*3,96*6*3
718,3122.65,6509,1,0,0.456907,0.728454,143,25*6*3,96*6*3
719,3122.44,6510,1,0,0.456938,0.728469,143,25*6*3,96*6*3
720,3121.63,6510,1,0,0.457057,0.728528,143,25*6*3,96*6*3
721,3118.81,6509,1,0,0.45747,0.728735,143,25*6*3,96*6*3
722,3112.9,6510,1,0,0.458338,0.729169,143,25*6*3,96*6*3
723,3112.49,6509,1,0,0.458399,0.7292,143,25*6*3,96*6*3
724,3110.69,6510,1,0,0.458665,0.729332,143,25*6*3,96*6*3
725,3108.14,6509,1,0,0.459041,0.729521,143,25*6*3,96*6*3
726,3106.89,6510,1,0,0.459225,0.729613,143,25*6*3,96*6*3
727,3104.43,6509,1,0,0.45959,0.729795,143,25*6*3,96*6*3
728,3102.04,6510,1,0,0.459943,0.729972,143,25*6*3,96*6*3
729,3097.12,6509,1,0,0.460674,0.730337,143,25*6*3,96*6*3
730,3087.32,6510,1,0,0.462136,0.731068,143,25*6*3,96*6*3
731,3079.84,6509,1,0,0.463259,0.73163,143,25*6*3,96*6*3
732,3078.81,6510,1,0,0.463414,0.731707,143,25*6*3,96*6*3
733,3076.33,6509,1,0,0.463787,0.731894,143,25*6*3,96*6*3
734,3076.13,6510,1,0,0.463817,0.731908,143,25*6*3,96*6*3
735,3073.45,6509,1,0,0.464221,0.732111,143,25*6*3,96*6*3
736,3065.47,6510,1,0,0.465431,0.732715,143,25*6*3,96*6*3
737,3065.17,6509,1,0,0.465476,0.732738,143,25*6*3,96*6*3
738,3064.19,6510,1,0,0.465624,0.732812,143,25*6*3,96*6*3
739,3060.65,6509,1,0,0.466163,0.733081,143,25*6*3,96*6*3
740,3060.34,6510,1,0,0.466211,0.733106,143,25*6*3,96*6*3
741,3057.34,6509,1,0,0.466667,0.733334,143,25*6*3,96*6*3
742,3054.12,6510,1,0,0.46716,0.73358,143,25*6*3,96*6*3
743,3053.04,6510,1,0,0.467326,0.733663,143,25*6*3,96*6*3
744,3033.29,6509,1,0,0.470369,0.735184,143,25*6*3,96*6*3
745,3027.13,6510,1,0,0.471325,0.735663,143,25*6*3,96*6*3
746,3022.1,6509,1,0,0.472109,0.736055,143,25*6*3,96*6*3
747,3020.71,6510,1,0,0.472326,0.736163,143,25*6*3,96*6*3
748,3018.1,6509,1,0,0.472735,0.736368,143,25*6*3,96*6*3
749,3017.89,6510,1,0,0.472768,0.736384,143,25*6*3,96*6*3
750,3016.97,6509,1,0,0.472913,0.736456,143,25*6*3,96*6*3
751,3016.75,6510,1,0,0.472946,0.736473,143,25*6*3,96*6*3
752,3011.55,6509,1,0,0.473763,0.736882,134,25*6*3,96*6*3
753,3008.84,6510,1,0,0.47419,0.737095,134,25*6*3,96*6*3
754,3007.16,6509,1,0,0.474456,0.737228,134,25*6*3,96*6*3
755,3006.49,6510,1,0,0.474562,0.737281,134,25*6*3,96*6*3
756,2999.66,6509,1,0,0.475642,0.737821,134,25*6*3,96*6*3
757,2998.43,6510,1,0,0.475836,0.737918,134,25*6*3,96*6*3
758,2996.97,6509,1,0,0.476068,0.738034,134,25*6*3,96*6*3
759,2993.18,6510,1,0,0.47667,0.738335,134,25*6*3,96*6*3
760,2990.49,6509,1,0,0.4771,0.73855,134,25*6*3,96*6*3
761,2987.98,6510,1,0,0.4775,0.73875,134,25*6*3,96*6*3
762,2983.1,6509,1,0,0.478282,0.739141,134,25*6*3,96*6*3
763,2982.65,6510,1,0,0.478354,0.739177,134,25*6*3,96*6*3
764,2980.27,6510,1,0,0.478736,0.739368,134,25*6*3,96*6*3
765,2979.1,6509,1,0,0.478924,0.739462,134,25*6*3,96*6*3
766,2955.47,6510,1,0,0.482753,0.741376,134,25*6*3,96*6*3
767,2951.31,6509,1,0,0.483434,0.741717,134,25*6*3,96*6*3
768,2945.46,6510,1,0,0.484393,0.742197,134,25*6*3,96*6*3
769,2941.32,6509,1,0,0.485076,0.742538,134,25*6*3,96*6*3
770,2940.86,6510,1,0,0.485151,0.742576,134,25*6*3,96*6*3
771,2938.25,6509,1,0,0.485583,0.742791,134,25*6*3,96*6*3
772,2937.31,6510,1,0,0.485738,0.742869,134,25*6*3,96*6*3
773,2931.56,6509,1,0,0.486691,0.743345,134,25*6*3,96*6*3
774,2928.07,6510,1,0,0.48727,0.743635,134,25*6*3,96*6*3
775,2926.34,6509,1,0,0.487559,0.74378,134,25*6*3,96*6*3
776,2924.39,6510,1,0,0.487884,0.743942,134,25*6*3,96*6*3
777,2914.73,6509,1,0,0.489501,0.744751,134,25*6*3,96*6*3
778,2913.32,6510,1,0,0.489738,0.744869,134,25*6*3,96*6*3
779,2906.8,6509,1,0,0.490836,0.745418,134,25*6*3,96*6*3
780,2905.93,6510,1,0,0.490983,0.745491,134,25*6*3,96*6*3
781,2903.93,6509,1,0,0.491322,0.745661,134,25*6*3,96*6*3
782,2903.31,6510,1,0,0.491426,0.745713,134,25*6*3,96*6*3
783,2900.26,6509,1,0,0.491944,0.745972,134,25*6*3,96*6*3
784,2896.42,6510,1,0,0.492595,0.746297,134,25*6*3,96*6*3
785,2890.46,6509,1,0,0.493611,0.746806,134,25*6*3,96*6*3
786,2888.34,6510,1,0,0.493973,0.746987,134,25*6*3,96*6*3
787,2882.44,6510,1,0,0.494984,0.747492,134,25*6*3,96*6*3
788,2879.77,6509,1,0,0.495444,0.747722,134,25*6*3,96*6*3
789,2878.6,6510,1,0,0.495644,0.747822,134,25*6*3,96*6*3
790,2877.99,6509,1,0,0.49575,0.747875,134,25*6*3,96*6*3
791,2877.05,6510,1,0,0.495912,0.747956,134,25*6*3,96*6*3
792,2873.59,6509,1,0,0.496508,0.748254,134,25*6*3,96*6*3
793,2872.91,6510,1,0,0.496627,0.748313,134,25*6*3,96*6*3
794,2868.55,6509,1,0,0.497382,0.748691,134,25*6*3,96*6*3
795,2866.74,6510,1,0,0.497696,0.748848,134,25*6*3,96*6*3
796,2865.72,6509,1,0,0.497873,0.748937,134,25*6*3,96*6*3
797,2859.62,6510,1,0,0.498934,0.749467,134,25*6*3,96*6*3
798,2857.61,6509,1,0,0.499285,0.749642,134,25*6*3,96*6*3
799,2855.55,6510,1,0,0.499646,0.749823,134,25*6*3,96*6*3
800,2854.93,6509,1,0,0.499753,0.749877,134,25*6*3,96*6*3
801,2854.56,6510,1,0,0.499818,0.749909,134,25*6*3,96*6*3
802,2853.42,5786,0,0,0.444513,0.722256,131,25*2*8,96*4*4
803,2848.41,5786,1,0,0.445294,0.722647,131,25*2*8,96*4*4
804,2845.96,5786,1,0,0.445677,0.722839,131,25*2*8,96*4*4
805,2845.66,5787,1,0,0.445725,0.722862,131,25*2*8,96*4*4
806,2843.43,5786,1,0,0.446074,0.723037,131,25*2*8,96*4*4
807,2832.73,5786,1,0,0.447758,0.723879,131,25*2*8,96*4*4
808,2830.96,5787,1,0,0.448039,0.72402,131,25*2*8,96*4*4
809,2830.83,5786,1,0,0.44806,0.72403,131,25*2*8,96*4*4
810,2828.97,5786,1,0,0.448354,0.724177,131,25*2*8,96*4*4
811,2824.94,5787,1,0,0.448993,0.724497,131,25*2*8,96*4*4
812,2822.33,5786,1,0,0.449409,0.724705,131,25*2*8,96*4*4
813,2817.94,5786,1,0,0.450109,0.725054,131,25*2*8,96*4*4
814,2815.57,5787,1,0,0.450488,0.725244,131,25*2*8,96*4*4
815,2814.53,5786,1,0,0.450654,0.725327,131,25*2*8,96*4*4
816,2814.44,5786,1,0,0.450669,0.725335,131,25*2*8,96*4*4
817,2812.03,5787,1,0,0.451054,0.725527,131,25*2*8,96*4*4
818,2809.11,5786,1,0,0.451523,0.725761,131,25*2*8,96*4*4
819,2802.13,5786,1,0,0.452649,0.726324,131,25*2*8,96*4*4
820,2801.94,5787,1,0,0.45268,0.72634,131,25*2*8,96*4*4
821,2801.36,5786,1,0,0.452773,0.726387,131,25*2*8,96*4*4
822,2800.08,5786,1,0,0.452979,0.72649,131,25*2*8,96*4*4
823,2797.83,5787,1,0,0.453344,0.726672,131,25*2*8,96*4*4
824,2796.76,5786,1,0,0.453518,0.726759,131,25*2*8,96*4*4
825,2796.63,5786,1,0,0.453539,0.726769,131,25*2*8,96*4*4
826,2796.22,5787,1,0,0.453605,0.726803,131,25*2*8,96*4*4
827,2792.25,5786,1,0,0.45425,0.727125,131,25*2*8,96*4*4
828,2791.66,5786,1,0,0.454346,0.727173,131,25*2*8,96*4*4
829,2791.35,5787,1,0,0.454396,0.727198,131,25*2*8,96*4*4
830,2789.91,5786,1,0,0.454631,0.727316,131,25*2*8,96*4*4
831,2786.8,5786,1,0,0.455139,0.72757,131,25*2*8,96*4*4
832,2786.43,5787,1,0,0.455199,0.727599,131,25*2*8,96*4*4
833,2771.17,5786,1,0,0.457706,0.728853,131,25*2*8,96*4*4
834,2768.88,5786,1,0,0.458085,0.729042,131,25*2*8,96*4*4
835,2767.74,5787,1,0,0.458273,0.729137,131,25*2*8,96*4*4
836,2765.32,5786,1,0,0.458674,0.729337,131,25*2*8,96*4*4
837,2765.13,5786,1,0,0.458706,0.729353,131,25*2*8,96*4*4
838,2764.29,5787,1,0,0.458845,0.729423,131,25*2*8,96*4*4
839,2763.5,5786,1,0,0.458976,0.729488,131,25*2*8,96*4*4
840,2763.1,5786,1,0,0.459043,0.729521,131,25*2*8,96*4*4
841,2759.07,5787,1,0,0.459714,0.729857,131,25*2*8,96*4*4
842,2758.86,5786,1,0,0.459747,0.729874,131,25*2*8,96*4*4
843,2757.28,5786,1,0,0.460012,0.730006,131,25*2*8,96*4*4
844,2756.7,5787,1,0,0.460107,0.730054,131,25*2*8,96*4*4
845,2754.93,5786,1,0,0.460404,0.730202,131,25*2*8,96*4*4
846,2754.79,5786,1,0,0.460427,0.730214,131,25*2*8,96*4*4
847,2750.56,5787,1,0,0.461135,0.730568,131,25*2*8,96*4*4
848,2749.18,5786,1,0,0.461367,0.730683,131,25*2*8,96*4*4
849,2745.24,5786,1,0,0.462028,0.731014,131,25*2*8,96*4*4
850,2745,5787,1,0,0.46207,0.731035,131,25*2*8,96*4*4
851,2740.54,5786,1,0,0.462822,0.731411,131,25*2*8,96*4*4
852,2737.38,5786,1,0,0.463355,0.731678,131,25*2*8,96*4*4
853,2736.01,5787,1,0,0.463587,0.731793,131,25*2*8,96*4*4
854,2734.91,5786,1,0,0.463774,0.731887,131,25*2*8,96*4*4
855,2733.61,5786,1,0,0.463995,0.731997,131,25*2*8,96*4*4
856,2733.28,5787,1,0,0.464051,0.732025,131,25*2*8,96*4*4
857,2731.82,5786,1,0,0.464299,0.73215,131,25*2*8,96*4*4
858,2731.38,5786,1,0,0.464374,0.732187,131,25*2*8,96*4*4
859,2731.3,5787,1,0,0.464387,0.732193,131,25*2*8,96*4*4
860,2726.2,5786,1,0,0.465257,0.732628,131,25*2*8,96*4*4
861,2723.57,5786,1,0,0.465706,0.732853,131,25*2*8,96*4*4
862,2718.78,5787,1,0,0.466526,0.733263,131,25*2*8,96*4*4
863,2718.1,5786,1,0,0.466642,0.733321,131,25*2*8,96*4*4
864,2716.76,5786,1,0,0.466873,0.733437,131,25*2*8,96*4*4
865,2716.38,5787,1,0,0.466938,0.733469,131,25*2*8,96*4*4
866,2713.51,5786,1,0,0.467431,0.733716,131,25*2*8,96*4*4
867,2708.72,5786,1,0,0.468257,0.734129,131,25*2*8,96*4*4
868,2708.44,5787,1,0,0.468306,0.734153,131,25*2*8,96*4*4
869,2708.44,5786,1,0,0.468306,0.734153,131,25*2*8,96*4*4
870,2707.25,5786,1,0,0.468512,0.734256,131,25*2*8,96*4*4
871,2707.12,5787,1,0,0.468534,0.734267,131,25*2*8,96*4*4
872,2705.79,5786,1,0,0.468764,0.734382,131,25*2*8,96*4*4
873,2705.56,5786,1,0,0.468805,0.734402,131,25*2*8,96*4*4
874,2702.05,5787,1,0,0.469413,0.734707,131,25*2*8,96*4*4
875,2702.01,5786,1,0,0.46942,0.73471,131,25*2*8,96*4*4
876,2700.61,5786,1,0,0.469663,0.734832,131,25*2*8,96*4*4
877,2697.56,5787,1,0,0.470195,0.735098,131,25*2*8,96*4*4
878,2696.04,5786,1,0,0.470461,0.73523,131,25*2*8,96*4*4
879,2691.55,5787,1,1,0.471245,0.735622,124,25*2*8,96*4*4
880,2691.39,5787,1,0,0.471273,0.735637,124,25*2*8,96*4*4
881,2689.98,5786,1,0,0.47152,0.73576,124,25*2*8,96*4*4
882,2689.96,5786,1,0,0.471524,0.735762,124,25*2*8,96*4*4
883,2689.04,5787,1,0,0.471684,0.735842,124,25*2*8,96*4*4
884,2688.95,5786,1,0,0.471701,0.735851,124,25*2*8,96*4*4
885,2688.28,5786,1,0,0.471819,0.73591,124,25*2*8,96*4*4
886,2687.13,5787,1,0,0.47202,0.73601,124,25*2*8,96*4*4
887,2684.1,5786,1,0,0.472554,0.736277,124,25*2*8,96*4*4
888,2684.08,5786,1,0,0.472556,0.736278,124,25*2*8,96*4*4
889,2678.91,5787,1,0,0.473468,0.736734,124,25*2*8,96*4*4
890,2676.11,5786,1,0,0.473964,0.736982,124,25*2*8,96*4*4
891,2675.97,5786,1,0,0.47399,0.736995,124,25*2*8,96*4*4
892,2674.33,5787,1,0,0.47428,0.73714,124,25*2*8,96*4*4
893,2673.75,5786,1,0,0.474382,0.737191,124,25*2*8,96*4*4
894,2660.23,5786,1,0,0.476794,0.738397,124,25*2*8,96*4*4
895,2652.49,5787,1,0,0.478185,0.739092,124,25*2*8,96*4*4
896,2651.15,5786,1,0,0.478427,0.739214,124,25*2*8,96*4*4
897,2649.07,5786,1,0,0.478803,0.739401,124,25*2*8,96*4*4
898,2645.04,5786,1,0,0.479532,0.739766,124,25*2*8,96*4*4
899,2644.46,5787,1,0,0.479636,0.739818,124,25*2*8,96*4*4
900,2644.01,5786,1,0,0.479719,0.739859,124,25*2*8,96*4*4
901,2642.36,5786,1,0,0.480018,0.740009,124,25*2*8,96*4*4
902,2641.65,5787,1,0,0.480147,0.740074,124,25*2*8,96*4*4
903,2641.07,5786,1,0,0.480252,0.740126,124,25*2*8,96*4*4
904,2641.07,5786,1,0,0.480252,0.740126,124,25*2*8,96*4*4
905,2640.81,5787,1,0,0.4803,0.74015,124,25*2*8,96*4*4
906,2640.77,5786,1,0,0.480306,0.740153,124,25*2*8,96*4*4
907,2638.66,5786,1,0,0.48069,0.740345,124,25*2*8,96*4*4
908,2636.65,5787,1,0,0.481058,0.740529,124,25*2*8,96*4*4
909,2629.6,5786,1,0,0.482346,0.741173,124,25*2*8,96*4*4
910,2627.25,5786,1,0,0.482779,0.74139,124,25*2*8,96*4*4
911,2625.37,5787,1,0,0.483124,0.741562,124,25*2*8,96*4*4
912,2624.65,5786,1,0,0.483257,0.741628,124,25*2*8,96*4*4
913,2620.53,5786,1,0,0.484016,0.742008,124,25*2*8,96*4*4
914,2617.16,5787,1,0,0.484639,0.74232,124,25*2*8,96*4*4
915,2617.01,5786,1,0,0.484667,0.742334,124,25*2*8,96*4*4
916,2612.26,5786,1,0,0.485548,0.742774,124,25*2*8,96*4*4
917,2610.12,5787,1,0,0.485948,0.742974,124,25*2*8,96*4*4
918,2608.78,5786,1,0,0.486197,0.743099,124,25*2*8,96*4*4
919,2607.36,5786,1,0,0.48646,0.74323,124,25*2*8,96*4*4
920,2600.97,5787,1,0,0.487656,0.743828,124,25*2*8,96*4*4
921,2599.7,5786,1,0,0.487896,0.743948,124,25*2*8,96*4*4
922,2598.75,5786,1,0,0.488073,0.744037,124,25*2*8,96*4*4
923,2597.46,5787,1,0,0.488316,0.744158,124,25*2*8,96*4*4
924,2595.85,5786,1,0,0.488618,0.744309,124,25*2*8,96*4*4
925,2595.79,5786,1,0,0.488629,0.744315,124,25*2*8,96*4*4
926,2595.07,5787,1,0,0.488765,0.744382,124,25*2*8,96*4*4
927,2593.08,5786,1,0,0.48914,0.74457,124,25*2*8,96*4*4
928,2592.85,5786,1,0,0.489184,0.744592,124,25*2*8,96*4*4
929,2592.73,5787,1,0,0.489206,0.744603,124,25*2*8,96*4*4
930,2590.18,5786,1,0,0.489687,0.744844,124,25*2*8,96*4*4
931,2589.23,5786,1,0,0.489867,0.744933,124,25*2*8,96*4*4
932,2588.89,5787,1,0,0.489931,0.744966,124,25*2*8,96*4*4
933,2588.46,5786,1,0,0.490014,0.745007,124,25*2*8,96*4*4
934,2587.7,5786,1,0,0.490158,0.745079,124,25*2*8,96*4*4
935,2586.56,5787,1,0,0.490373,0.745186,124,25*2*8,96*4*4
936,2585.36,5786,1,0,0.490601,0.745301,124,25*2*8,96*4*4
937,2585.19,5786,1,0,0.490633,0.745316,124,25*2*8,96*4*4
938,2582.66,5787,1,0,0.491114,0.745557,124,25*2*8,96*4*4
939,2582.46,5786,1,0,0.491152,0.745576,124,25*2*8,96*4*4
940,2582.1,5786,1,0,0.491221,0.74561,124,25*2*8,96*4*4
941,2580.97,5787,1,0,0.491435,0.745717,124,25*2*8,96*4*4
942,2578.27,5786,1,0,0.491949,0.745975,124,25*2*8,96*4*4
943,2575,5786,1,0,0.492574,0.746287,124,25*2*8,96*4*4
944,2571.35,5787,1,0,0.493273,0.746637,124,25*2*8,96*4*4
945,2571.16,5786,1,0,0.493311,0.746656,124,25*2*8,96*4*4
946,2571.12,5786,1,0,0.493318,0.746659,124,25*2*8,96*4*4
947,2570.22,5787,1,0,0.493492,0.746746,124,25*2*8,96*4*4
948,2568.1,5786,1,0,0.493898,0.746949,124,25*2*8,96*4*4
949,2567.24,5786,1,0,0.494065,0.747032,124,25*2*8,96*4*4
950,2566.79,5787,1,0,0.494151,0.747075,124,25*2*8,96*4*4
951,2565.09,5786,1,0,0.494477,0.747239,124,25*2*8,96*4*4
952,2564.77,5786,1,0,0.49454,0.74727,124,25*2*8,96*4*4
953,2564.62,5787,1,0,0.494569,0.747285,124,25*2*8,96*4*4
954,2564.19,5786,1,0,0.494651,0.747325,124,25*2*8,96*4*4
955,2564.18,5786,1,0,0.494653,0.747326,124,25*2*8,96*4*4
956,2563.61,5787,1,0,0.494764,0.747382,124,25*2*8,96*4*4
957,2563.26,5786,1,0,0.494831,0.747415,124,25*2*8,96*4*4
958,2563.05,5786,1,0,0.494871,0.747436,124,25*2*8,96*4*4
959,2562.83,5787,1,0,0.494915,0.747457,124,25*2*8,96*4*4
960,2561.79,5786,1,0,0.495115,0.747557,124,25*2*8,96*4*4
961,2560.8,5786,1,0,0.495306,0.747653,124,25*2*8,96*4*4
962,2560.68,5787,1,0,0.495329,0.747664,124,25*2*8,96*4*4
963,2560.38,5786,1,0,0.495387,0.747694,124,25*2*8,96*4*4
964,2560.36,5786,1,0,0.495391,0.747695,124,25*2*8,96*4*4
965,2559.8,5787,1,0,0.4955,0.74775,124,25*2*8,96*4*4
966,2558,5786,1,0,0.495849,0.747924,124,25*2*8,96*4*4
967,2556.55,5786,1,0,0.496129,0.748065,124,25*2*8,96*4*4
968,2556.54,5787,1,0,0.496132,0.748066,124,25*2*8,96*4*4
969,2555.44,5786,1,0,0.496344,0.748172,124,25*2*8,96*4*4
970,2555.05,5786,1,0,0.496421,0.74821,124,25*2*8,96*4*4
971,2554.19,5787,1,0,0.496589,0.748294,124,25*2*8,96*4*4
972,2552.69,5786,1,0,0.496879,0.74844,124,25*2*8,96*4*4
973,2552.59,5786,1,0,0.496899,0.74845,124,25*2*8,96*4*4
974,2551.67,5787,1,0,0.497079,0.74854,124,25*2*8,96*4*4
975,2549.24,5786,1,0,0.497553,0.748776,124,25*2*8,96*4*4
976,2547.07,5786,1,0,0.497977,0.748988,124,25*2*8,96*4*4
977,2546.19,5787,1,0,0.498148,0.749074,124,25*2*8,96*4*4
978,2545.8,5786,1,0,0.498225,0.749112,124,25*2*8,96*4*4
979,2545.8,5786,1,0,0.498225,0.749113,124,25*2*8,96*4*4
980,2545.76,5787,1,0,0.498232,0.749116,124,25*2*8,96*4*4
981,2544.39,5786,1,0,0.4985,0.74925,124,25*2*8,96*4*4
982,2543.97,5786,1,0,0.498584,0.749292,124,25*2*8,96*4*4
983,2543.83,5787,1,0,0.498611,0.749305,124,25*2*8,96*4*4
984,2543.66,5786,1,0,0.498643,0.749322,124,25*2*8,96*4*4
985,2543.33,5786,1,0,0.498709,0.749355,124,25*2*8,96*4*4
986,2543.23,5787,1,0,0.498727,0.749364,124,25*2*8,96*4*4
987,2543.09,5786,1,0,0.498756,0.749378,124,25*2*8,96*4*4
988,2543.08,5786,1,0,0.498757,0.749378,124,25*2*8,96*4*4
989,2542.45,5787,1,0,0.49888,0.74944,124,25*2*8,96*4*4
990,2541.39,5786,1,0,0.499088,0.749544,124,25*2*8,96*4*4
991,2540.83,5786,1,0,0.499198,0.749599,124,25*2*8,96*4*4
992,2540.3,5787,1,0,0.499304,0.749652,124,25*2*8,96*4*4
993,2540.15,5786,1,0,0.499333,0.749666,124,25*2*8,96*4*4
994,2539.83,5786,1,0,0.499396,0.749698,124,25*2*8,96*4*4
995,2538.33,5786,1,0,0.49969,0.749845,124,25*2*8,96*4*4
996,2537.46,5787,1,0,0.499862,0.749931,124,25*2*8,96*4*4
997,2535.74,5425,0,1,0.468912,0.734456,123,25*3*5,96*3*5
998,2535,5425,1,0,0.469048,0.734524,123,25*3*5,96*3*5
999,2533.98,5425,1,0,0.469236,0.734618,123,25*3*5,96*3*5
1000,2533.02,5424,1,0,0.469414,0.734707,123,25*3*5,96*3*5
1001,2531.3,5425,1,0,0.469735,0.734867,123,25*3*5,96*3*5
1002,2531.2,5425,1,0,0.469752,0.734876,123,25*3*5,96*3*5
1003,2530.83,5425,1,0,0.469821,0.734911,123,25*3*5,96*3*5
1004,2530.1,5424,1,0,0.469957,0.734978,123,25*3*5,96*3*5
1005,2529.99,5425,1,0,0.469978,0.734989,123,25*3*5,96*3*5
1006,2529.64,5425,1,0,0.470043,0.735021,123,25*3*5,96*3*5
1007,2529.58,5424,1,0,0.470053,0.735026,123,25*3*5,96*3*5
1008,2528.99,5425,1,0,0.470162,0.735081,123,25*3*5,96*3*5
1009,2528.68,5425,1,0,0.470221,0.73511,123,25*3*5,96*3*5
1010,2528.66,5425,1,0,0.470224,0.735112,123,25*3*5,96*3*5
1011,2528.46,5424,1,0,0.470261,0.73513,123,25*3*5,96*3*5
1012,2528.42,5425,1,0,0.470269,0.735135,123,25*3*5,96*3*5
1013,2527.43,5425,1,0,0.470454,0.735227,123,25*3*5,96*3*5
1014,2527.05,5425,1,0,0.470523,0.735262,123,25*3*5,96*3*5
1015,2526.51,5424,1,0,0.470625,0.735312,123,25*3*5,96*3*5
1016,2526.22,5425,1,0,0.470679,0.73534,123,25*3*5,96*3*5
1017,2526.08,5425,1,0,0.470704,0.735352,123,25*3*5,96*3*5
1018,2525.25,5424,1,0,0.470859,0.735429,123,25*3*5,96*3*5
1019,2525.11,5425,1,0,0.470886,0.735443,123,25*3*5,96*3*5
1020,2524.61,5425,1,0,0.470979,0.735489,123,25*3*5,96*3*5
1021,2524.59,5425,1,0,0.470983,0.735491,123,25*3*5,96*3*5
1022,2523.76,5424,1,0,0.471138,0.735569,123,25*3*5,96*3*5
1023,2523.59,5425,1,0,0.471168,0.735584,123,25*3*5,96*3*5
1024,2523.55,5425,1,0,0.471176,0.735588,123,25*3*5,96*3*5
1025,2523.12,5425,1,0,0.471257,0.735628,123,25*3*5,96*3*5
1026,2523.09,5424,1,0,0.471262,0.735631,123,25*3*5,96*3*5
1027,2522.85,5425,1,0,0.471307,0.735654,123,25*3*5,96*3*5
1028,2522.55,5425,1,0,0.471364,0.735682,123,25*3*5,96*3*5
1029,2522.39,5424,1,0,0.471392,0.735696,123,25*3*5,96*3*5
1030,2522.34,5425,1,0,0.471402,0.735701,123,25*3*5,96*3*5
1031,2522.25,5425,1,0,0.471419,0.73571,123,25*3*5,96*3*5
1032,2522.16,5425,1,0,0.471436,0.735718,123,25*3*5,96*3*5
1033,2522.15,5424,1,0,0.471439,0.735719,123,25*3*5,96*3*5
1034,2521.47,5425,1,0,0.471564,0.735782,123,25*3*5,96*3*5
1035,2521.4,5425,1,0,0.471578,0.735789,123,25*3*5,96*3*5
1036,2521.1,5425,1,0,0.471634,0.735817,123,25*3*5,96*3*5
1037,2521.06,5424,1,0,0.471642,0.735821,123,25*3*5,96*3*5
1038,2520.74,5425,1,0,0.471702,0.735851,123,25*3*5,96*3*5
1039,2520.27,5425,1,0,0.471789,0.735895,123,25*3*5,96*3*5
1040,2520.22,5424,1,0,0.471799,0.7359,123,25*3*5,96*3*5
1041,2520.16,5425,1,0,0.47181,0.735905,123,25*3*5,96*3*5
1042,2519.87,5425,1,0,0.471865,0.735933,123,25*3*5,96*3*5
1043,2519.72,5425,1,0,0.471892,0.735946,123,25*3*5,96*3*5
1044,2519.69,5424,1,0,0.471898,0.735949,123,25*3*5,96*3*5
1045,2519.68,5425,1,0,0.471901,0.73595,123,25*3*5,96*3*5
1046,2519.44,5425,1,0,0.471946,0.735973,123,25*3*5,96*3*5
1047,2519.22,5425,1,0,0.471985,0.735993,123,25*3*5,96*3*5
1048,2519.17,5424,1,0,0.471995,0.735998,123,25*3*5,96*3*5
1049,2519.16,5425,1,0,0.471997,0.735999,123,25*3*5,96*3*5
1050,2519.16,5425,1,0,0.471998,0.735999,123,25*3*5,96*3*5
1051,2518.9,5424,1,0,0.472047,0.736023,123,25*3*5,96*3*5
1052,2518.83,5425,1,0,0.47206,0.73603,123,25*3*5,96*3*5
1053,2518.78,5425,1,0,0.472069,0.736035,123,25*3*5,96*3*5
1054,2518.74,5425,1,0,0.472077,0.736039,123,25*3*5,96*3*5
1055,2518.72,5424,1,0,0.472081,0.73604,123,25*3*5,96*3*5
1056,2518.4,5425,1,0,0.47214,0.73607,123,25*3*5,96*3*5
1057,2518.27,5425,1,0,0.472164,0.736082,123,25*3*5,96*3*5
1058,2518.2,5424,1,0,0.472178,0.736089,123,25*3*5,96*3*5
1059,2517.93,5425,1,0,0.472229,0.736115,123,25*3*5,96*3*5
1060,2517.9,5425,1,0,0.472234,0.736117,123,25*3*5,96*3*5
1061,2517.61,5425,1,0,0.472288,0.736144,123,25*3*5,96*3*5
1062,2517.61,5424,1,0,0.472288,0.736144,123,25*3*5,96*3*5
1063,2517.55,5425,1,0,0.4723,0.73615,123,25*3*5,96*3*5
1064,2517.51,5425,1,0,0.472307,0.736154,123,25*3*5,96*3*5
1065,2517.24,5425,1,0,0.472357,0.736179,123,25*3*5,96*3*5
1066,2517.19,5424,1,0,0.472368,0.736184,123,25*3*5,96*3*5
1067,2517.07,5425,1,0,0.47239,0.736195,123,25*3*5,96*3*5
1068,2516.92,5425,1,0,0.472418,0.736209,123,25*3*5,96*3*5
1069,2516.89,5424,1,0,0.472424,0.736212,123,25*3*5,96*3*5
1070,2516.58,5425,1,0,0.472481,0.73624,123,25*3*5,96*3*5
1071,2516.36,5425,1,0,0.472523,0.736261,123,25*3*5,96*3*5
1072,2515.78,5425,1,0,0.472632,0.736316,123,25*3*5,96*3*5
1073,2515.74,5424,1,0,0.47264,0.73632,123,25*3*5,96*3*5
1074,2515.66,5425,1,0,0.472654,0.736327,123,25*3*5,96*3*5
1075,2515.57,5425,1,0,0.472672,0.736336,123,25*3*5,96*3*5
1076,2515.36,5425,1,0,0.472711,0.736356,123,25*3*5,96*3*5
1077,2515.25,5424,1,0,0.472732,0.736366,123,25*3*5,96*3*5
1078,2515.18,5425,1,0,0.472744,0.736372,123,25*3*5,96*3*5
1079,2515.12,5425,1,0,0.472755,0.736378,123,25*3*5,96*3*5
1080,2514.91,5424,1,0,0.472795,0.736397,123,25*3*5,96*3*5
1081,2514.72,5425,1,0,0.472831,0.736415,123,25*3*5,96*3*5
1082,2514.61,5425,1,0,0.472852,0.736426,123,25*3*5,96*3*5
1083,2514.58,5425,1,0,0.472857,0.736429,123,25*3*5,96*3*5
1084,2514.45,5424,1,0,0.472882,0.736441,123,25*3*5,96*3*5
1085,2514.2,5425,1,0,0.472928,0.736464,123,25*3*5,96*3*5
1086,2514.18,5425,1,0,0.472932,0.736466,123,25*3*5,96*3*5
1087,2513.99,5425,1,0,0.472967,0.736484,123,25*3*5,96*3*5
1088,2513.98,5424,1,0,0.47297,0.736485,123,25*3*5,96*3*5
1089,2512.8,5425,1,0,0.473193,0.736596,123,25*3*5,96*3*5
1090,2512.34,5425,1,0,0.473279,0.736639,123,25*3*5,96*3*5
1091,2512.22,5424,1,0,0.473302,0.736651,123,25*3*5,96*3*5
1092,2511.99,5425,1,0,0.473346,0.736673,123,25*3*5,96*3*5
1093,2510.41,5425,1,0,0.473642,0.736821,123,25*3*5,96*3*5
