1,1585,3548,0,0,0.711483,0.855741,131,25*6*2,96*12*1
2,7943,9746,0,0,0.351895,0.675947,145,25*6*6,96*12*2
3,15849,9746,1,0,0.176358,0.588179,145,25*6*6,96*12*2
4,15849,9747,1,0,0.176358,0.588179,145,25*6*6,96*12*2
5,19953,9746,1,0,0.140084,0.570042,145,25*6*6,96*12*2
6,12589,9747,1,0,0.222027,0.611014,145,25*6*6,96*12*2
7,1585,3548,0,0,0.711483,0.855741,131,25*6*2,96*12*1
8,40,0,0,0,0,0,0,1*1*1,1*1*1
9,79,0,0,0,0,0,0,1*1*1,1*1*1
10,20,0,0,0,0,0,0,1*1*1,1*1*1
11,1585,3549,1,0,0.711483,0.855741,131,25*6*2,96*12*1
12,316,650,0,0,0.884968,0.942484,42,25*3*1,48*2*1
13,20,0,0,0,0,0,0,1*1*1,1*1*1
14,200,251,1,0,0.78925,0.894625,24,25*1*1,48*1*1
15,126,57,0,0,0.819444,0.909722,7,5*1*1,16*1*1
16,50,0,0,0,0,0,0,1*1*1,1*1*1
17,1000,2440,0,0,0.78855,0.894275,118,25*3*3,96*6*1
18,1585,3548,0,0,0.711483,0.855741,131,25*6*2,96*12*1
19,1000,2440,0,0,0.78855,0.894275,118,25*3*3,96*6*1
20,200,250,0,0,0.78925,0.894625,24,25*1*1,48*1*1
21,16,0,0,0,0,0,0,1*1*1,1*1*1
22,316,651,1,0,0.884968,0.942484,42,25*3*1,48*2*1
23,50,0,0,0,0,0,0,1*1*1,1*1*1
24,200,251,1,0,0.78925,0.894625,24,25*1*1,48*1*1
25,50,0,0,0,0,0,0,1*1*1,1*1*1
26,32,0,0,0,0,0,0,1*1*1,1*1*1
27,63,0,0,0,0,0,0,1*1*1,1*1*1
28,50,0,0,0,0,0,0,1*1*1,1*1*1
29,40,0,0,0,0,0,0,1*1*1,1*1*1
30,40,0,0,0,0,0,0,1*1*1,1*1*1
31,40,0,0,0,0,0,0,1*1*1,1*1*1
32,50,0,0,0,0,0,0,1*1*1,1*1*1
33,50,0,0,0,0,0,0,1*1*1,1*1*1
34,50,0,0,0,0,0,0,1*1*1,1*1*1
35,40,0,0,0,0,0,0,1*1*1,1*1*1
36,63,0,0,0,0,0,0,1*1*1,1*1*1
37,50,0,0,0,0,0,0,1*1*1,1*1*1
38,40,0,0,0,0,0,0,1*1*1,1*1*1
39,50,0,0,0,0,0,0,1*1*1,1*1*1
40,40,0,0,0,0,0,0,1*1*1,1*1*1
41,63,0,0,0,0,0,0,1*1*1,1*1*1
42,50,0,0,0,0,0,0,1*1*1,1*1*1
43,50,0,0,0,0,0,0,1*1*1,1*1*1
44,63,0,0,0,0,0,0,1*1*1,1*1*1
45,79,0,0,0,0,0,0,1*1*1,1*1*1
46,100,47,0,0,0.9485,0.97425,5,5*1*1,8*1*1
47,100,47,1,0,0.9485,0.97425,5,5*1*1,8*1*1
48,79,0,0,0,0,0,0,1*1*1,1*1*1
49,126,57,0,0,0.819444,0.909722,7,5*1*1,16*1*1
50,79,0,0,0,0,0,0,1*1*1,1*1*1
51,79,0,0,0,0,0,0,1*1*1,1*1*1
52,79,0,0,0,0,0,0,1*1*1,1*1*1
53,40,0,0,0,0,0,0,1*1*1,1*1*1
54,40,0,0,0,0,0,0,1*1*1,1*1*1
55,63,0,0,0,0,0,0,1*1*1,1*1*1
56,79,0,0,0,0,0,0,1*1*1,1*1*1
57,158,217,0,0,0.892722,0.946361,9,25*1*1,32*1*1
58,316,650,1,0,0.884968,0.942484,42,25*3*1,48*2*1
59,1000,2440,0,0,0.78855,0.894275,118,25*3*3,96*6*1
60,3162,8477,0,0,0.798624,0.899312,144,25*6*5,96*12*2
61,5012,9746,0,0,0.557682,0.778841,145,25*6*6,96*12*2
62,15849,9746,1,0,0.176358,0.588179,145,25*6*6,96*12*2
63,6310,9747,1,0,0.442964,0.721482,145,25*6*6,96*12*2
64,15849,9746,1,0,0.176358,0.588179,145,25*6*6,96*12*2
65,794,1774,0,0,0.773615,0.886807,104,25*6*1,96*6*1
66,10000,9746,0,0,0.27951,0.639755,145,25*6*6,96*12*2
67,7943,9746,1,0,0.351895,0.675947,145,25*6*6,96*12*2
68,1585,3548,0,0,0.711483,0.855741,131,25*6*2,96*12*1
69,15849,9746,0,0,0.176358,0.588179,145,25*6*6,96*12*2
70,2512,7091,0,0,0.89785,0.948925,143,25*6*4,96*12*2
71,19953,9747,1,0,0.140084,0.570042,145,25*6*6,96*12*2
72,12589,9746,1,0,0.222027,0.611014,145,25*6*6,96*12*2
73,3162,8477,0,0,0.798624,0.899312,144,25*6*5,96*12*2
74,3162,8477,1,0,0.798624,0.899312,144,25*6*5,96*12*2
75,3981,9746,0,0,0.70211,0.851055,145,25*6*6,96*12*2
76,2512,7091,0,0,0.89785,0.948925,143,25*6*4,96*12*2
77,3162,8478,1,0,0.798624,0.899312,144,25*6*5,96*12*2
78,1259,3548,0,0,0.895711,0.947855,130,25*6*2,96*12*1
79,1000,2440,0,0,0.78855,0.894275,118,25*3*3,96*6*1
80,1585,3548,0,0,0.711483,0.855741,131,25*6*2,96*12*1
81,2512,7091,0,0,0.89785,0.948925,143,25*6*4,96*12*2
82,3162,8478,1,0,0.798624,0.899312,144,25*6*5,96*12*2
83,3981,9746,0,0,0.70211,0.851055,145,25*6*6,96*12*2
84,12589,9746,1,0,0.222027,0.611014,145,25*6*6,96*12*2
85,1000,2440,0,0,0.78855,0.894275,118,25*3*3,96*6*1
86,1995,4878,1,0,0.700526,0.850263,137,25*6*3,96*12*1
87,2512,7091,0,0,0.89785,0.948925,143,25*6*4,96*12*2
88,6310,9747,1,0,0.442964,0.721482,145,25*6*6,96*12*2
89,2512,7091,0,0,0.89785,0.948925,143,25*6*4,96*12*2
90,1000,2440,0,0,0.78855,0.894275,118,25*3*3,96*6*1
91,316,650,0,0,0.884968,0.942484,42,25*3*1,48*2*1
92,1000,2440,0,0,0.78855,0.894275,118,25*3*3,96*6*1
93,398,813,0,0,0.829271,0.914636,63,25*3*1,96*2*1
94,1000,2440,0,0,0.78855,0.894275,118,25*3*3,96*6*1
95,1259,3548,0,0,0.895711,0.947855,130,25*6*2,96*12*1
96,631,1627,0,0,0.84477,0.922385,91,25*6*1,96*4*1
97,501,1115,0,0,0.873253,0.936627,75,25*2*2,96*3*1
98,2512,7091,0,0,0.89785,0.948925,143,25*6*4,96*12*2
99,1995,4877,0,0,0.700526,0.850263,137,25*6*3,96*12*1
100,1995,4878,1,0,0.700526,0.850263,137,25*6*3,96*12*1
101,1995,4878,1,0,0.700526,0.850263,137,25*6*3,96*12*1
102,3162,8477,0,0,0.798624,0.899312,144,25*6*5,96*12*2
103,3162,8477,1,0,0.798624,0.899312,144,25*6*5,96*12*2
104,2512,7091,0,0,0.89785,0.948925,143,25*6*4,96*12*2
105,15849,9747,1,0,0.176358,0.588179,145,25*6*6,96*12*2
106,15849,9746,1,0,0.176358,0.588179,145,25*6*6,96*12*2
107,19953,9747,1,0,0.140084,0.570042,145,25*6*6,96*12*2
108,5012,9746,1,0,0.557682,0.778841,145,25*6*6,96*12*2
109,5012,9747,1,0,0.557682,0.778841,145,25*6*6,96*12*2
110,15849,9746,1,0,0.176358,0.588179,145,25*6*6,96*12*2
111,6310,9746,1,0,0.442964,0.721482,145,25*6*6,96*12*2
112,6310,9747,1,0,0.442964,0.721482,145,25*6*6,96*12*2
113,6310,9746,1,0,0.442964,0.721482,145,25*6*6,96*12*2
114,15849,9746,1,0,0.176358,0.588179,145,25*6*6,96*12*2
115,15849,9747,1,0,0.176358,0.588179,145,25*6*6,96*12*2
116,10000,9746,1,0,0.27951,0.639755,145,25*6*6,96*12*2
117,7943,9747,1,0,0.351895,0.675947,145,25*6*6,96*12*2
118,15849,9746,1,0,0.176358,0.588179,145,25*6*6,96*12*2
119,7943,9746,1,0,0.351895,0.675947,145,25*6*6,96*12*2
120,12589,9747,1,0,0.222027,0.611014,145,25*6*6,96*12*2
121,7943,9746,1,0,0.351895,0.675947,145,25*6*6,96*12*2
122,7943,9747,1,0,0.351895,0.675947,145,25*6*6,96*12*2
123,7943,9746,1,0,0.351895,0.675947,145,25*6*6,96*12*2
124,7943,9747,1,0,0.351895,0.675947,145,25*6*6,96*12*2
125,7943,9746,1,0,0.351895,0.675947,145,25*6*6,96*12*2
126,10000,9746,1,0,0.27951,0.639755,145,25*6*6,96*12*2
127,6310,9746,1,0,0.442964,0.721482,145,25*6*6,96*12*2
128,7943,9747,1,0,0.351895,0.675947,145,25*6*6,96*12*2
129,6310,9746,1,0,0.442964,0.721482,145,25*6*6,96*12*2
130,5012,9747,1,0,0.557682,0.778841,145,25*6*6,96*12*2
131,1995,4877,0,0,0.700526,0.850263,137,25*6*3,96*12*1
132,1585,3549,1,0,0.711483,0.855741,131,25*6*2,96*12*1
133,1995,4877,0,0,0.700526,0.850263,137,25*6*3,96*12*1
134,2512,7091,0,0,0.89785,0.948925,143,25*6*4,96*12*2
135,5012,9747,1,0,0.557682,0.778841,145,25*6*6,96*12*2
136,5012,9746,1,0,0.557682,0.778841,145,25*6*6,96*12*2
137,19953,9747,1,0,0.140084,0.570042,145,25*6*6,96*12*2
138,3162,8477,0,0,0.798624,0.899312,144,25*6*5,96*12*2
139,6310,9746,0,0,0.442964,0.721482,145,25*6*6,96*12*2
140,19953,9746,1,0,0.140084,0.570042,145,25*6*6,96*12*2
141,12589,9747,1,0,0.222027,0.611014,145,25*6*6,96*12*2
142,12589,9746,1,0,0.222027,0.611014,145,25*6*6,96*12*2
143,6310,9747,1,0,0.442964,0.721482,145,25*6*6,96*12*2
144,12589,9746,1,0,0.222027,0.611014,145,25*6*6,96*12*2
145,12589,9746,1,0,0.222027,0.611014,145,25*6*6,96*12*2
146,7943,9747,1,0,0.351895,0.675947,145,25*6*6,96*12*2
147,1995,4877,0,0,0.700526,0.850263,137,25*6*3,96*12*1
148,501,1116,1,0,0.873253,0.936627,75,25*2*2,96*3*1
149,251,433,0,0,0.885458,0.942729,31,25*2*1,32*2*1
150,13,0,0,0,0,0,0,1*1*1,1*1*1
151,126,57,0,0,0.819444,0.909722,7,5*1*1,16*1*1
152,126,57,1,0,0.819444,0.909722,7,5*1*1,16*1*1
153,158,217,0,0,0.892722,0.946361,9,25*1*1,32*1*1
154,251,434,1,0,0.885458,0.942729,31,25*2*1,32*2*1
155,398,813,1,0,0.829271,0.914636,63,25*3*1,96*2*1
156,200,250,0,0,0.78925,0.894625,24,25*1*1,48*1*1
157,251,434,1,0,0.885458,0.942729,31,25*2*1,32*2*1
158,1000,2440,0,0,0.78855,0.894275,118,25*3*3,96*6*1
159,1585,3548,0,0,0.711483,0.855741,131,25*6*2,96*12*1
160,1995,4877,0,0,0.700526,0.850263,137,25*6*3,96*12*1
161,3981,9746,0,0,0.70211,0.851055,145,25*6*6,96*12*2
162,5012,9746,1,0,0.557682,0.778841,145,25*6*6,96*12*2
163,6310,9747,1,0,0.442964,0.721482,145,25*6*6,96*12*2
164,3981,9746,1,0,0.70211,0.851055,145,25*6*6,96*12*2
165,1585,3548,0,0,0.711483,0.855741,131,25*6*2,96*12*1
166,1995,4877,0,0,0.700526,0.850263,137,25*6*3,96*12*1
167,631,1628,1,0,0.84477,0.922385,91,25*6*1,96*4*1
168,1585,3548,0,0,0.711483,0.855741,131,25*6*2,96*12*1
169,100,47,0,0,0.9485,0.97425,5,5*1*1,8*1*1
170,63,0,0,0,0,0,0,1*1*1,1*1*1
171,794,1774,0,0,0.773615,0.886807,104,25*6*1,96*6*1
172,32,0,0,0,0,0,0,1*1*1,1*1*1
173,32,0,0,0,0,0,0,1*1*1,1*1*1
174,200,250,0,0,0.78925,0.894625,24,25*1*1,48*1*1
175,40,0,0,0,0,0,0,1*1*1,1*1*1
176,158,217,1,0,0.892722,0.946361,9,25*1*1,32*1*1
177,158,217,1,0,0.892722,0.946361,9,25*1*1,32*1*1
178,316,650,0,0,0.884968,0.942484,42,25*3*1,48*2*1
179,316,651,1,0,0.884968,0.942484,42,25*3*1,48*2*1
180,251,433,0,0,0.885458,0.942729,31,25*2*1,32*2*1
181,100,47,0,0,0.9485,0.97425,5,5*1*1,8*1*1
182,251,433,0,0,0.885458,0.942729,31,25*2*1,32*2*1
183,794,1774,0,0,0.773615,0.886807,104,25*6*1,96*6*1
184,3162,8477,0,0,0.798624,0.899312,144,25*6*5,96*12*2
185,5012,9746,0,0,0.557682,0.778841,145,25*6*6,96*12*2
186,5012,9746,1,0,0.557682,0.778841,145,25*6*6,96*12*2
187,1259,3548,0,0,0.895711,0.947855,130,25*6*2,96*12*1
188,15849,9746,0,0,0.176358,0.588179,145,25*6*6,96*12*2
189,1995,4877,0,0,0.700526,0.850263,137,25*6*3,96*12*1
190,19953,9746,0,0,0.140084,0.570042,145,25*6*6,96*12*2
191,2512,7091,0,0,0.89785,0.948925,143,25*6*4,96*12*2
192,2512,7092,1,0,0.89785,0.948925,143,25*6*4,96*12*2
193,3162,8478,1,0,0.798624,0.899312,144,25*6*5,96*12*2
194,3981,9746,0,0,0.70211,0.851055,145,25*6*6,96*12*2
195,3162,8477,0,0,0.798624,0.899312,144,25*6*5,96*12*2
196,3162,8477,1,0,0.798624,0.899312,144,25*6*5,96*12*2
197,1995,4877,0,0,0.700526,0.850263,137,25*6*3,96*12*1
198,3981,9746,0,0,0.70211,0.851055,145,25*6*6,96*12*2
199,3981,9746,1,0,0.70211,0.851055,145,25*6*6,96*12*2
200,3162,8477,0,0,0.798624,0.899312,144,25*6*5,96*12*2
201,2512,7091,0,0,0.89785,0.948925,143,25*6*4,96*12*2
202,5012,9747,1,0,0.557682,0.778841,145,25*6*6,96*12*2
203,3981,9746,1,0,0.70211,0.851055,145,25*6*6,96*12*2
204,3981,9747,1,0,0.70211,0.851055,145,25*6*6,96*12*2
205,2512,7091,0,0,0.89785,0.948925,143,25*6*4,96*12*2
206,1995,4877,0,0,0.700526,0.850263,137,25*6*3,96*12*1
207,3162,8477,0,0,0.798624,0.899312,144,25*6*5,96*12*2
208,3981,9746,0,0,0.70211,0.851055,145,25*6*6,96*12*2
209,3981,9746,1,0,0.70211,0.851055,145,25*6*6,96*12*2
210,2512,7091,0,0,0.89785,0.948925,143,25*6*4,96*12*2
211,3981,9747,1,0,0.70211,0.851055,145,25*6*6,96*12*2
212,6310,9746,1,0,0.442964,0.721482,145,25*6*6,96*12*2
213,5012,9747,1,0,0.557682,0.778841,145,25*6*6,96*12*2
214,5012,9746,1,0,0.557682,0.778841,145,25*6*6,96*12*2
215,2512,7091,0,0,0.89785,0.948925,143,25*6*4,96*12*2
216,1585,3548,0,0,0.711483,0.855741,131,25*6*2,96*12*1
217,316,650,0,0,0.884968,0.942484,42,25*3*1,48*2*1
218,1995,4877,0,0,0.700526,0.850263,137,25*6*3,96*12*1
219,158,217,0,0,0.892722,0.946361,9,25*1*1,32*1*1
220,50,0,0,0,0,0,0,1*1*1,1*1*1
221,40,0,0,0,0,0,0,1*1*1,1*1*1
222,158,217,1,0,0.892722,0.946361,9,25*1*1,32*1*1
223,631,1627,1,0,0.84477,0.922385,91,25*6*1,96*4*1
224,1259,3548,0,0,0.895711,0.947855,130,25*6*2,96*12*1
225,631,1627,0,0,0.84477,0.922385,91,25*6*1,96*4*1
226,1995,4877,0,0,0.700526,0.850263,137,25*6*3,96*12*1
227,1259,3549,1,0,0.895711,0.947855,130,25*6*2,96*12*1
228,1000,2440,0,0,0.78855,0.894275,118,25*3*3,96*6*1
229,200,250,0,0,0.78925,0.894625,24,25*1*1,48*1*1
230,398,814,1,0,0.829271,0.914636,63,25*3*1,96*2*1
231,794,1775,1,0,0.773615,0.886807,104,25*6*1,96*6*1
232,126,57,0,0,0.819444,0.909722,7,5*1*1,16*1*1
233,501,1115,0,0,0.873253,0.936627,75,25*2*2,96*3*1
234,63,0,0,0,0,0,0,1*1*1,1*1*1
235,316,650,0,0,0.884968,0.942484,42,25*3*1,48*2*1
236,32,0,0,0,0,0,0,1*1*1,1*1*1
237,25,0,0,0,0,0,0,1*1*1,1*1*1
238,32,0,0,0,0,0,0,1*1*1,1*1*1
239,40,0,0,0,0,0,0,1*1*1,1*1*1
240,50,0,0,0,0,0,0,1*1*1,1*1*1
241,40,0,0,0,0,0,0,1*1*1,1*1*1
242,79,0,0,0,0,0,0,1*1*1,1*1*1
243,100,47,0,0,0.9485,0.97425,5,5*1*1,8*1*1
244,1000,2440,0,0,0.78855,0.894275,118,25*3*3,96*6*1
245,501,1115,0,0,0.873253,0.936627,75,25*2*2,96*3*1
246,158,217,0,0,0.892722,0.946361,9,25*1*1,32*1*1
247,1000,2440,0,0,0.78855,0.894275,118,25*3*3,96*6*1
248,2512,7091,0,0,0.89785,0.948925,143,25*6*4,96*12*2
249,1585,3548,0,0,0.711483,0.855741,131,25*6*2,96*12*1
250,3162,8477,0,0,0.798624,0.899312,144,25*6*5,96*12*2
251,15849,9746,0,0,0.176358,0.588179,145,25*6*6,96*12*2
252,19953,9746,1,0,0.140084,0.570042,145,25*6*6,96*12*2
253,15849,9747,1,0,0.176358,0.588179,145,25*6*6,96*12*2
254,15849,9746,1,0,0.176358,0.588179,145,25*6*6,96*12*2
255,19953,9747,1,0,0.140084,0.570042,145,25*6*6,96*12*2
256,12589,9746,1,0,0.222027,0.611014,145,25*6*6,96*12*2
257,15849,9746,1,0,0.176358,0.588179,145,25*6*6,96*12*2
258,25119,9747,1,0,0.111274,0.555637,145,25*6*6,96*12*2
259,19953,9746,1,0,0.140084,0.570042,145,25*6*6,96*12*2
260,15849,9747,1,0,0.176358,0.588179,145,25*6*6,96*12*2
261,15849,9746,1,0,0.176358,0.588179,145,25*6*6,96*12*2
262,15849,9746,1,0,0.176358,0.588179,145,25*6*6,96*12*2
263,19953,9747,1,0,0.140084,0.570042,145,25*6*6,96*12*2
264,10000,9746,1,0,0.27951,0.639755,145,25*6*6,96*12*2
265,19953,9747,1,0,0.140084,0.570042,145,25*6*6,96*12*2
266,25119,9746,1,0,0.111274,0.555637,145,25*6*6,96*12*2
267,15849,9747,1,0,0.176358,0.588179,145,25*6*6,96*12*2
268,12589,9746,1,0,0.222027,0.611014,145,25*6*6,96*12*2
269,15849,9746,1,0,0.176358,0.588179,145,25*6*6,96*12*2
270,25119,9747,1,0,0.111274,0.555637,145,25*6*6,96*12*2
271,19953,9746,1,0,0.140084,0.570042,145,25*6*6,96*12*2
272,25119,9747,1,0,0.111274,0.555637,145,25*6*6,96*12*2
273,12589,9746,1,0,0.222027,0.611014,145,25*6*6,96*12*2
274,12589,9747,1,0,0.222027,0.611014,145,25*6*6,96*12*2
275,12589,9746,1,0,0.222027,0.611014,145,25*6*6,96*12*2
276,15849,9746,1,0,0.176358,0.588179,145,25*6*6,96*12*2
277,12589,9747,1,0,0.222027,0.611014,145,25*6*6,96*12*2
278,12589,9746,1,0,0.222027,0.611014,145,25*6*6,96*12*2
279,15849,9747,1,0,0.176358,0.588179,145,25*6*6,96*12*2
280,12589,9746,1,0,0.222027,0.611014,145,25*6*6,96*12*2
281,10000,9747,1,0,0.27951,0.639755,145,25*6*6,96*12*2
282,12589,9746,1,0,0.222027,0.611014,145,25*6*6,96*12*2
283,15849,9746,1,0,0.176358,0.588179,145,25*6*6,96*12*2
284,15849,9747,1,0,0.176358,0.588179,145,25*6*6,96*12*2
285,5012,9746,1,0,0.557682,0.778841,145,25*6*6,96*12*2
286,15849,9747,1,0,0.176358,0.588179,145,25*6*6,96*12*2
287,3981,9746,1,0,0.70211,0.851055,145,25*6*6,96*12*2
288,100,47,0,0,0.9485,0.97425,5,5*1*1,8*1*1
289,100,47,1,0,0.9485,0.97425,5,5*1*1,8*1*1
290,251,433,0,0,0.885458,0.942729,31,25*2*1,32*2*1
291,251,434,1,0,0.885458,0.942729,31,25*2*1,32*2*1
292,200,250,0,0,0.78925,0.894625,24,25*1*1,48*1*1
293,316,651,1,0,0.884968,0.942484,42,25*3*1,48*2*1
294,1995,4877,0,0,0.700526,0.850263,137,25*6*3,96*12*1
295,794,1775,1,0,0.773615,0.886807,104,25*6*1,96*6*1
296,10000,9746,0,0,0.27951,0.639755,145,25*6*6,96*12*2
297,1585,3548,0,0,0.711483,0.855741,131,25*6*2,96*12*1
298,19953,9746,0,0,0.140084,0.570042,145,25*6*6,96*12*2
299,19953,9746,1,0,0.140084,0.570042,145,25*6*6,96*12*2
300,12589,9747,1,0,0.222027,0.611014,145,25*6*6,96*12*2
301,2044.85,4877,0,0,0.683449,0.841724,139,25*6*3,96*12*1
302,7447.83,9746,0,0,0.375291,0.687645,145,25*6*6,96*12*2
303,16229.5,9746,1,0,0.172223,0.586112,145,25*6*6,96*12*2
304,16031,9747,1,0,0.174356,0.587178,145,25*6*6,96*12*2
305,19606.3,9746,1,0,0.142561,0.571281,145,25*6*6,96*12*2
306,11840.3,9747,1,0,0.236067,0.618033,145,25*6*6,96*12*2
307,1585.21,3548,0,0,0.711388,0.855694,131,25*6*2,96*12*1
308,812.947,1774,0,0,0.755584,0.877792,104,25*6*1,96*6*1
309,406.541,814,1,0,0.811849,0.905925,63,25*3*1,96*2*1
310,0,0,0,0,0,0,0,1*1*1,1*1*1
311,1090.61,2828,0,0,0.97528,0.98764,127,25*2*5,96*4*2
312,0,0,0,0,0,0,0,1*1*1,1*1*1
313,23.8508,0,0,0,0,0,0,1*1*1,1*1*1
314,0,0,0,0,0,0,0,1*1*1,1*1*1
315,100.082,47,0,0,0.947723,0.973861,5,5*1*1,8*1*1
316,0,0,0,0,0,0,0,1*1*1,1*1*1
317,963.866,2440,0,0,0.818112,0.909056,106,25*3*3,96*6*1
318,972.651,2440,1,0,0.810722,0.905361,106,25*3*3,96*6*1
319,1043.4,2441,1,0,0.75575,0.877875,124,25*3*3,96*6*1
320,110.425,53,0,0,0.896989,0.948494,6,5*1*1,12*1*1
321,108.095,53,1,0,0.916324,0.958162,6,5*1*1,12*1*1
322,653.238,1627,0,0,0.816012,0.908006,91,25*6*1,96*4*1
323,0,0,0,0,0,0,0,1*1*1,1*1*1
324,735.417,1775,1,0,0.83524,0.91762,102,25*6*1,96*6*1
325,0,0,0,0,0,0,0,1*1*1,1*1*1
326,463.023,1115,0,0,0.944877,0.972439,67,25*2*2,96*3*1
327,184.966,250,0,0,0.8534,0.9267,20,25*1*1,48*1*1
328,0,0,0,0,0,0,0,1*1*1,1*1*1
329,0,0,0,0,0,0,0,1*1*1,1*1*1
330,188.049,251,1,0,0.839409,0.919704,22,25*1*1,48*1*1
331,347.586,751,1,0,0.921355,0.960677,53,25*3*1,48*3*1
332,0,0,0,0,0,0,0,1*1*1,1*1*1
333,232.819,434,1,0,0.954604,0.977302,28,25*2*1,32*2*1
334,0,0,0,0,0,0,0,1*1*1,1*1*1
335,0,0,0,0,0,0,0,1*1*1,1*1*1
336,373.985,813,0,0,0.882522,0.941261,59,25*3*1,96*2*1
337,0,0,0,0,0,0,0,1*1*1,1*1*1
338,0,0,0,0,0,0,0,1*1*1,1*1*1
339,0,0,0,0,0,0,0,1*1*1,1*1*1
340,246.768,434,1,0,0.900644,0.950322,29,25*2*1,32*2*1
341,70.5241,0,0,0,0,0,0,1*1*1,1*1*1
342,104.083,47,0,0,0.911292,0.955646,5,5*1*1,8*1*1
343,65.7229,0,0,0,0,0,0,1*1*1,1*1*1
344,0,0,0,0,0,0,0,1*1*1,1*1*1
345,24.8078,0,0,0,0,0,0,1*1*1,1*1*1
346,38.2118,0,0,0,0,0,0,1*1*1,1*1*1
347,0,0,0,0,0,0,0,1*1*1,1*1*1
348,0,0,0,0,0,0,0,1*1*1,1*1*1
349,0,0,0,0,0,0,0,1*1*1,1*1*1
350,1233.26,3548,0,0,0.914406,0.957203,130,25*6*2,96*12*1
351,1162.73,3253,1,0,0.916894,0.958447,128,25*6*2,96*4*2
352,175.803,217,0,0,0.802319,0.901159,17,25*1*1,32*1*1
353,0,0,0,0,0,0,0,1*1*1,1*1*1
354,0,0,0,0,0,0,0,1*1*1,1*1*1
355,745.338,1774,1,0,0.824123,0.912061,102,25*6*1,96*6*1
356,0,0,0,0,0,0,0,1*1*1,1*1*1
357,0,0,0,0,0,0,0,1*1*1,1*1*1
358,733.242,1775,1,0,0.837718,0.918859,102,25*6*1,96*6*1
359,813.3,1775,1,0,0.755256,0.877628,104,25*6*1,96*6*1
360,2942.07,8477,0,0,0.858324,0.929162,144,25*6*5,96*12*2
361,5289.4,9746,0,0,0.528434,0.764217,145,25*6*6,96*12*2
362,15882.5,9746,1,0,0.175986,0.587993,145,25*6*6,96*12*2
363,6489.78,9747,1,0,0.430693,0.715346,145,25*6*6,96*12*2
364,15244.4,9746,1,0,0.183353,0.591676,145,25*6*6,96*12*2
365,520.352,1115,0,0,0.840777,0.920389,79,25*2*2,96*3*1
366,9757.18,9746,0,0,0.286466,0.643233,145,25*6*6,96*12*2
367,7782.69,9746,1,0,0.359143,0.679572,145,25*6*6,96*12*2
368,2152.78,4877,0,0,0.649184,0.824592,142,25*6*3,96*12*1
369,15285.5,9746,0,0,0.18286,0.59143,145,25*6*6,96*12*2
370,2298.73,4877,0,0,0.607966,0.803983,142,25*6*3,96*12*1
371,19898.9,9746,0,0,0.140465,0.570233,145,25*6*6,96*12*2
372,13455.6,9746,1,0,0.207728,0.603864,145,25*6*6,96*12*2
373,3773.72,9747,1,0,0.740675,0.870337,145,25*6*6,96*12*2
374,3567.45,9746,1,0,0.783501,0.89175,145,25*6*6,96*12*2
375,3569.43,9747,1,0,0.783066,0.891533,145,25*6*6,96*12*2
376,2094.36,4877,0,0,0.667292,0.833646,141,25*6*3,96*12*1
377,3244.73,9746,0,0,0.861428,0.930714,145,25*6*6,96*12*2
378,970.046,2440,0,0,0.8129,0.90645,106,25*3*3,96*6*1
379,606.424,1627,0,0,0.879005,0.939503,90,25*6*1,96*4*1
380,1644.75,3548,0,0,0.685636,0.842818,131,25*6*2,96*12*1
381,3080.19,8477,0,0,0.819836,0.909918,144,25*6*5,96*12*2
382,2843.89,8477,1,0,0.887956,0.943978,144,25*6*5,96*12*2
383,3857.48,9746,0,0,0.724592,0.862296,145,25*6*6,96*12*2
384,14006.3,9746,1,0,0.19956,0.59978,145,25*6*6,96*12*2
385,763.655,1774,0,0,0.804355,0.902178,103,25*6*1,96*6*1
386,2161.55,4878,1,0,0.64655,0.823275,142,25*6*3,96*12*1
387,1655.09,3549,1,0,0.681353,0.840676,131,25*6*2,96*12*1
388,5958.59,9746,0,0,0.469087,0.734544,145,25*6*6,96*12*2
389,2606.48,7091,0,0,0.865305,0.932652,143,25*6*4,96*12*2
390,848.815,1774,0,0,0.723656,0.861828,104,25*6*1,96*6*1
391,0,0,0,0,0,0,0,1*1*1,1*1*1
392,657.127,1627,1,0,0.811183,0.905591,92,25*6*1,96*4*1
393,617.724,1628,1,0,0.862926,0.931463,90,25*6*1,96*4*1
394,1445.57,3548,0,0,0.780108,0.890054,131,25*6*2,96*12*1
395,1794.68,3549,1,0,0.628357,0.814179,131,25*6*2,96*12*1
396,579.103,1627,0,0,0.920475,0.960238,88,25*6*1,96*4*1
397,331.65,651,1,0,0.843208,0.921604,46,25*3*1,48*2*1
398,2779.05,8477,0,0,0.908674,0.954337,144,25*6*5,96*12*2
399,2819.65,8477,1,0,0.89559,0.947795,144,25*6*5,96*12*2
400,1231.87,3548,0,0,0.915438,0.957719,130,25*6*2,96*12*1
401,1126.27,3253,1,0,0.946576,0.973288,128,25*6*2,96*4*2
402,3151.52,8478,1,0,0.80128,0.90064,144,25*6*5,96*12*2
403,3593.87,9746,0,0,0.777741,0.88887,145,25*6*6,96*12*2
404,3199.29,8477,0,0,0.789316,0.894658,144,25*6*5,96*12*2
405,16034.8,9746,0,0,0.174315,0.587157,145,25*6*6,96*12*2
406,15651.2,9746,1,0,0.178587,0.589293,145,25*6*6,96*12*2
407,20882.6,9747,1,0,0.133848,0.566924,145,25*6*6,96*12*2
408,4874.17,9746,1,0,0.573451,0.786726,145,25*6*6,96*12*2
409,4816.72,9747,1,0,0.580291,0.790146,145,25*6*6,96*12*2
410,15871.8,9746,1,0,0.176105,0.588052,145,25*6*6,96*12*2
411,6490.76,9746,1,0,0.430628,0.715314,145,25*6*6,96*12*2
412,6071.56,9747,1,0,0.460359,0.73018,145,25*6*6,96*12*2
413,6969.86,9746,1,0,0.401027,0.700513,145,25*6*6,96*12*2
414,14799.6,9747,1,0,0.188863,0.594432,145,25*6*6,96*12*2
415,15587.7,9746,1,0,0.179314,0.589657,145,25*6*6,96*12*2
416,11302.9,9746,1,0,0.247291,0.623645,145,25*6*6,96*12*2
417,8356.07,9747,1,0,0.334499,0.66725,145,25*6*6,96*12*2
418,14989.2,9746,1,0,0.186474,0.593237,145,25*6*6,96*12*2
419,7215.16,9747,1,0,0.387393,0.693696,145,25*6*6,96*12*2
420,12681.5,9746,1,0,0.220408,0.610204,145,25*6*6,96*12*2
421,7904.85,9747,1,0,0.353593,0.676797,145,25*6*6,96*12*2
422,8218.82,9746,1,0,0.340085,0.670043,145,25*6*6,96*12*2
423,6785.64,9746,1,0,0.411914,0.705957,145,25*6*6,96*12*2
424,8958.65,9747,1,0,0.312,0.656,145,25*6*6,96*12*2
425,8079.77,9746,1,0,0.345938,0.672969,145,25*6*6,96*12*2
426,10357.1,9747,1,0,0.269873,0.634936,145,25*6*6,96*12*2
427,7140.9,9746,1,0,0.391421,0.695711,145,25*6*6,96*12*2
428,8168.07,9747,1,0,0.342198,0.671099,145,25*6*6,96*12*2
429,5820.2,9746,1,0,0.480241,0.740121,145,25*6*6,96*12*2
430,6095.89,9746,1,0,0.458522,0.729261,145,25*6*6,96*12*2
431,2588.72,7091,0,0,0.871241,0.935621,143,25*6*4,96*12*2
432,719.874,1774,0,0,0.853274,0.926637,101,25*6*1,96*6*1
433,2220.3,4878,1,0,0.629442,0.814721,142,25*6*3,96*12*1
434,2488.53,7091,0,0,0.906318,0.953159,143,25*6*4,96*12*2
435,5105.92,9747,1,0,0.547423,0.773712,145,25*6*6,96*12*2
436,5092.5,9746,1,0,0.548866,0.774433,145,25*6*6,96*12*2
437,19461.8,9747,1,0,0.14362,0.57181,145,25*6*6,96*12*2
438,3547.38,9746,1,0,0.787934,0.893967,145,25*6*6,96*12*2
439,5710.76,9747,1,0,0.489444,0.744722,145,25*6*6,96*12*2
440,19978.5,9746,1,0,0.139905,0.569953,145,25*6*6,96*12*2
441,12516,9746,1,0,0.223322,0.611661,145,25*6*6,96*12*2
442,13833.3,9747,1,0,0.202056,0.601028,145,25*6*6,96*12*2
443,6493.1,9746,1,0,0.430472,0.715236,145,25*6*6,96*12*2
444,12746.5,9746,1,0,0.219284,0.609642,145,25*6*6,96*12*2
445,12118,9747,1,0,0.230657,0.615328,145,25*6*6,96*12*2
446,7530.64,9746,1,0,0.371164,0.685582,145,25*6*6,96*12*2
447,1941.34,3548,0,0,0.580887,0.790444,131,25*6*2,96*12*1
448,1030.02,2440,0,0,0.765568,0.882784,122,25*3*3,96*6*1
449,0,0,0,0,0,0,0,1*1*1,1*1*1
450,0,0,0,0,0,0,0,1*1*1,1*1*1
451,0,0,0,0,0,0,0,1*1*1,1*1*1
452,819.263,1774,0,0,0.749759,0.87488,104,25*6*1,96*6*1
453,111.896,53,0,0,0.885197,0.942598,6,5*1*1,12*1*1
454,879.064,1774,0,0,0.698755,0.849377,105,25*6*1,96*6*1
455,863.991,1775,1,0,0.710945,0.855472,105,25*6*1,96*6*1
456,403.186,814,1,0,0.818605,0.909302,63,25*3*1,96*2*1
457,0,0,0,0,0,0,0,1*1*1,1*1*1
458,717.659,1775,1,0,0.855908,0.927954,101,25*6*1,96*6*1
459,1193.27,3548,0,0,0.94505,0.972525,130,25*6*2,96*12*1
460,2375.02,7091,0,0,0.949634,0.974817,143,25*6*4,96*12*2
461,4532.79,9747,1,0,0.61664,0.80832,145,25*6*6,96*12*2
462,5264.37,9746,1,0,0.530947,0.765473,145,25*6*6,96*12*2
463,7623.02,9747,1,0,0.366666,0.683333,145,25*6*6,96*12*2
464,4279.81,9746,1,0,0.65309,0.826545,145,25*6*6,96*12*2
465,1883.51,3548,0,0,0.598723,0.799361,131,25*6*2,96*12*1
466,1952.12,3549,1,0,0.57768,0.78884,131,25*6*2,96*12*1
467,237.952,433,0,0,0.934012,0.967006,28,25*2*1,32*2*1
468,2153.32,4877,0,0,0.649021,0.824511,142,25*6*3,96*12*1
469,0,0,0,0,0,0,0,1*1*1,1*1*1
470,753,1775,1,0,0.815737,0.907869,103,25*6*1,96*6*1
471,1403.91,3549,1,0,0.803257,0.901628,131,25*6*2,96*12*1
472,372.158,813,0,0,0.886855,0.943427,59,25*3*1,96*2*1
473,0,0,0,0,0,0,0,1*1*1,1*1*1
474,0,0,0,0,0,0,0,1*1*1,1*1*1
475,993.313,2440,0,0,0.793859,0.896929,116,25*3*3,96*6*1
476,0,0,0,0,0,0,0,1*1*1,1*1*1
477,261.629,433,0,0,0.849485,0.924743,34,25*2*1,32*2*1
478,0,0,0,0,0,0,0,1*1*1,1*1*1
479,113.347,53,0,0,0.873865,0.936933,6,5*1*1,12*1*1
480,0,0,0,0,0,0,0,1*1*1,1*1*1
481,0,0,0,0,0,0,0,1*1*1,1*1*1
482,0,0,0,0,0,0,0,1*1*1,1*1*1
483,141.167,61,1,0,0.790907,0.895454,8,5*1*1,24*1*1
484,3623.2,9746,0,0,0.771445,0.885723,145,25*6*6,96*12*2
485,5046.18,9746,1,0,0.553904,0.776952,145,25*6*6,96*12*2
486,4281.59,9747,1,0,0.652818,0.826409,145,25*6*6,96*12*2
487,2147.37,4877,0,0,0.650819,0.82541,141,25*6*3,96*12*1
488,16772.1,9746,0,0,0.166652,0.583326,145,25*6*6,96*12*2
489,1965.63,4877,0,0,0.710993,0.855497,135,25*6*3,96*12*1
490,20052.9,9746,0,0,0.139386,0.569693,145,25*6*6,96*12*2
491,2192.39,4877,0,0,0.637455,0.818728,142,25*6*3,96*12*1
492,2152.36,4878,1,0,0.649311,0.824655,142,25*6*3,96*12*1
493,3857.02,9746,0,0,0.724679,0.862339,145,25*6*6,96*12*2
494,3786.31,9746,1,0,0.738212,0.869106,145,25*6*6,96*12*2
495,3080.01,8477,0,0,0.819884,0.909942,144,25*6*5,96*12*2
496,2977.2,8477,1,0,0.848196,0.924098,144,25*6*5,96*12*2
497,1479.29,3548,0,0,0.762325,0.881163,131,25*6*2,96*12*1
498,3155,8477,0,0,0.800396,0.900198,144,25*6*5,96*12*2
499,3516.86,9746,0,0,0.794771,0.897386,145,25*6*6,96*12*2
500,3120.8,8477,0,0,0.809168,0.904584,144,25*6*5,96*12*2
501,2223.46,4877,0,0,0.628547,0.814274,142,25*6*3,96*12*1
502,5856.81,9746,0,0,0.477239,0.73862,145,25*6*6,96*12*2
503,4095.87,9746,1,0,0.682419,0.84121,145,25*6*6,96*12*2
504,3793.35,9747,1,0,0.736842,0.868421,145,25*6*6,96*12*2
505,2562.19,7091,0,0,0.880263,0.940131,143,25*6*4,96*12*2
506,1155.36,3254,1,0,0.922743,0.961371,128,25*6*2,96*4*2
507,3328.22,9746,0,0,0.839818,0.919909,145,25*6*6,96*12*2
508,3543.28,9746,1,0,0.788845,0.894423,145,25*6*6,96*12*2
509,3289.89,9747,1,0,0.849603,0.924801,145,25*6*6,96*12*2
510,1890.51,3548,0,0,0.596506,0.798253,131,25*6*2,96*12*1
511,3972.31,9746,0,0,0.703646,0.851823,145,25*6*6,96*12*2
512,7247.81,9746,1,0,0.385648,0.692824,145,25*6*6,96*12*2
513,4096.66,9747,1,0,0.682288,0.841144,145,25*6*6,96*12*2
514,5081.82,9746,1,0,0.550019,0.77501,145,25*6*6,96*12*2
515,2647.21,7091,0,0,0.851991,0.925996,143,25*6*4,96*12*2
516,1557.41,3548,0,0,0.724087,0.862043,131,25*6*2,96*12*1
517,1009.16,2440,0,0,0.781392,0.890696,120,25*3*3,96*6*1
518,2412.77,7091,0,0,0.934776,0.967388,143,25*6*4,96*12*2
519,93.3607,11,0,0,0.925978,0.962989,3,1*1*1,4*1*1
520,0,0,0,0,0,0,0,1*1*1,1*1*1
521,507.135,1115,0,0,0.862689,0.931345,77,25*2*2,96*3*1
522,802.016,1775,1,0,0.765882,0.882941,104,25*6*1,96*6*1
523,275.591,501,1,0,0.867409,0.933704,37,25*2*1,48*2*1
524,545.093,1183,0,0,0.877098,0.938549,85,25*2*2,96*4*1
525,485.447,1116,1,0,0.901231,0.950616,67,25*2*2,96*3*1
526,2505.42,7091,0,0,0.900208,0.950104,143,25*6*4,96*12*2
527,1150.4,3254,1,0,0.926721,0.963361,128,25*6*2,96*4*2
528,1817.18,3548,1,0,0.620577,0.810288,131,25*6*2,96*12*1
529,623.922,1627,0,0,0.854354,0.927177,91,25*6*1,96*4*1
530,745.277,1775,1,0,0.82419,0.912095,102,25*6*1,96*6*1
531,1031.43,2440,0,0,0.764521,0.882261,122,25*3*3,96*6*1
532,0,0,0,0,0,0,0,1*1*1,1*1*1
533,0,0,0,0,0,0,0,1*1*1,1*1*1
534,845.54,1774,0,0,0.726459,0.863229,104,25*6*1,96*6*1
535,0,0,0,0,0,0,0,1*1*1,1*1*1
536,0,0,0,0,0,0,0,1*1*1,1*1*1
537,523.027,1116,1,0,0.836477,0.918238,81,25*2*2,96*3*1
538,0,0,0,0,0,0,0,1*1*1,1*1*1
539,0,0,0,0,0,0,0,1*1*1,1*1*1
540,730.22,1774,0,0,0.841185,0.920592,102,25*6*1,96*6*1
541,98.8366,47,0,0,0.959665,0.979832,5,5*1*1,8*1*1
542,454.655,1115,0,0,0.962268,0.981134,66,25*2*2,96*3*1
543,0,0,0,0,0,0,0,1*1*1,1*1*1
544,992.296,2440,1,0,0.794672,0.897336,116,25*3*3,96*6*1
545,561.466,1628,1,0,0.94939,0.974695,87,25*6*1,96*4*1
546,147.639,61,0,0,0.756236,0.878118,8,5*1*1,24*1*1
547,721.382,1774,0,0,0.851491,0.925745,101,25*6*1,96*6*1
548,2910.05,8477,0,0,0.867769,0.933884,144,25*6*5,96*12*2
549,2008.95,4877,0,0,0.695662,0.847831,138,25*6*3,96*12*1
550,3186.21,8477,0,0,0.792556,0.896278,144,25*6*5,96*12*2
551,14902.6,9746,0,0,0.187558,0.593779,145,25*6*6,96*12*2
552,18531.8,9746,1,0,0.150827,0.575414,145,25*6*6,96*12*2
553,15678,9747,1,0,0.178282,0.589141,145,25*6*6,96*12*2
554,15312.7,9746,1,0,0.182535,0.591267,145,25*6*6,96*12*2
555,19826,9747,1,0,0.140982,0.570491,145,25*6*6,96*12*2
556,12500.8,9746,1,0,0.223594,0.611797,145,25*6*6,96*12*2
557,16337.7,9746,1,0,0.171083,0.585541,145,25*6*6,96*12*2
558,25080.4,9747,1,0,0.111446,0.555723,145,25*6*6,96*12*2
559,19966.7,9746,1,0,0.139988,0.569994,145,25*6*6,96*12*2
560,16662.1,9747,1,0,0.167752,0.583876,145,25*6*6,96*12*2
561,15663.7,9746,1,0,0.178444,0.589222,145,25*6*6,96*12*2
562,15278.8,9746,1,0,0.18294,0.59147,145,25*6*6,96*12*2
563,20124.2,9747,1,0,0.138892,0.569446,145,25*6*6,96*12*2
564,9717.11,9746,1,0,0.287647,0.643824,145,25*6*6,96*12*2
565,20155.7,9747,1,0,0.138675,0.569338,145,25*6*6,96*12*2
566,25827.8,9746,1,0,0.108221,0.55411,145,25*6*6,96*12*2
567,15207.9,9747,1,0,0.183793,0.591896,145,25*6*6,96*12*2
568,12499.1,9746,1,0,0.223624,0.611812,145,25*6*6,96*12*2
569,16245.6,9746,1,0,0.172053,0.586026,145,25*6*6,96*12*2
570,25467.4,9747,1,0,0.109752,0.554876,145,25*6*6,96*12*2
571,20024.9,9746,1,0,0.139581,0.569791,145,25*6*6,96*12*2
572,24906.2,9747,1,0,0.112225,0.556113,145,25*6*6,96*12*2
573,11491.1,9746,1,0,0.24324,0.62162,145,25*6*6,96*12*2
574,12659.2,9747,1,0,0.220796,0.610398,145,25*6*6,96*12*2
575,11882.2,9746,1,0,0.235234,0.617617,145,25*6*6,96*12*2
576,16406.9,9746,1,0,0.170361,0.585181,145,25*6*6,96*12*2
577,12472.9,9747,1,0,0.224094,0.612047,145,25*6*6,96*12*2
578,12402.6,9746,1,0,0.225364,0.612682,145,25*6*6,96*12*2
579,15424,9747,1,0,0.181218,0.590609,145,25*6*6,96*12*2
580,12475.8,9746,1,0,0.224042,0.612021,145,25*6*6,96*12*2
581,10703.1,9747,1,0,0.261149,0.630574,145,25*6*6,96*12*2
582,12637.8,9746,1,0,0.22117,0.610585,145,25*6*6,96*12*2
583,14624.2,9746,1,0,0.191128,0.595564,145,25*6*6,96*12*2
584,15685.5,9747,1,0,0.178196,0.589098,145,25*6*6,96*12*2
585,5974.52,9746,1,0,0.467837,0.733918,145,25*6*6,96*12*2
586,15542.2,9747,1,0,0.179839,0.58992,145,25*6*6,96*12*2
587,3401.88,9746,1,0,0.821634,0.910817,145,25*6*6,96*12*2
588,980.995,2440,0,0,0.803827,0.901913,110,25*3*3,96*6*1
589,1065.25,2603,1,0,0.911101,0.95555,125,25*3*3,96*4*2
590,0,0,0,0,0,0,0,1*1*1,1*1*1
591,188.671,250,0,0,0.836642,0.918321,22,25*1*1,48*1*1
592,1512.09,3548,0,0,0.745789,0.872894,131,25*6*2,96*12*1
593,362.42,751,0,0,0.883643,0.941822,57,25*3*1,48*3*1
594,2963.62,8477,0,0,0.852083,0.926041,144,25*6*5,96*12*2
595,654.439,1627,0,0,0.814514,0.907257,92,25*6*1,96*4*1
596,9451.85,9746,0,0,0.29572,0.64786,145,25*6*6,96*12*2
597,1692,3548,0,0,0.666489,0.833245,131,25*6*2,96*12*1
598,19757.8,9746,0,0,0.141468,0.570734,145,25*6*6,96*12*2
599,20075.5,9746,1,0,0.139229,0.569615,145,25*6*6,96*12*2
600,13675.4,9747,1,0,0.204389,0.602194,145,25*6*6,96*12*2
601,1730.13,3548,0,0,0.651801,0.8259,131,25*6*2,96*12*1
602,7966.08,9746,0,0,0.350875,0.675438,145,25*6*6,96*12*2
603,15825.7,9746,1,0,0.176618,0.588309,145,25*6*6,96*12*2
604,15897.7,9747,1,0,0.175818,0.587909,145,25*6*6,96*12*2
605,19911.7,9746,1,0,0.140375,0.570187,145,25*6*6,96*12*2
606,12652.9,9747,1,0,0.220906,0.610453,145,25*6*6,96*12*2
607,1601.94,3548,0,0,0.703959,0.851979,131,25*6*2,96*12*1
608,94.5331,42,0,0,0.981138,0.990569,4,5*1*1,6*1*1
609,0,0,0,0,0,0,0,1*1*1,1*1*1
610,0,0,0,0,0,0,0,1*1*1,1*1*1
611,1455.12,3548,0,0,0.774988,0.887494,131,25*6*2,96*12*1
612,284.364,500,0,0,0.840648,0.920324,39,25*2*1,48*2*1
613,0.402026,0,0,0,0,0,0,1*1*1,1*1*1
614,182.042,251,1,0,0.867108,0.933554,20,25*1*1,48*1*1
615,0,0,0,0,0,0,0,1*1*1,1*1*1
616,0,0,0,0,0,0,0,1*1*1,1*1*1
617,964.654,2440,0,0,0.817443,0.908722,106,25*3*3,96*6*1
618,1602.58,3548,0,0,0.703678,0.851839,131,25*6*2,96*12*1
619,1240.22,3549,1,0,0.909274,0.954637,130,25*6*2,96*12*1
620,197.512,250,0,0,0.799192,0.899596,24,25*1*1,48*1*1
621,150.032,217,1,0,0.940133,0.970066,9,25*1*1,32*1*1
622,358.37,751,0,0,0.893629,0.946815,55,25*3*1,48*3*1
623,0,0,0,0,0,0,0,1*1*1,1*1*1
624,244.596,434,1,0,0.908641,0.954321,28,25*2*1,32*2*1
625,0,0,0,0,0,0,0,1*1*1,1*1*1
626,0,0,0,0,0,0,0,1*1*1,1*1*1
627,0,0,0,0,0,0,0,1*1*1,1*1*1
628,168.898,217,1,0,0.835119,0.91756,13,25*1*1,32*1*1
629,76.5802,0,0,0,0,0,0,1*1*1,1*1*1
630,0,0,0,0,0,0,0,1*1*1,1*1*1
631,148.98,217,1,0,0.946771,0.973386,9,25*1*1,32*1*1
632,108.68,53,0,0,0.911391,0.955696,6,5*1*1,12*1*1
633,19.0098,0,0,0,0,0,0,1*1*1,1*1*1
634,43.5193,0,0,0,0,0,0,1*1*1,1*1*1
635,0,0,0,0,0,0,0,1*1*1,1*1*1
636,73.7673,0,0,0,0,0,0,1*1*1,1*1*1
637,116.811,57,1,0,0.883906,0.941953,7,5*1*1,16*1*1
638,199.403,250,0,0,0.791613,0.895806,24,25*1*1,48*1*1
639,176.24,217,1,0,0.800329,0.900165,17,25*1*1,32*1*1
640,60.9284,0,0,0,0,0,0,1*1*1,1*1*1
641,169.895,217,1,0,0.830219,0.915109,13,25*1*1,32*1*1
642,29.8969,0,0,0,0,0,0,1*1*1,1*1*1
643,93.2587,11,0,0,0.926991,0.963496,3,1*1*1,4*1*1
644,118.256,57,0,0,0.873106,0.936553,7,5*1*1,16*1*1
645,1.29984,0,0,0,0,0,0,1*1*1,1*1*1
646,113.373,53,1,0,0.873665,0.936832,6,5*1*1,12*1*1
647,208.895,250,0,0,0.755643,0.877821,24,25*1*1,48*1*1
648,0,0,0,0,0,0,0,1*1*1,1*1*1
649,226.01,251,1,0,0.69842,0.84921,26,25*1*1,48*1*1
650,235.647,434,1,0,0.943148,0.971574,28,25*2*1,32*2*1
651,79.5698,0,0,0,0,0,0,1*1*1,1*1*1
652,249.776,434,1,0,0.889797,0.944899,30,25*2*1,32*2*1
653,60.4658,0,0,0,0,0,0,1*1*1,1*1*1
654,28.3402,0,0,0,0,0,0,1*1*1,1*1*1
655,173.473,217,1,0,0.813095,0.906547,15,25*1*1,32*1*1
656,158.42,217,1,0,0.890355,0.945177,9,25*1*1,32*1*1
657,0,0,0,0,0,0,0,1*1*1,1*1*1
658,330.18,650,0,0,0.846962,0.923481,45,25*3*1,48*2*1
659,1141.57,3253,0,0,0.933889,0.966945,128,25*6*2,96*4*2
660,2981.89,8477,0,0,0.846862,0.923431,144,25*6*5,96*12*2
661,4985.45,9746,0,0,0.560651,0.780326,145,25*6*6,96*12*2
662,15888.1,9746,1,0,0.175924,0.587962,145,25*6*6,96*12*2
663,6252.5,9747,1,0,0.447037,0.723519,145,25*6*6,96*12*2
664,15789.3,9746,1,0,0.177025,0.588512,145,25*6*6,96*12*2
665,862.421,1774,0,0,0.712239,0.85612,105,25*6*1,96*6*1
666,9816.08,9746,0,0,0.284747,0.642374,145,25*6*6,96*12*2
667,7903.1,9746,1,0,0.353671,0.676836,145,25*6*6,96*12*2
668,1482.76,3548,0,0,0.760541,0.880271,131,25*6*2,96*12*1
669,15823.3,9746,0,0,0.176645,0.588322,145,25*6*6,96*12*2
670,2424.04,7091,0,0,0.93043,0.965215,143,25*6*4,96*12*2
671,20082.1,9747,1,0,0.139184,0.569592,145,25*6*6,96*12*2
672,12638.2,9746,1,0,0.221163,0.610581,145,25*6*6,96*12*2
673,3195.19,8477,0,0,0.790329,0.895164,144,25*6*5,96*12*2
674,3290.58,9746,0,0,0.849425,0.924712,145,25*6*6,96*12*2
675,3997.32,9746,1,0,0.699243,0.849622,145,25*6*6,96*12*2
676,2387.39,7091,0,0,0.944714,0.972357,143,25*6*4,96*12*2
677,3368.22,9747,1,0,0.829845,0.914922,145,25*6*6,96*12*2
678,1200.01,3548,0,0,0.939742,0.969871,130,25*6*2,96*12*1
679,1046.65,2440,0,0,0.753404,0.876702,124,25*3*3,96*6*1
680,1486.37,3548,0,0,0.758694,0.879347,131,25*6*2,96*12*1
681,2434.63,7091,0,0,0.926383,0.963192,143,25*6*4,96*12*2
682,3314.32,9747,1,0,0.84334,0.92167,145,25*6*6,96*12*2
683,3937.85,9746,1,0,0.709804,0.854902,145,25*6*6,96*12*2
684,12419.9,9747,1,0,0.22505,0.612525,145,25*6*6,96*12*2
685,1176.33,3548,0,0,0.95866,0.97933,130,25*6*2,96*12*1
686,1919.2,3549,1,0,0.587589,0.793794,131,25*6*2,96*12*1
687,2573.45,7091,0,0,0.876411,0.938206,143,25*6*4,96*12*2
688,6364.72,9747,1,0,0.439155,0.719578,145,25*6*6,96*12*2
689,2471.67,7091,0,0,0.9125,0.95625,143,25*6*4,96*12*2
690,1104.14,2829,1,0,0.963329,0.981664,127,25*2*5,96*4*2
691,319.199,650,0,0,0.876099,0.93805,42,25*3*1,48*2*1
692,1037.42,2440,0,0,0.760107,0.880053,122,25*3*3,96*6*1
693,547.898,1183,0,0,0.872608,0.936304,85,25*2*2,96*4*1
694,1174.43,3253,1,0,0.90776,0.95388,128,25*6*2,96*4*2
695,1262.27,3549,1,0,0.89339,0.946695,130,25*6*2,96*12*1
696,674.577,1627,0,0,0.790199,0.895099,95,25*6*1,96*4*1
697,330.972,651,1,0,0.844936,0.922468,45,25*3*1,48*2*1
698,2519.65,7091,0,0,0.895124,0.947562,143,25*6*4,96*12*2
699,2140.06,4877,0,0,0.653042,0.826521,141,25*6*3,96*12*1
700,2026.26,4878,1,0,0.689719,0.844859,139,25*6*3,96*12*1
701,2054.4,4878,1,0,0.680272,0.840136,140,25*6*3,96*12*1
702,3324.25,9746,0,0,0.840821,0.920411,145,25*6*6,96*12*2
703,3167.55,8477,0,0,0.797225,0.898612,144,25*6*5,96*12*2
704,2616.71,7091,0,0,0.861922,0.930961,143,25*6*4,96*12*2
705,15833.2,9747,1,0,0.176534,0.588267,145,25*6*6,96*12*2
706,15879.1,9746,1,0,0.176024,0.588012,145,25*6*6,96*12*2
707,20154.4,9747,1,0,0.138684,0.569342,145,25*6*6,96*12*2
708,5018.05,9746,1,0,0.557009,0.778505,145,25*6*6,96*12*2
709,5044.12,9747,1,0,0.55413,0.777065,145,25*6*6,96*12*2
710,15842.3,9746,1,0,0.176433,0.588216,145,25*6*6,96*12*2
711,6576.75,9746,1,0,0.424997,0.712499,145,25*6*6,96*12*2
712,6255.81,9747,1,0,0.446801,0.7234,145,25*6*6,96*12*2
713,6270.46,9746,1,0,0.445757,0.722878,145,25*6*6,96*12*2
714,15771.3,9746,1,0,0.177227,0.588613,145,25*6*6,96*12*2
715,15812.3,9747,1,0,0.176767,0.588384,145,25*6*6,96*12*2
716,9994.66,9746,1,0,0.279659,0.63983,145,25*6*6,96*12*2
717,8208.64,9747,1,0,0.340507,0.670254,145,25*6*6,96*12*2
718,16078.5,9746,1,0,0.173841,0.58692,145,25*6*6,96*12*2
719,8083.73,9746,1,0,0.345769,0.672884,145,25*6*6,96*12*2
720,12506.1,9747,1,0,0.223499,0.611749,145,25*6*6,96*12*2
721,7985.94,9746,1,0,0.350003,0.675001,145,25*6*6,96*12*2
722,8014.42,9747,1,0,0.348759,0.674379,145,25*6*6,96*12*2
723,8008.94,9746,1,0,0.348997,0.674499,145,25*6*6,96*12*2
724,7876.69,9747,1,0,0.354857,0.677429,145,25*6*6,96*12*2
725,8053.17,9746,1,0,0.347081,0.67354,145,25*6*6,96*12*2
726,9974.44,9746,1,0,0.280226,0.640113,145,25*6*6,96*12*2
727,6312.95,9746,1,0,0.442757,0.721378,145,25*6*6,96*12*2
728,7777.71,9747,1,0,0.359373,0.679687,145,25*6*6,96*12*2
729,6161.58,9746,1,0,0.453634,0.726817,145,25*6*6,96*12*2
730,5136.83,9747,1,0,0.544129,0.772065,145,25*6*6,96*12*2
731,2113.76,4877,0,0,0.661168,0.830584,141,25*6*3,96*12*1
732,1594.4,3549,1,0,0.707288,0.853644,131,25*6*2,96*12*1
733,1864.1,3549,1,0,0.604957,0.802478,131,25*6*2,96*12*1
734,2516.39,7091,0,0,0.896284,0.948142,143,25*6*4,96*12*2
735,4923.73,9747,1,0,0.567679,0.78384,145,25*6*6,96*12*2
736,5058.23,9746,1,0,0.552585,0.776292,145,25*6*6,96*12*2
737,20170.1,9747,1,0,0.138576,0.569288,145,25*6*6,96*12*2
738,3072.11,8477,0,0,0.821992,0.910996,144,25*6*5,96*12*2
739,6290.58,9746,0,0,0.444331,0.722166,145,25*6*6,96*12*2
740,19905.8,9746,1,0,0.140416,0.570208,145,25*6*6,96*12*2
741,12458.8,9747,1,0,0.224347,0.612174,145,25*6*6,96*12*2
742,12699,9746,1,0,0.220104,0.610052,145,25*6*6,96*12*2
743,6385.66,9747,1,0,0.437715,0.718858,145,25*6*6,96*12*2
744,12653.9,9746,1,0,0.220888,0.610444,145,25*6*6,96*12*2
745,12466.8,9746,1,0,0.224203,0.612102,145,25*6*6,96*12*2
746,7966.91,9747,1,0,0.350839,0.675419,145,25*6*6,96*12*2
747,1872.64,3548,0,0,0.602198,0.801099,131,25*6*2,96*12*1
748,525.316,1116,1,0,0.832832,0.916416,81,25*2*2,96*3*1
749,295.597,500,0,0,0.808702,0.904351,40,25*2*1,48*2*1
750,28.1773,0,0,0,0,0,0,1*1*1,1*1*1
751,94.7315,42,0,0,0.979083,0.989541,4,5*1*1,6*1*1
752,21.8409,0,0,0,0,0,0,1*1*1,1*1*1
753,154.618,217,0,0,0.912248,0.956124,9,25*1*1,32*1*1
754,390.051,813,1,0,0.846171,0.923086,61,25*3*1,96*2*1
755,467.502,1115,0,0,0.935825,0.967912,67,25*2*2,96*3*1
756,195.26,250,0,0,0.808409,0.904205,22,25*1*1,48*1*1
757,359.103,751,1,0,0.891805,0.945903,57,25*3*1,48*3*1
758,707.896,1774,0,0,0.867712,0.933856,100,25*6*1,96*6*1
759,1676.77,3549,1,0,0.672543,0.836272,131,25*6*2,96*12*1
760,1966.02,4877,0,0,0.710852,0.855426,135,25*6*3,96*12*1
761,3914.92,9746,0,0,0.713961,0.85698,145,25*6*6,96*12*2
762,5062.74,9746,1,0,0.552092,0.776046,145,25*6*6,96*12*2
763,6270.93,9747,1,0,0.445723,0.722862,145,25*6*6,96*12*2
764,4052.3,9746,1,0,0.689756,0.844878,145,25*6*6,96*12*2
765,1476.35,3548,0,0,0.763843,0.881922,131,25*6*2,96*12*1
766,2111.54,4877,0,0,0.661863,0.830931,141,25*6*3,96*12*1
767,888.873,1775,1,0,0.691044,0.845522,105,25*6*1,96*6*1
768,1650.01,3549,1,0,0.68345,0.841725,131,25*6*2,96*12*1
769,106.119,47,0,0,0.893808,0.946904,5,5*1*1,8*1*1
770,0,0,0,0,0,0,0,1*1*1,1*1*1
771,1030.25,2440,0,0,0.765397,0.882698,122,25*3*3,96*6*1
772,0,0,0,0,0,0,0,1*1*1,1*1*1
773,0,0,0,0,0,0,0,1*1*1,1*1*1
774,164.472,217,0,0,0.857593,0.928796,9,25*1*1,32*1*1
775,0,0,0,0,0,0,0,1*1*1,1*1*1
776,0,0,0,0,0,0,0,1*1*1,1*1*1
777,0,0,0,0,0,0,0,1*1*1,1*1*1
778,460.927,1115,0,0,0.949174,0.974587,67,25*2*2,96*3*1
779,145.717,61,0,0,0.766211,0.883106,8,5*1*1,24*1*1
780,194.733,250,0,0,0.810597,0.905299,22,25*1*1,48*1*1
781,33.4861,0,0,0,0,0,0,1*1*1,1*1*1
782,149.261,217,1,0,0.944989,0.972494,9,25*1*1,32*1*1
783,940.684,2440,0,0,0.838273,0.919137,106,25*3*3,96*6*1
784,3200.52,8477,0,0,0.789012,0.894506,144,25*6*5,96*12*2
785,5010.15,9746,0,0,0.557887,0.778944,145,25*6*6,96*12*2
786,5012.04,9746,1,0,0.557677,0.778839,145,25*6*6,96*12*2
787,1217.72,3548,0,0,0.926075,0.963037,130,25*6*2,96*12*1
788,15851.6,9746,0,0,0.176329,0.588165,145,25*6*6,96*12*2
789,1847.6,3548,0,0,0.610359,0.80518,131,25*6*2,96*12*1
790,19945.3,9746,0,0,0.140138,0.570069,145,25*6*6,96*12*2
791,2714.48,8477,0,0,0.930289,0.965144,144,25*6*5,96*12*2
792,2582.84,7091,0,0,0.873225,0.936612,143,25*6*4,96*12*2
793,3084.11,8478,1,0,0.818794,0.909397,144,25*6*5,96*12*2
794,4002.9,9746,0,0,0.698269,0.849134,145,25*6*6,96*12*2
795,3112.42,8477,0,0,0.811346,0.905673,144,25*6*5,96*12*2
796,3123.8,8477,1,0,0.80839,0.904195,144,25*6*5,96*12*2
797,1993.76,4877,0,0,0.700962,0.850481,137,25*6*3,96*12*1
798,4014.26,9746,0,0,0.696293,0.848146,145,25*6*6,96*12*2
799,4024.65,9746,1,0,0.694495,0.847248,145,25*6*6,96*12*2
800,3110.1,8477,0,0,0.811951,0.905976,144,25*6*5,96*12*2
801,2618.46,7091,0,0,0.861346,0.930673,143,25*6*4,96*12*2
802,5142.58,9747,1,0,0.543521,0.77176,145,25*6*6,96*12*2
803,3915.31,9746,1,0,0.71389,0.856945,145,25*6*6,96*12*2
804,3970.77,9747,1,0,0.703919,0.851959,145,25*6*6,96*12*2
805,2482.38,7091,0,0,0.908564,0.954282,143,25*6*4,96*12*2
806,2044.11,4877,0,0,0.683696,0.841848,139,25*6*3,96*12*1
807,3070.79,8477,0,0,0.822345,0.911173,144,25*6*5,96*12*2
808,3971.41,9746,0,0,0.703805,0.851903,145,25*6*6,96*12*2
809,3780.26,9746,1,0,0.739394,0.869697,145,25*6*6,96*12*2
810,2515.98,7091,0,0,0.89643,0.948215,143,25*6*4,96*12*2
811,4080.67,9747,1,0,0.684961,0.842481,145,25*6*6,96*12*2
812,6231.37,9746,1,0,0.448553,0.724277,145,25*6*6,96*12*2
813,5040.03,9747,1,0,0.55458,0.77729,145,25*6*6,96*12*2
814,5167.74,9746,1,0,0.540875,0.770437,145,25*6*6,96*12*2
815,2545.65,7091,0,0,0.885982,0.942991,143,25*6*4,96*12*2
816,1457.1,3548,0,0,0.773935,0.886967,131,25*6*2,96*12*1
817,248.02,433,0,0,0.896097,0.948049,30,25*2*1,32*2*1
818,1908.92,3548,0,0,0.590753,0.795376,131,25*6*2,96*12*1
819,175.88,217,0,0,0.801967,0.900984,17,25*1*1,32*1*1
820,122.757,57,0,0,0.841093,0.920546,7,5*1*1,16*1*1
821,94.124,42,1,0,0.985402,0.992701,4,5*1*1,6*1*1
822,214.304,250,0,0,0.73657,0.868285,26,25*1*1,48*1*1
823,818.962,1775,1,0,0.750035,0.875017,104,25*6*1,96*6*1
824,1401.85,3548,0,0,0.804437,0.902218,131,25*6*2,96*12*1
825,654.483,1627,0,0,0.81446,0.90723,92,25*6*1,96*4*1
826,2105.7,4877,0,0,0.663699,0.831849,141,25*6*3,96*12*1
827,1215.54,3549,1,0,0.927736,0.963868,130,25*6*2,96*12*1
828,942.425,2440,0,0,0.836724,0.918362,106,25*3*3,96*6*1
829,331.023,650,0,0,0.844805,0.922403,45,25*3*1,48*2*1
830,439.089,813,0,0,0.75167,0.875835,65,25*3*1,96*2*1
831,766.623,1775,1,0,0.801241,0.900621,103,25*6*1,96*6*1
832,15.4767,0,0,0,0,0,0,1*1*1,1*1*1
833,556.273,1627,1,0,0.958253,0.979126,87,25*6*1,96*4*1
834,67.0633,0,0,0,0,0,0,1*1*1,1*1*1
835,390.07,814,1,0,0.84613,0.923065,61,25*3*1,96*2*1
836,77.9217,0,0,0,0,0,0,1*1*1,1*1*1
837,0,0,0,0,0,0,0,1*1*1,1*1*1
838,97.4795,42,0,0,0.951482,0.975741,4,5*1*1,6*1*1
839,32.8934,0,0,0,0,0,0,1*1*1,1*1*1
840,0,0,0,0,0,0,0,1*1*1,1*1*1
841,0,0,0,0,0,0,0,1*1*1,1*1*1
842,89.3188,11,0,0,0.956126,0.978063,2,1*1*1,3*1*1
843,67.7659,0,0,0,0,0,0,1*1*1,1*1*1
844,968.147,2440,0,0,0.814494,0.907247,106,25*3*3,96*6*1
845,425.6,813,0,0,0.775493,0.887747,63,25*3*1,96*2*1
846,2.36164,0,0,0,0,0,0,1*1*1,1*1*1
847,906.169,2440,0,0,0.870202,0.935101,106,25*3*3,96*6*1
848,2502.52,7091,0,0,0.901252,0.950626,143,25*6*4,96*12*2
849,1692.48,3548,0,0,0.6663,0.83315,131,25*6*2,96*12*1
850,3114.04,8477,0,0,0.810924,0.905462,144,25*6*5,96*12*2
851,15827.6,9746,0,0,0.176597,0.588298,145,25*6*6,96*12*2
852,20025.5,9746,1,0,0.139577,0.569789,145,25*6*6,96*12*2
853,15686.9,9747,1,0,0.178181,0.58909,145,25*6*6,96*12*2
854,15776.6,9746,1,0,0.177167,0.588584,145,25*6*6,96*12*2
855,19814.1,9747,1,0,0.141066,0.570533,145,25*6*6,96*12*2
856,12412.2,9746,1,0,0.22519,0.612595,145,25*6*6,96*12*2
857,15864.7,9746,1,0,0.176184,0.588092,145,25*6*6,96*12*2
858,25208.8,9747,1,0,0.110878,0.555439,145,25*6*6,96*12*2
859,20132.6,9746,1,0,0.138835,0.569417,145,25*6*6,96*12*2
860,15862.7,9747,1,0,0.176206,0.588103,145,25*6*6,96*12*2
861,15804.5,9746,1,0,0.176855,0.588427,145,25*6*6,96*12*2
862,15841,9746,1,0,0.176447,0.588224,145,25*6*6,96*12*2
863,19976.8,9747,1,0,0.139917,0.569959,145,25*6*6,96*12*2
864,9825.35,9746,1,0,0.284478,0.642239,145,25*6*6,96*12*2
865,19889.8,9747,1,0,0.140529,0.570265,145,25*6*6,96*12*2
866,25063.8,9746,1,0,0.111519,0.55576,145,25*6*6,96*12*2
867,15713.4,9747,1,0,0.17788,0.58894,145,25*6*6,96*12*2
868,12747.8,9746,1,0,0.219261,0.609631,145,25*6*6,96*12*2
869,15760.8,9746,1,0,0.177345,0.588673,145,25*6*6,96*12*2
870,24917.5,9747,1,0,0.112174,0.556087,145,25*6*6,96*12*2
871,20204.4,9746,1,0,0.138341,0.569171,145,25*6*6,96*12*2
872,25118.5,9747,1,0,0.111277,0.555638,145,25*6*6,96*12*2
873,12521.5,9746,1,0,0.223224,0.611612,145,25*6*6,96*12*2
874,12504.5,9747,1,0,0.223528,0.611764,145,25*6*6,96*12*2
875,12603.5,9746,1,0,0.221772,0.610886,145,25*6*6,96*12*2
876,15813.8,9746,1,0,0.176751,0.588375,145,25*6*6,96*12*2
877,12686.7,9747,1,0,0.220317,0.610159,145,25*6*6,96*12*2
878,12541.5,9746,1,0,0.222868,0.611434,145,25*6*6,96*12*2
879,15851,9747,1,0,0.176336,0.588168,145,25*6*6,96*12*2
880,12591.9,9746,1,0,0.221976,0.610988,145,25*6*6,96*12*2
881,10071.4,9747,1,0,0.277528,0.638764,145,25*6*6,96*12*2
882,12672.7,9746,1,0,0.220561,0.61028,145,25*6*6,96*12*2
883,16055.1,9746,1,0,0.174094,0.587047,145,25*6*6,96*12*2
884,15675.6,9747,1,0,0.178309,0.589154,145,25*6*6,96*12*2
885,4975.34,9746,1,0,0.561791,0.780895,145,25*6*6,96*12*2
886,16012.6,9747,1,0,0.174556,0.587278,145,25*6*6,96*12*2
887,3930.27,9746,1,0,0.711173,0.855586,145,25*6*6,96*12*2
888,0,0,0,0,0,0,0,1*1*1,1*1*1
889,39.6493,0,0,0,0,0,0,1*1*1,1*1*1
890,323.676,650,0,0,0.863981,0.931991,42,25*3*1,48*2*1
891,286.116,501,1,0,0.8355,0.91775,39,25*2*1,48*2*1
892,137.294,61,0,0,0.813218,0.906609,8,5*1*1,24*1*1
893,374.106,813,0,0,0.882237,0.941118,59,25*3*1,96*2*1
894,1946.18,3548,0,0,0.579443,0.789721,131,25*6*2,96*12*1
895,786.344,1774,0,0,0.781147,0.890573,104,25*6*1,96*6*1
896,9996.24,9746,0,0,0.279615,0.639808,145,25*6*6,96*12*2
897,1604.53,3548,0,0,0.702823,0.851411,131,25*6*2,96*12*1
898,19903,9746,0,0,0.140436,0.570218,145,25*6*6,96*12*2
899,19903.1,9746,1,0,0.140435,0.570218,145,25*6*6,96*12*2
900,12648.7,9747,1,0,0.220979,0.61049,145,25*6*6,96*12*2
901,2009.44,4877,0,0,0.695492,0.847746,138,25*6*3,96*12*1
902,8550.78,9746,0,0,0.326882,0.663441,145,25*6*6,96*12*2
903,15960.2,9746,1,0,0.175129,0.587565,145,25*6*6,96*12*2
904,16035.6,9747,1,0,0.174306,0.587153,145,25*6*6,96*12*2
905,20384.8,9746,1,0,0.137117,0.568558,145,25*6*6,96*12*2
906,12818.2,9747,1,0,0.218057,0.609029,145,25*6*6,96*12*2
907,1988.5,4877,0,0,0.702816,0.851408,137,25*6*3,96*12*1
908,0,0,0,0,0,0,0,1*1*1,1*1*1
909,220.302,250,0,0,0.716516,0.858258,26,25*1*1,48*1*1
910,258.668,434,1,0,0.859209,0.929605,33,25*2*1,32*2*1
911,1919.11,3548,0,0,0.587616,0.793808,131,25*6*2,96*12*1
912,0,0,0,0,0,0,0,1*1*1,1*1*1
913,410.292,813,0,0,0.804427,0.902214,63,25*3*1,96*2*1
914,268.432,501,1,0,0.890542,0.945271,36,25*2*1,48*2*1
915,250.284,434,1,0,0.887991,0.943996,31,25*2*1,32*2*1
916,211.863,250,0,0,0.745057,0.872528,24,25*1*1,48*1*1
917,1252.69,3548,0,0,0.900223,0.950111,130,25*6*2,96*12*1
918,1394.47,3549,1,0,0.808694,0.904347,131,25*6*2,96*12*1
919,1340.18,3549,1,0,0.841454,0.920727,130,25*6*2,96*12*1
920,420.786,813,0,0,0.784365,0.892183,63,25*3*1,96*2*1
921,37.7889,0,0,0,0,0,0,1*1*1,1*1*1
922,838.96,1775,1,0,0.732156,0.866078,104,25*6*1,96*6*1
923,0,0,0,0,0,0,0,1*1*1,1*1*1
924,619.971,1627,1,0,0.859798,0.929899,90,25*6*1,96*4*1
925,133.837,61,0,0,0.834224,0.917112,8,5*1*1,24*1*1
926,159.273,217,0,0,0.885586,0.942793,9,25*1*1,32*1*1
927,133.972,61,0,0,0.833383,0.916692,8,5*1*1,24*1*1
928,0,0,0,0,0,0,0,1*1*1,1*1*1
929,0,0,0,0,0,0,0,1*1*1,1*1*1
930,0,0,0,0,0,0,0,1*1*1,1*1*1
931,179.938,217,0,0,0.783881,0.891941,19,25*1*1,32*1*1
932,0,0,0,0,0,0,0,1*1*1,1*1*1
933,287.714,500,1,0,0.83086,0.91543,39,25*2*1,48*2*1
934,0,0,0,0,0,0,0,1*1*1,1*1*1
935,112.788,53,0,0,0.878196,0.939098,6,5*1*1,12*1*1
936,511.939,1115,0,0,0.854594,0.927297,77,25*2*2,96*3*1
937,516.596,1116,1,0,0.84689,0.923445,79,25*2*2,96*3*1
938,0,0,0,0,0,0,0,1*1*1,1*1*1
939,525.734,1116,1,0,0.83217,0.916085,81,25*2*2,96*3*1
940,444.004,813,0,0,0.743349,0.871675,65,25*3*1,96*2*1
941,256.307,434,1,0,0.867124,0.933562,33,25*2*1,32*2*1
942,199.133,250,0,0,0.792686,0.896343,24,25*1*1,48*1*1
943,399.806,814,1,0,0.825525,0.912763,63,25*3*1,96*2*1
944,202.294,251,1,0,0.7803,0.89015,24,25*1*1,48*1*1
945,160.39,217,1,0,0.879419,0.939709,9,25*1*1,32*1*1
946,0,0,0,0,0,0,0,1*1*1,1*1*1
947,39.7743,0,0,0,0,0,0,1*1*1,1*1*1
948,383.87,813,1,0,0.859796,0.929898,61,25*3*1,96*2*1
949,334.73,650,0,0,0.835449,0.917725,48,25*3*1,48*2*1
950,184.398,251,1,0,0.856029,0.928014,20,25*1*1,48*1*1
951,477.221,1115,0,0,0.916766,0.958383,67,25*2*2,96*3*1
952,380.29,814,1,0,0.86789,0.933945,61,25*3*1,96*2*1
953,114.606,53,0,0,0.864265,0.932133,6,5*1*1,12*1*1
954,455.777,1115,0,0,0.959899,0.97995,66,25*2*2,96*3*1
955,0,0,0,0,0,0,0,1*1*1,1*1*1
956,194.659,250,0,0,0.810905,0.905453,22,25*1*1,48*1*1
957,642.644,1627,1,0,0.829464,0.914732,91,25*6*1,96*4*1
958,569.736,1628,1,0,0.935609,0.967804,88,25*6*1,96*4*1
959,933.013,2440,0,0,0.845165,0.922583,106,25*3*3,96*6*1
960,3270.48,9746,0,0,0.854645,0.927323,145,25*6*6,96*12*2
961,5267.75,9746,1,0,0.530606,0.765303,145,25*6*6,96*12*2
962,16064.1,9747,1,0,0.173997,0.586998,145,25*6*6,96*12*2
963,6099.28,9746,1,0,0.458267,0.729134,145,25*6*6,96*12*2
964,15922,9747,1,0,0.17555,0.587775,145,25*6*6,96*12*2
965,635.949,1627,0,0,0.838196,0.919098,91,25*6*1,96*4*1
966,10255.7,9746,0,0,0.272541,0.636271,145,25*6*6,96*12*2
967,8178.02,9746,1,0,0.341782,0.670891,145,25*6*6,96*12*2
968,1405.63,3548,0,0,0.802274,0.901137,131,25*6*2,96*12*1
969,16225,9746,0,0,0.172271,0.586136,145,25*6*6,96*12*2
970,2462.33,7091,0,0,0.915962,0.957981,143,25*6*4,96*12*2
971,20207.4,9747,1,0,0.138321,0.56916,145,25*6*6,96*12*2
972,12753.8,9746,1,0,0.219158,0.609579,145,25*6*6,96*12*2
973,3348.91,9747,1,0,0.83463,0.917315,145,25*6*6,96*12*2
974,3195.33,8477,0,0,0.790294,0.895147,144,25*6*5,96*12*2
975,4101.85,9746,0,0,0.681424,0.840712,145,25*6*6,96*12*2
976,2781.98,8477,0,0,0.907717,0.953858,144,25*6*5,96*12*2
977,3406.06,9746,0,0,0.820626,0.910313,145,25*6*6,96*12*2
978,1731.23,3548,0,0,0.651387,0.825693,131,25*6*2,96*12*1
979,1395.09,3549,1,0,0.808335,0.904167,131,25*6*2,96*12*1
980,1915.88,3549,1,0,0.588607,0.794303,131,25*6*2,96*12*1
981,2506.04,7091,0,0,0.899986,0.949993,143,25*6*4,96*12*2
982,3609.8,9747,1,0,0.774309,0.887154,145,25*6*6,96*12*2
983,4171.75,9746,1,0,0.670007,0.835003,145,25*6*6,96*12*2
984,12876.6,9747,1,0,0.217068,0.608534,145,25*6*6,96*12*2
985,1224.9,3548,0,0,0.920647,0.960323,130,25*6*2,96*12*1
986,2154.42,4877,0,0,0.64869,0.824345,142,25*6*3,96*12*1
987,2801.71,8477,0,0,0.901325,0.950662,144,25*6*5,96*12*2
988,6306.45,9746,0,0,0.443213,0.721606,145,25*6*6,96*12*2
989,2393.03,7091,0,0,0.942487,0.971244,143,25*6*4,96*12*2
990,926.941,2440,0,0,0.850701,0.925351,106,25*3*3,96*6*1
991,786.117,1774,0,0,0.781372,0.890686,104,25*6*1,96*6*1
992,620.397,1627,1,0,0.859208,0.929604,90,25*6*1,96*4*1
993,479.538,1116,1,0,0.912336,0.956168,67,25*2*2,96*3*1
994,772.404,1775,1,0,0.795244,0.897622,103,25*6*1,96*6*1
995,1354.52,3548,0,0,0.832546,0.916273,130,25*6*2,96*12*1
996,785.664,1774,0,0,0.781823,0.890911,104,25*6*1,96*6*1
997,775.993,1775,1,0,0.791566,0.895783,103,25*6*1,96*6*1
998,2702.1,8477,0,0,0.934551,0.967275,144,25*6*5,96*12*2
999,1786.88,3548,0,0,0.6311,0.81555,131,25*6*2,96*12*1
1000,2377.59,7091,0,0,0.948608,0.974304,143,25*6*4,96*12*2
1001,2133.84,4877,0,0,0.654946,0.827473,141,25*6*3,96*12*1
1002,3306.5,9746,0,0,0.845335,0.922667,145,25*6*6,96*12*2
1003,3370.86,9746,1,0,0.829195,0.914597,145,25*6*6,96*12*2
1004,2744.73,8477,0,0,0.920036,0.960018,144,25*6*5,96*12*2
1005,15955.2,9746,0,0,0.175184,0.587592,145,25*6*6,96*12*2
1006,15959.7,9746,1,0,0.175135,0.587567,145,25*6*6,96*12*2
1007,20655,9747,1,0,0.135323,0.567662,145,25*6*6,96*12*2
1008,5425.21,9746,1,0,0.515206,0.757603,145,25*6*6,96*12*2
1009,5342.3,9747,1,0,0.523202,0.761601,145,25*6*6,96*12*2
1010,15888.2,9746,1,0,0.175923,0.587962,145,25*6*6,96*12*2
1011,6130.27,9746,1,0,0.455951,0.727975,145,25*6*6,96*12*2
1012,6214.67,9747,1,0,0.449758,0.724879,145,25*6*6,96*12*2
1013,6138.53,9746,1,0,0.455337,0.727669,145,25*6*6,96*12*2
1014,15960.9,9747,1,0,0.175122,0.587561,145,25*6*6,96*12*2
1015,16004.3,9746,1,0,0.174647,0.587323,145,25*6*6,96*12*2
1016,9976.83,9746,1,0,0.280159,0.64008,145,25*6*6,96*12*2
1017,7753.92,9747,1,0,0.360476,0.680238,145,25*6*6,96*12*2
1018,16528.8,9746,1,0,0.169105,0.584552,145,25*6*6,96*12*2
1019,7954,9747,1,0,0.351408,0.675704,145,25*6*6,96*12*2
1020,13009.8,9746,1,0,0.214846,0.607423,145,25*6*6,96*12*2
1021,7965.84,9747,1,0,0.350886,0.675443,145,25*6*6,96*12*2
1022,8230.74,9746,1,0,0.339593,0.669796,145,25*6*6,96*12*2
1023,8016.68,9746,1,0,0.348661,0.67433,145,25*6*6,96*12*2
1024,7595.88,9747,1,0,0.367976,0.683988,145,25*6*6,96*12*2
1025,7886.1,9746,1,0,0.354434,0.677217,145,25*6*6,96*12*2
1026,10368.9,9747,1,0,0.269566,0.634783,145,25*6*6,96*12*2
1027,6671.46,9746,1,0,0.418964,0.709482,145,25*6*6,96*12*2
1028,8184.97,9747,1,0,0.341492,0.670746,145,25*6*6,96*12*2
1029,6364.07,9746,1,0,0.4392,0.7196,145,25*6*6,96*12*2
1030,5420.74,9746,1,0,0.515631,0.757815,145,25*6*6,96*12*2
1031,2013.1,4877,0,0,0.694228,0.847114,138,25*6*3,96*12*1
1032,1615.65,3549,1,0,0.697985,0.848993,131,25*6*2,96*12*1
1033,2156.01,4877,0,0,0.648211,0.824106,142,25*6*3,96*12*1
1034,2706.48,8477,0,0,0.933038,0.966519,144,25*6*5,96*12*2
1035,5334.62,9746,0,0,0.523955,0.761977,145,25*6*6,96*12*2
1036,5601.31,9746,1,0,0.499008,0.749504,145,25*6*6,96*12*2
1037,19868.8,9747,1,0,0.140678,0.570339,145,25*6*6,96*12*2
1038,3333.67,9746,1,0,0.838445,0.919223,145,25*6*6,96*12*2
1039,6387.88,9747,1,0,0.437563,0.718782,145,25*6*6,96*12*2
1040,19760.4,9746,1,0,0.14145,0.570725,145,25*6*6,96*12*2
1041,12568.3,9746,1,0,0.222393,0.611196,145,25*6*6,96*12*2
1042,13024.6,9747,1,0,0.214602,0.607301,145,25*6*6,96*12*2
1043,6430.29,9746,1,0,0.434677,0.717339,145,25*6*6,96*12*2
1044,12683.8,9747,1,0,0.220368,0.610184,145,25*6*6,96*12*2
1045,12626.6,9746,1,0,0.221366,0.610683,145,25*6*6,96*12*2
1046,8119.78,9746,1,0,0.344233,0.672117,145,25*6*6,96*12*2
1047,2205.53,4877,0,0,0.633657,0.816829,142,25*6*3,96*12*1
1048,724.299,1775,1,0,0.848061,0.924031,101,25*6*1,96*6*1
1049,0,0,0,0,0,0,0,1*1*1,1*1*1
1050,25.1509,0,0,0,0,0,0,1*1*1,1*1*1
1051,0,0,0,0,0,0,0,1*1*1,1*1*1
1052,246.955,433,0,0,0.899962,0.949981,29,25*2*1,32*2*1
1053,426.72,813,0,0,0.773458,0.886729,65,25*3*1,96*2*1
1054,863.721,1775,1,0,0.711167,0.855584,105,25*6*1,96*6*1
1055,899.918,2440,1,0,0.876247,0.938123,106,25*3*3,96*6*1
1056,247.535,433,0,0,0.897853,0.948926,29,25*2*1,32*2*1
1057,278.249,500,0,0,0.859123,0.929561,38,25*2*1,48*2*1
1058,1194.92,3548,0,0,0.943745,0.971873,130,25*6*2,96*12*1
1059,1681.84,3549,1,0,0.670516,0.835258,131,25*6*2,96*12*1
1060,2331.17,4877,0,0,0.599506,0.799753,142,25*6*3,96*12*1
1061,3737.62,9746,0,0,0.747829,0.873914,145,25*6*6,96*12*2
1062,5099.09,9746,1,0,0.548157,0.774078,145,25*6*6,96*12*2
1063,6418.42,9747,1,0,0.435481,0.717741,145,25*6*6,96*12*2
1064,4401.39,9746,1,0,0.635049,0.817525,145,25*6*6,96*12*2
1065,1635.25,3548,0,0,0.689619,0.84481,131,25*6*2,96*12*1
1066,2003.8,4877,0,0,0.69745,0.848725,138,25*6*3,96*12*1
1067,750.34,1775,1,0,0.818629,0.909314,102,25*6*1,96*6*1
1068,1773.28,3549,1,0,0.63594,0.81797,131,25*6*2,96*12*1
1069,156.401,217,0,0,0.901848,0.950924,9,25*1*1,32*1*1
1070,156.04,217,1,0,0.903935,0.951967,9,25*1*1,32*1*1
1071,1197.18,3548,0,0,0.941964,0.970982,130,25*6*2,96*12*1
1072,326.605,650,0,0,0.856233,0.928117,42,25*3*1,48*2*1
1073,0,0,0,0,0,0,0,1*1*1,1*1*1
1074,364.721,813,0,0,0.904938,0.952469,59,25*3*1,96*2*1
1075,0,0,0,0,0,0,0,1*1*1,1*1*1
1076,67.8955,0,0,0,0,0,0,1*1*1,1*1*1
1077,788.052,1775,1,0,0.779454,0.889727,104,25*6*1,96*6*1
1078,550.291,1184,1,0,0.868813,0.934407,85,25*2*2,96*4*1
1079,308.581,650,0,0,0.906245,0.953123,41,25*3*1,48*2*1
1080,820.76,1774,0,0,0.748392,0.874196,104,25*6*1,96*6*1
1081,398.31,814,1,0,0.828626,0.914313,63,25*3*1,96*2*1
1082,428.809,814,1,0,0.76969,0.884845,65,25*3*1,96*2*1
1083,651.546,1627,1,0,0.818131,0.909066,91,25*6*1,96*4*1
1084,3172.24,8477,0,0,0.796046,0.898023,144,25*6*5,96*12*2
1085,4962.98,9746,0,0,0.56319,0.781595,145,25*6*6,96*12*2
1086,5568.25,9746,1,0,0.501971,0.750985,145,25*6*6,96*12*2
1087,1590.81,3548,0,0,0.708884,0.854442,131,25*6*2,96*12*1
1088,16159.7,9746,0,0,0.172967,0.586484,145,25*6*6,96*12*2
1089,1950.3,3548,0,0,0.578219,0.789109,131,25*6*2,96*12*1
1090,19838.6,9746,0,0,0.140892,0.570446,145,25*6*6,96*12*2
1091,2630.83,7091,0,0,0.857296,0.928648,143,25*6*4,96*12*2
1092,2528.28,7092,1,0,0.892069,0.946034,143,25*6*4,96*12*2
1093,3054.01,8478,1,0,0.826864,0.913432,144,25*6*5,96*12*2
1094,4199.5,9746,0,0,0.665579,0.83279,145,25*6*6,96*12*2
1095,3302.78,9746,1,0,0.846287,0.923144,145,25*6*6,96*12*2
1096,3281.65,9747,1,0,0.851736,0.925868,145,25*6*6,96*12*2
1097,2165.35,4877,0,0,0.645415,0.822708,142,25*6*3,96*12*1
1098,3821.95,9746,0,0,0.731328,0.865664,145,25*6*6,96*12*2
1099,4569.44,9746,1,0,0.611694,0.805847,145,25*6*6,96*12*2
1100,3668.78,9747,1,0,0.761861,0.88093,145,25*6*6,96*12*2
1101,2887.04,8477,0,0,0.874685,0.937342,144,25*6*5,96*12*2
1102,4901.31,9746,0,0,0.570276,0.785138,145,25*6*6,96*12*2
1103,4510.21,9746,1,0,0.619727,0.809864,145,25*6*6,96*12*2
1104,4370.18,9747,1,0,0.639585,0.819792,145,25*6*6,96*12*2
1105,2902.86,8477,0,0,0.869918,0.934959,144,25*6*5,96*12*2
1106,1819.17,3548,0,0,0.619898,0.809949,131,25*6*2,96*12*1
1107,3435.4,9746,0,0,0.813617,0.906809,145,25*6*6,96*12*2
1108,3967.11,9746,1,0,0.704568,0.852284,145,25*6*6,96*12*2
1109,3914.97,9747,1,0,0.713952,0.856976,145,25*6*6,96*12*2
1110,2827.38,8477,0,0,0.893141,0.946571,144,25*6*5,96*12*2
1111,3907.26,9746,0,0,0.715361,0.85768,145,25*6*6,96*12*2
1112,6775.53,9746,1,0,0.412529,0.706264,145,25*6*6,96*12*2
1113,5443.63,9747,1,0,0.513463,0.756731,145,25*6*6,96*12*2
1114,5467.13,9746,1,0,0.511255,0.755628,145,25*6*6,96*12*2
1115,2498.17,7091,0,0,0.902821,0.95141,143,25*6*4,96*12*2
1116,1894.11,3548,0,0,0.595372,0.797686,131,25*6*2,96*12*1
1117,290.829,500,0,0,0.821961,0.91098,39,25*2*1,48*2*1
1118,1952.92,3548,0,0,0.577443,0.788722,131,25*6*2,96*12*1
1119,96.1519,42,0,0,0.96462,0.98231,4,5*1*1,6*1*1
1120,368.004,813,0,0,0.896865,0.948433,59,25*3*1,96*2*1
1121,440.451,814,1,0,0.749346,0.874673,65,25*3*1,96*2*1
1122,296.632,501,1,0,0.805881,0.90294,40,25*2*1,48*2*1
1123,970.644,2440,0,0,0.812399,0.906199,106,25*3*3,96*6*1
1124,1209.3,3548,0,0,0.932523,0.966261,130,25*6*2,96*12*1
1125,564.389,1627,0,0,0.944473,0.972236,87,25*6*1,96*4*1
1126,2357.33,7091,0,0,0.95676,0.97838,143,25*6*4,96*12*2
1127,1510.92,3548,0,0,0.746366,0.873183,131,25*6*2,96*12*1
1128,1329.15,3549,1,0,0.848437,0.924218,130,25*6*2,96*12*1
1129,203.793,250,0,0,0.77456,0.88728,24,25*1*1,48*1*1
1130,385.012,814,1,0,0.857246,0.928623,61,25*3*1,96*2*1
1131,957.99,2440,0,0,0.82313,0.911565,106,25*3*3,96*6*1
1132,0,0,0,0,0,0,0,1*1*1,1*1*1
1133,638.217,1627,0,0,0.835217,0.917609,91,25*6*1,96*4*1
1134,0,0,0,0,0,0,0,1*1*1,1*1*1
1135,656.224,1627,1,0,0.812299,0.906149,92,25*6*1,96*4*1
1136,222.293,250,1,0,0.710099,0.855049,26,25*1*1,48*1*1
1137,315.798,651,1,0,0.885534,0.942767,42,25*3*1,48*2*1
1138,7.51072,0,0,0,0,0,0,1*1*1,1*1*1
1139,168.618,217,0,0,0.836506,0.918253,12,25*1*1,32*1*1
1140,71.0135,0,0,0,0,0,0,1*1*1,1*1*1
1141,178.865,217,1,0,0.788584,0.894292,17,25*1*1,32*1*1
1142,360.485,751,1,0,0.888386,0.944193,57,25*3*1,48*3*1
1143,34.11,0,0,0,0,0,0,1*1*1,1*1*1
1144,1061.97,2602,0,0,0.913915,0.956957,125,25*3*3,96*4*2
1145,629.909,1627,0,0,0.846233,0.923117,91,25*6*1,96*4*1
1146,264.813,501,1,0,0.902712,0.951356,36,25*2*1,48*2*1
1147,1557.56,3548,0,0,0.724017,0.862009,131,25*6*2,96*12*1
1148,2404.24,7091,0,0,0.938093,0.969046,143,25*6*4,96*12*2
1149,2062.99,4877,0,0,0.677439,0.83872,140,25*6*3,96*12*1
1150,3109.99,8477,0,0,0.81198,0.90599,144,25*6*5,96*12*2
1151,15910.2,9746,0,0,0.17568,0.58784,145,25*6*6,96*12*2
1152,20172.3,9746,1,0,0.138561,0.569281,145,25*6*6,96*12*2
1153,15983.5,9747,1,0,0.174874,0.587437,145,25*6*6,96*12*2
1154,15664.6,9746,1,0,0.178434,0.589217,145,25*6*6,96*12*2
1155,20214.3,9747,1,0,0.138273,0.569137,145,25*6*6,96*12*2
1156,12884.5,9746,1,0,0.216935,0.608468,145,25*6*6,96*12*2
1157,16423.4,9746,1,0,0.17019,0.585095,145,25*6*6,96*12*2
1158,24982.2,9747,1,0,0.111884,0.555942,145,25*6*6,96*12*2
1159,19674.5,9746,1,0,0.142067,0.571034,145,25*6*6,96*12*2
1160,16063,9747,1,0,0.174009,0.587004,145,25*6*6,96*12*2
1161,16146.7,9746,1,0,0.173107,0.586553,145,25*6*6,96*12*2
1162,16246.1,9746,1,0,0.172047,0.586024,145,25*6*6,96*12*2
1163,19988.8,9747,1,0,0.139833,0.569917,145,25*6*6,96*12*2
1164,10249.2,9746,1,0,0.272714,0.636357,145,25*6*6,96*12*2
1165,20291.2,9747,1,0,0.137749,0.568875,145,25*6*6,96*12*2
1166,25090.2,9746,1,0,0.111402,0.555701,145,25*6*6,96*12*2
1167,15580.9,9747,1,0,0.179393,0.589696,145,25*6*6,96*12*2
1168,12581.9,9746,1,0,0.222152,0.611076,145,25*6*6,96*12*2
1169,15933.2,9746,1,0,0.175426,0.587713,145,25*6*6,96*12*2
1170,25353,9747,1,0,0.110247,0.555124,145,25*6*6,96*12*2
1171,20369.1,9746,1,0,0.137223,0.568611,145,25*6*6,96*12*2
1172,25287.9,9747,1,0,0.110531,0.555266,145,25*6*6,96*12*2
1173,12482.2,9746,1,0,0.223927,0.611963,145,25*6*6,96*12*2
1174,12813.4,9747,1,0,0.218139,0.609069,145,25*6*6,96*12*2
1175,12682.1,9746,1,0,0.220397,0.610199,145,25*6*6,96*12*2
1176,16263.9,9746,1,0,0.171859,0.58593,145,25*6*6,96*12*2
1177,12351.7,9747,1,0,0.226293,0.613146,145,25*6*6,96*12*2
1178,12396.3,9746,1,0,0.225479,0.612739,145,25*6*6,96*12*2
1179,16038.6,9747,1,0,0.174273,0.587137,145,25*6*6,96*12*2
1180,12756.1,9746,1,0,0.219119,0.609559,145,25*6*6,96*12*2
1181,10539.9,9747,1,0,0.265192,0.632596,145,25*6*6,96*12*2
1182,12904.9,9746,1,0,0.216592,0.608296,145,25*6*6,96*12*2
1183,15769.7,9746,1,0,0.177245,0.588622,145,25*6*6,96*12*2
1184,16219.7,9747,1,0,0.172327,0.586164,145,25*6*6,96*12*2
1185,5168.01,9746,1,0,0.540846,0.770423,145,25*6*6,96*12*2
1186,16291.9,9747,1,0,0.171564,0.585782,145,25*6*6,96*12*2
1187,3660.29,9746,1,0,0.763628,0.881814,145,25*6*6,96*12*2
1188,0,0,0,0,0,0,0,1*1*1,1*1*1
1189,446.643,1115,0,0,0.97953,0.989765,66,25*2*2,96*3*1
1190,132.942,61,0,0,0.83984,0.91992,8,5*1*1,24*1*1
1191,252.873,433,0,0,0.8789,0.93945,32,25*2*1,32*2*1
1192,139.665,61,0,0,0.799413,0.899706,8,5*1*1,24*1*1
1193,609.431,1627,0,0,0.874668,0.937334,90,25*6*1,96*4*1
1194,2219.08,4877,0,0,0.629788,0.814894,142,25*6*3,96*12*1
1195,1083.48,2828,0,0,0.981698,0.990849,127,25*2*5,96*4*2
1196,10164.8,9747,1,0,0.274978,0.637489,145,25*6*6,96*12*2
1197,1574.6,3548,0,0,0.716182,0.858091,131,25*6*2,96*12*1
1198,19668.5,9746,0,0,0.14211,0.571055,145,25*6*6,96*12*2
1199,20107.9,9746,1,0,0.139005,0.569503,145,25*6*6,96*12*2
1200,12873.6,9747,1,0,0.217119,0.608559,145,25*6*6,96*12*2
1201,1749.48,3548,0,0,0.644592,0.822296,131,25*6*2,96*12*1
1202,7907.71,9746,0,0,0.353465,0.676733,145,25*6*6,96*12*2
1203,15741.3,9746,1,0,0.177565,0.588782,145,25*6*6,96*12*2
1204,15797.1,9747,1,0,0.176938,0.588469,145,25*6*6,96*12*2
1205,20412.9,9746,1,0,0.136928,0.568464,145,25*6*6,96*12*2
1206,12576.5,9747,1,0,0.222248,0.611124,145,25*6*6,96*12*2
1207,1604.29,3548,0,0,0.702928,0.851464,131,25*6*2,96*12*1
1208,0,0,0,0,0,0,0,1*1*1,1*1*1
1209,0,0,0,0,0,0,0,1*1*1,1*1*1
1210,117.469,57,0,0,0.878955,0.939478,7,5*1*1,16*1*1
1211,1984.46,4877,0,0,0.704247,0.852123,137,25*6*3,96*12*1
1212,730.274,1775,1,0,0.841123,0.920561,102,25*6*1,96*6*1
1213,0,0,0,0,0,0,0,1*1*1,1*1*1
1214,629.57,1627,1,0,0.846689,0.923345,91,25*6*1,96*4*1
1215,499.701,1116,1,0,0.875524,0.937762,73,25*2*2,96*3*1
1216,293.91,500,0,0,0.813344,0.906672,39,25*2*1,48*2*1
1217,1159.71,3253,0,0,0.919282,0.959641,128,25*6*2,96*4*2
1218,1855.64,3548,1,0,0.607715,0.803857,131,25*6*2,96*12*1
1219,1319.5,3549,1,0,0.854642,0.927321,130,25*6*2,96*12*1
1220,229.153,250,0,0,0.688841,0.844421,26,25*1*1,48*1*1
1221,700.68,1775,1,0,0.876648,0.938324,100,25*6*1,96*6*1
1222,821.165,1775,1,0,0.748023,0.874011,104,25*6*1,96*6*1
1223,250.186,434,1,0,0.888339,0.94417,31,25*2*1,32*2*1
1224,376.987,813,0,0,0.875494,0.937747,61,25*3*1,96*2*1
1225,53.2052,0,0,0,0,0,0,1*1*1,1*1*1
1226,0,0,0,0,0,0,0,1*1*1,1*1*1
1227,341.432,651,1,0,0.81905,0.909525,50,25*3*1,48*2*1
1228,365.757,813,0,0,0.902375,0.951188,59,25*3*1,96*2*1
1229,390.202,814,1,0,0.845844,0.922922,61,25*3*1,96*2*1
1230,0,0,0,0,0,0,0,1*1*1,1*1*1
1231,0,0,0,0,0,0,0,1*1*1,1*1*1
1232,676.427,1627,1,0,0.788038,0.894019,96,25*6*1,96*4*1
1233,211.906,250,0,0,0.744906,0.872453,24,25*1*1,48*1*1
1234,122.434,57,0,0,0.843311,0.921656,7,5*1*1,16*1*1
1235,220.302,250,0,0,0.716516,0.858258,26,25*1*1,48*1*1
1236,409.156,814,1,0,0.806661,0.90333,63,25*3*1,96*2*1
1237,365.359,814,1,0,0.903358,0.951679,59,25*3*1,96*2*1
1238,177.602,217,1,0,0.794192,0.897096,17,25*1*1,32*1*1
1239,169.182,217,1,0,0.833718,0.916859,13,25*1*1,32*1*1
1240,197.452,250,0,0,0.799435,0.899717,24,25*1*1,48*1*1
1241,0,0,0,0,0,0,0,1*1*1,1*1*1
1242,479.775,1115,0,0,0.911886,0.955943,67,25*2*2,96*3*1
1243,448.027,1116,1,0,0.976504,0.988252,66,25*2*2,96*3*1
1244,330.691,650,0,0,0.845653,0.922827,45,25*3*1,48*2*1
1245,357.704,752,1,0,0.895293,0.947647,55,25*3*1,48*3*1
1246,555.876,1627,1,0,0.958937,0.979468,87,25*6*1,96*4*1
1247,547.3,1183,0,0,0.873561,0.936781,85,25*2*2,96*4*1
1248,336.133,650,0,0,0.831962,0.915981,48,25*3*1,48*2*1
1249,12.3406,0,0,0,0,0,0,1*1*1,1*1*1
1250,94.4406,42,0,0,0.982099,0.991049,4,5*1*1,6*1*1
1251,461.186,1115,0,0,0.948641,0.974321,67,25*2*2,96*3*1
1252,0,0,0,0,0,0,0,1*1*1,1*1*1
1253,225.233,250,0,0,0.70083,0.850415,26,25*1*1,48*1*1
1254,94.3636,42,0,0,0.9829,0.99145,4,5*1*1,6*1*1
1255,343.261,650,0,0,0.814686,0.907343,52,25*3*1,48*2*1
1256,606.955,1627,0,0,0.878236,0.939118,90,25*6*1,96*4*1
1257,196.357,250,1,0,0.803893,0.901946,24,25*1*1,48*1*1
1258,393.63,814,1,0,0.838478,0.919239,63,25*3*1,96*2*1
1259,1167.01,3253,0,0,0.913531,0.956766,128,25*6*2,96*4*2
1260,2856.76,8477,0,0,0.883956,0.941978,144,25*6*5,96*12*2
1261,5307.31,9746,0,0,0.526651,0.763325,145,25*6*6,96*12*2
1262,16083.4,9746,1,0,0.173788,0.586894,145,25*6*6,96*12*2
1263,6452.81,9747,1,0,0.43316,0.71658,145,25*6*6,96*12*2
1264,16334.4,9746,1,0,0.171117,0.585559,145,25*6*6,96*12*2
1265,788.606,1774,0,0,0.778906,0.889453,104,25*6*1,96*6*1
1266,10570.4,9746,0,0,0.264427,0.632214,145,25*6*6,96*12*2
1267,7903.32,9746,1,0,0.353661,0.676831,145,25*6*6,96*12*2
1268,1585.11,3548,0,0,0.711433,0.855717,131,25*6*2,96*12*1
1269,16082.3,9746,0,0,0.1738,0.5869,145,25*6*6,96*12*2
1270,2484.51,7091,0,0,0.907785,0.953892,143,25*6*4,96*12*2
1271,20410.6,9747,1,0,0.136944,0.568472,145,25*6*6,96*12*2
1272,12841.2,9746,1,0,0.217667,0.608833,145,25*6*6,96*12*2
1273,3096.52,8477,0,0,0.815512,0.907756,144,25*6*5,96*12*2
1274,3468.91,9746,0,0,0.805757,0.902879,145,25*6*6,96*12*2
1275,3898.94,9746,1,0,0.716887,0.858444,145,25*6*6,96*12*2
1276,2693.85,7091,0,0,0.83724,0.91862,143,25*6*4,96*12*2
1277,3249.73,9747,1,0,0.860102,0.930051,145,25*6*6,96*12*2
1278,1329.07,3548,0,0,0.848488,0.924244,130,25*6*2,96*12*1
1279,1230.67,3549,1,0,0.91633,0.958165,130,25*6*2,96*12*1
1280,1989.65,4877,0,0,0.70241,0.851205,137,25*6*3,96*12*1
1281,2858.78,8477,0,0,0.883331,0.941666,144,25*6*5,96*12*2
1282,3875.38,9746,0,0,0.721245,0.860623,145,25*6*6,96*12*2
1283,4334.48,9746,1,0,0.644852,0.822426,145,25*6*6,96*12*2
1284,12595.5,9747,1,0,0.221913,0.610956,145,25*6*6,96*12*2
1285,1221.06,3548,0,0,0.923542,0.961771,130,25*6*2,96*12*1
1286,2057.81,4877,0,0,0.679144,0.839572,140,25*6*3,96*12*1
1287,2546.61,7091,0,0,0.885648,0.942824,143,25*6*4,96*12*2
1288,6811.99,9747,1,0,0.410321,0.70516,145,25*6*6,96*12*2
1289,2946.38,8477,0,0,0.857069,0.928534,144,25*6*5,96*12*2
1290,1447.18,3548,0,0,0.77924,0.88962,131,25*6*2,96*12*1
1291,334.69,650,0,0,0.835549,0.917775,48,25*3*1,48*2*1
1292,1385.94,3548,0,0,0.813672,0.906836,131,25*6*2,96*12*1
1293,795.325,1774,0,0,0.772326,0.886163,104,25*6*1,96*6*1
1294,878.578,1775,1,0,0.699141,0.849571,105,25*6*1,96*6*1
1295,1488.51,3549,1,0,0.757603,0.878802,131,25*6*2,96*12*1
1296,841.806,1774,0,0,0.729681,0.864841,104,25*6*1,96*6*1
1297,744.788,1775,1,0,0.824731,0.912366,102,25*6*1,96*6*1
1298,2529.38,7091,0,0,0.891681,0.94584,143,25*6*4,96*12*2
1299,2437.81,7092,1,0,0.925175,0.962587,143,25*6*4,96*12*2
1300,2235.11,4877,0,0,0.625271,0.812636,142,25*6*3,96*12*1
1301,2138.39,4878,1,0,0.653552,0.826776,141,25*6*3,96*12*1
1302,3218.19,8477,0,0,0.78468,0.89234,144,25*6*5,96*12*2
1303,3108.55,8477,1,0,0.812356,0.906178,144,25*6*5,96*12*2
1304,2690.69,7091,0,0,0.838224,0.919112,143,25*6*4,96*12*2
1305,15963,9747,1,0,0.175099,0.587549,145,25*6*6,96*12*2
1306,16317.8,9746,1,0,0.171291,0.585646,145,25*6*6,96*12*2
1307,20157,9747,1,0,0.138666,0.569333,145,25*6*6,96*12*2
1308,5101.56,9746,1,0,0.547891,0.773946,145,25*6*6,96*12*2
1309,4844.47,9747,1,0,0.576967,0.788484,145,25*6*6,96*12*2
1310,16292.9,9746,1,0,0.171553,0.585777,145,25*6*6,96*12*2
1311,6272.56,9746,1,0,0.445608,0.722804,145,25*6*6,96*12*2
1312,6696.27,9747,1,0,0.417411,0.708706,145,25*6*6,96*12*2
1313,6429.27,9746,1,0,0.434746,0.717373,145,25*6*6,96*12*2
1314,16146.6,9746,1,0,0.173108,0.586554,145,25*6*6,96*12*2
1315,16208.6,9747,1,0,0.172445,0.586223,145,25*6*6,96*12*2
1316,10514.6,9746,1,0,0.26583,0.632915,145,25*6*6,96*12*2
1317,7880.82,9747,1,0,0.354671,0.677336,145,25*6*6,96*12*2
1318,15982.9,9746,1,0,0.174881,0.58744,145,25*6*6,96*12*2
1319,8189.28,9746,1,0,0.341312,0.670656,145,25*6*6,96*12*2
1320,12786.9,9747,1,0,0.218591,0.609295,145,25*6*6,96*12*2
1321,8064.45,9746,1,0,0.346595,0.673298,145,25*6*6,96*12*2
1322,8084.63,9747,1,0,0.34573,0.672865,145,25*6*6,96*12*2
1323,7951.48,9746,1,0,0.351519,0.67576,145,25*6*6,96*12*2
1324,8123.31,9747,1,0,0.344084,0.672042,145,25*6*6,96*12*2
1325,7786.76,9746,1,0,0.358955,0.679478,145,25*6*6,96*12*2
1326,10294.7,9746,1,0,0.271509,0.635754,145,25*6*6,96*12*2
1327,6505.01,9746,1,0,0.429684,0.714842,145,25*6*6,96*12*2
1328,8232.59,9747,1,0,0.339516,0.669758,145,25*6*6,96*12*2
1329,6471.99,9746,1,0,0.431876,0.715938,145,25*6*6,96*12*2
1330,5101.35,9747,1,0,0.547914,0.773957,145,25*6*6,96*12*2
1331,1839.91,3548,0,0,0.61291,0.806455,131,25*6*2,96*12*1
1332,1647.47,3549,1,0,0.684504,0.842252,131,25*6*2,96*12*1
1333,1923.75,3549,1,0,0.586199,0.793099,131,25*6*2,96*12*1
1334,2628.16,7091,0,0,0.858167,0.929083,143,25*6*4,96*12*2
1335,5339.56,9747,1,0,0.52347,0.761735,145,25*6*6,96*12*2
1336,5355.11,9746,1,0,0.52195,0.760975,145,25*6*6,96*12*2
1337,20476.9,9747,1,0,0.1365,0.56825,145,25*6*6,96*12*2
1338,3169.64,8477,0,0,0.796699,0.89835,144,25*6*5,96*12*2
1339,6038.78,9746,0,0,0.462858,0.731429,145,25*6*6,96*12*2
1340,20322.5,9746,1,0,0.137537,0.568769,145,25*6*6,96*12*2
1341,12668.6,9747,1,0,0.220632,0.610316,145,25*6*6,96*12*2
1342,12924.9,9746,1,0,0.216257,0.608128,145,25*6*6,96*12*2
1343,6479.19,9747,1,0,0.431397,0.715698,145,25*6*6,96*12*2
1344,12349.7,9746,1,0,0.226329,0.613165,145,25*6*6,96*12*2
1345,12571,9746,1,0,0.222345,0.611173,145,25*6*6,96*12*2
1346,8145.81,9747,1,0,0.343133,0.671567,145,25*6*6,96*12*2
1347,2241.64,4877,0,0,0.62345,0.811725,142,25*6*3,96*12*1
1348,917.595,2441,1,0,0.859366,0.929683,106,25*3*3,96*6*1
1349,514.316,1115,0,0,0.850644,0.925322,79,25*2*2,96*3*1
1350,279.225,500,0,0,0.85612,0.92806,38,25*2*1,48*2*1
1351,251.448,433,0,0,0.883881,0.94194,31,25*2*1,32*2*1
1352,490.149,1115,0,0,0.892586,0.946293,68,25*2*2,96*3*1
1353,0,0,0,0,0,0,0,1*1*1,1*1*1
1354,477.558,1116,1,0,0.916119,0.95806,67,25*2*2,96*3*1
1355,727.753,1774,0,0,0.844036,0.922018,101,25*6*1,96*6*1
1356,454.081,1116,1,0,0.963484,0.981742,66,25*2*2,96*3*1
1357,269.201,500,0,0,0.887998,0.943999,37,25*2*1,48*2*1
1358,1138.53,3253,0,0,0.936383,0.968191,128,25*6*2,96*4*2
1359,1868.01,3548,1,0,0.603691,0.801845,131,25*6*2,96*12*1
1360,1878.69,3549,1,0,0.600259,0.800129,131,25*6*2,96*12*1
1361,4351.87,9746,0,0,0.642276,0.821138,145,25*6*6,96*12*2
1362,5137.31,9746,1,0,0.544079,0.772039,145,25*6*6,96*12*2
1363,6516.58,9747,1,0,0.428921,0.714461,145,25*6*6,96*12*2
1364,4148.49,9746,1,0,0.673763,0.836882,145,25*6*6,96*12*2
1365,1919.16,3548,0,0,0.587601,0.7938,131,25*6*2,96*12*1
1366,2291.86,4877,0,0,0.609789,0.804894,142,25*6*3,96*12*1
1367,635.905,1628,1,0,0.838254,0.919127,91,25*6*1,96*4*1
1368,1605.99,3548,0,0,0.702184,0.851092,131,25*6*2,96*12*1
1369,0,0,0,0,0,0,0,1*1*1,1*1*1
1370,394.356,813,0,0,0.836934,0.918467,63,25*3*1,96*2*1
1371,764.364,1775,1,0,0.803609,0.901805,103,25*6*1,96*6*1
1372,97.7432,42,0,0,0.948915,0.974458,4,5*1*1,6*1*1
1373,284.984,500,0,0,0.838819,0.91941,39,25*2*1,48*2*1
1374,405.341,813,0,0,0.814253,0.907126,63,25*3*1,96*2*1
1375,351.245,752,1,0,0.911757,0.955878,55,25*3*1,48*3*1
1376,612.627,1627,1,0,0.870105,0.935053,90,25*6*1,96*4*1
1377,465.018,1115,0,0,0.940824,0.970412,67,25*2*2,96*3*1
1378,774.529,1775,1,0,0.793063,0.896531,103,25*6*1,96*6*1
1379,491.655,1115,0,0,0.889852,0.944926,70,25*2*2,96*3*1
1380,331.673,650,0,0,0.84315,0.921575,46,25*3*1,48*2*1
1381,335.808,651,1,0,0.832768,0.916384,48,25*3*1,48*2*1
1382,528.931,1183,0,0,0.903899,0.951949,83,25*2*2,96*4*1
1383,1103.69,2828,0,0,0.963722,0.981861,127,25*2*5,96*4*2
1384,3039.98,8478,1,0,0.83068,0.91534,144,25*6*5,96*12*2
1385,4830.47,9746,0,0,0.578639,0.78932,145,25*6*6,96*12*2
1386,5047.86,9746,1,0,0.55372,0.77686,145,25*6*6,96*12*2
1387,919.927,2440,0,0,0.857188,0.928594,106,25*3*3,96*6*1
1388,16353,9746,0,0,0.170923,0.585461,145,25*6*6,96*12*2
1389,1969.53,4877,0,0,0.709586,0.854793,135,25*6*3,96*12*1
1390,19922,9746,0,0,0.140302,0.570151,145,25*6*6,96*12*2
1391,2572.53,7091,0,0,0.876724,0.938362,143,25*6*4,96*12*2
1392,2368.15,7092,1,0,0.952389,0.976194,143,25*6*4,96*12*2
1393,3029.44,8478,1,0,0.83357,0.916785,144,25*6*5,96*12*2
1394,4245.58,9746,0,0,0.658355,0.829178,145,25*6*6,96*12*2
1395,3524.73,9746,1,0,0.792997,0.896498,145,25*6*6,96*12*2
1396,3717.95,9747,1,0,0.751785,0.875893,145,25*6*6,96*12*2
1397,1866.6,3548,0,0,0.604147,0.802073,131,25*6*2,96*12*1
1398,4196.62,9746,0,0,0.666036,0.833018,145,25*6*6,96*12*2
1399,4252.37,9746,1,0,0.657304,0.828652,145,25*6*6,96*12*2
1400,3258.97,9747,1,0,0.857664,0.928832,145,25*6*6,96*12*2
1401,2545.55,7091,0,0,0.886017,0.943008,143,25*6*4,96*12*2
1402,5198.27,9747,1,0,0.537698,0.768849,145,25*6*6,96*12*2
1403,4229.66,9746,1,0,0.660833,0.830417,145,25*6*6,96*12*2
1404,3882.95,9747,1,0,0.719839,0.85992,145,25*6*6,96*12*2
1405,2558.77,7091,0,0,0.881439,0.94072,143,25*6*4,96*12*2
1406,2098.34,4877,0,0,0.666026,0.833013,141,25*6*3,96*12*1
1407,3593.33,9746,0,0,0.777858,0.888929,145,25*6*6,96*12*2
1408,4118.84,9746,1,0,0.678613,0.839307,145,25*6*6,96*12*2
1409,3963.86,9747,1,0,0.705146,0.852573,145,25*6*6,96*12*2
1410,2757.55,8477,0,0,0.915759,0.957879,144,25*6*5,96*12*2
1411,4291.01,9746,0,0,0.651385,0.825693,145,25*6*6,96*12*2
1412,6400.3,9746,1,0,0.436714,0.718357,145,25*6*6,96*12*2
1413,5004.05,9747,1,0,0.558568,0.779284,145,25*6*6,96*12*2
1414,5372.82,9746,1,0,0.52023,0.760115,145,25*6*6,96*12*2
1415,2660.59,7091,0,0,0.847707,0.923853,143,25*6*4,96*12*2
1416,1851.78,3548,0,0,0.608982,0.804491,131,25*6*2,96*12*1
1417,481.371,1116,1,0,0.908862,0.954431,67,25*2*2,96*3*1
1418,2237.11,4877,0,0,0.624712,0.812356,142,25*6*3,96*12*1
1419,419.941,814,1,0,0.785944,0.892972,63,25*3*1,96*2*1
1420,298.642,651,1,0,0.936405,0.968203,41,25*3*1,48*2*1
1421,148.33,61,0,0,0.752714,0.876357,8,5*1*1,24*1*1
1422,330.182,650,0,0,0.846957,0.923479,45,25*3*1,48*2*1
1423,869.077,1774,0,0,0.706784,0.853392,105,25*6*1,96*6*1
1424,1314.08,3549,1,0,0.858167,0.929083,130,25*6*2,96*12*1
1425,937.923,2440,0,0,0.840741,0.92037,106,25*3*3,96*6*1
1426,2193.99,4878,1,0,0.63699,0.818495,142,25*6*3,96*12*1
1427,1137.68,3253,0,0,0.937082,0.968541,128,25*6*2,96*4*2
1428,1822.16,3548,1,0,0.618881,0.80944,131,25*6*2,96*12*1
1429,195.297,250,0,0,0.808256,0.904128,22,25*1*1,48*1*1
1430,287.654,501,1,0,0.831033,0.915517,39,25*2*1,48*2*1
1431,528.144,1183,0,0,0.905246,0.952623,83,25*2*2,96*4*1
1432,0,0,0,0,0,0,0,1*1*1,1*1*1
1433,512.231,1116,1,0,0.854107,0.927053,77,25*2*2,96*3*1
1434,0,0,0,0,0,0,0,1*1*1,1*1*1
1435,198.026,250,0,0,0.797118,0.898559,24,25*1*1,48*1*1
1436,367.489,814,1,0,0.898122,0.949061,59,25*3*1,96*2*1
1437,145.351,61,0,0,0.768141,0.88407,8,5*1*1,24*1*1
1438,299.787,650,0,0,0.932829,0.966414,41,25*3*1,48*2*1
1439,141.483,61,0,0,0.789141,0.89457,8,5*1*1,24*1*1
1440,471.944,1115,0,0,0.927017,0.963508,67,25*2*2,96*3*1
1441,433.542,814,1,0,0.761287,0.880644,65,25*3*1,96*2*1
1442,34.5325,0,0,0,0,0,0,1*1*1,1*1*1
1443,541.878,1183,0,0,0.882302,0.941151,85,25*2*2,96*4*1
1444,1378.08,3549,1,0,0.818312,0.909156,131,25*6*2,96*12*1
1445,661.479,1627,0,0,0.805846,0.902923,93,25*6*1,96*4*1
1446,70.2251,0,0,0,0,0,0,1*1*1,1*1*1
1447,1372.53,3548,0,0,0.821621,0.910811,130,25*6*2,96*12*1
1448,2763.21,8477,0,0,0.913883,0.956941,144,25*6*5,96*12*2
1449,1565.86,3548,0,0,0.720179,0.86009,131,25*6*2,96*12*1
1450,3412.79,9746,0,0,0.819007,0.909504,145,25*6*6,96*12*2
1451,15778.1,9746,1,0,0.177151,0.588575,145,25*6*6,96*12*2
1452,20407.9,9747,1,0,0.136962,0.568481,145,25*6*6,96*12*2
1453,16097.4,9746,1,0,0.173637,0.586818,145,25*6*6,96*12*2
1454,15842.8,9747,1,0,0.176427,0.588214,145,25*6*6,96*12*2
1455,20135.9,9746,1,0,0.138812,0.569406,145,25*6*6,96*12*2
1456,12913.9,9746,1,0,0.216441,0.608221,145,25*6*6,96*12*2
1457,16002,9747,1,0,0.174672,0.587336,145,25*6*6,96*12*2
1458,25152.1,9746,1,0,0.111128,0.555564,145,25*6*6,96*12*2
1459,20220.9,9747,1,0,0.138228,0.569114,145,25*6*6,96*12*2
1460,16137.7,9746,1,0,0.173203,0.586602,145,25*6*6,96*12*2
1461,16046.1,9746,1,0,0.174192,0.587096,145,25*6*6,96*12*2
1462,15309.3,9747,1,0,0.182575,0.591288,145,25*6*6,96*12*2
1463,20018.8,9746,1,0,0.139624,0.569812,145,25*6*6,96*12*2
1464,10464.9,9747,1,0,0.267093,0.633546,145,25*6*6,96*12*2
1465,20209.7,9746,1,0,0.138305,0.569152,145,25*6*6,96*12*2
1466,25351.4,9747,1,0,0.110254,0.555127,145,25*6*6,96*12*2
1467,16058.4,9746,1,0,0.174058,0.587029,145,25*6*6,96*12*2
1468,12734,9746,1,0,0.219499,0.609749,145,25*6*6,96*12*2
1469,16410.2,9747,1,0,0.170327,0.585163,145,25*6*6,96*12*2
1470,25758.4,9746,1,0,0.108512,0.554256,145,25*6*6,96*12*2
1471,20025.1,9747,1,0,0.13958,0.56979,145,25*6*6,96*12*2
1472,25345.6,9746,1,0,0.110279,0.55514,145,25*6*6,96*12*2
1473,13080.6,9747,1,0,0.213683,0.606841,145,25*6*6,96*12*2
1474,12908.2,9746,1,0,0.216537,0.608268,145,25*6*6,96*12*2
1475,12888.1,9746,1,0,0.216874,0.608437,145,25*6*6,96*12*2
1476,15714.6,9747,1,0,0.177866,0.588933,145,25*6*6,96*12*2
1477,12460.4,9746,1,0,0.224319,0.612159,145,25*6*6,96*12*2
1478,12863.5,9747,1,0,0.217289,0.608645,145,25*6*6,96*12*2
1479,16175.5,9746,1,0,0.172798,0.586399,145,25*6*6,96*12*2
1480,12478.1,9747,1,0,0.224,0.612,145,25*6*6,96*12*2
1481,10013,9746,1,0,0.279147,0.639574,145,25*6*6,96*12*2
1482,12825.4,9746,1,0,0.217935,0.608967,145,25*6*6,96*12*2
1483,16405.3,9747,1,0,0.170378,0.585189,145,25*6*6,96*12*2
1484,15700.7,9746,1,0,0.178024,0.589012,145,25*6*6,96*12*2
1485,5212.19,9747,1,0,0.536262,0.768131,145,25*6*6,96*12*2
1486,16065.2,9746,1,0,0.173985,0.586992,145,25*6*6,96*12*2
1487,3982.07,9747,1,0,0.701921,0.850961,145,25*6*6,96*12*2
1488,71.3969,0,0,0,0,0,0,1*1*1,1*1*1
1489,404.066,813,0,0,0.816822,0.908411,63,25*3*1,96*2*1
1490,483.953,1115,0,0,0.904013,0.952007,67,25*2*2,96*3*1
1491,484.355,1116,1,0,0.903263,0.951632,67,25*2*2,96*3*1
1492,423.791,813,0,0,0.778804,0.889402,63,25*3*1,96*2*1
1493,623.869,1627,1,0,0.854426,0.927213,91,25*6*1,96*4*1
1494,2267.57,4878,1,0,0.616321,0.80816,142,25*6*3,96*12*1
1495,774.219,1775,1,0,0.79338,0.89669,103,25*6*1,96*6*1
1496,10293.6,9746,0,0,0.271538,0.635769,145,25*6*6,96*12*2
1497,1729.51,3548,0,0,0.652034,0.826017,131,25*6*2,96*12*1
1498,20213.3,9746,0,0,0.13828,0.56914,145,25*6*6,96*12*2
1499,20175.6,9746,1,0,0.138539,0.569269,145,25*6*6,96*12*2
1500,12976.8,9747,1,0,0.215392,0.607696,145,25*6*6,96*12*2
1501,1531.85,3548,0,0,0.736169,0.868084,131,25*6*2,96*12*1
1502,7453.11,9746,0,0,0.375025,0.687512,145,25*6*6,96*12*2
1503,15652,9746,1,0,0.178578,0.589289,145,25*6*6,96*12*2
1504,15838.5,9747,1,0,0.176475,0.588238,145,25*6*6,96*12*2
1505,19061.9,9746,1,0,0.146633,0.573316,145,25*6*6,96*12*2
1506,12755.6,9747,1,0,0.219127,0.609564,145,25*6*6,96*12*2
1507,1574.17,3548,0,0,0.716378,0.858189,131,25*6*2,96*12*1
1508,0,0,0,0,0,0,0,1*1*1,1*1*1
1509,101.877,47,0,0,0.931025,0.965512,5,5*1*1,8*1*1
1510,238.555,433,0,0,0.931651,0.965825,28,25*2*1,32*2*1
1511,1738.6,3548,0,0,0.648625,0.824313,131,25*6*2,96*12*1
1512,372.136,813,0,0,0.886907,0.943453,59,25*3*1,96*2*1
1513,245.24,434,1,0,0.906255,0.953128,28,25*2*1,32*2*1
1514,683.274,1627,0,0,0.780141,0.89007,97,25*6*1,96*4*1
1515,0,0,0,0,0,0,0,1*1*1,1*1*1
1516,0,0,0,0,0,0,0,1*1*1,1*1*1
1517,1613.39,3548,0,0,0.698963,0.849482,131,25*6*2,96*12*1
1518,2021.13,4877,0,0,0.69147,0.845735,139,25*6*3,96*12*1
1519,1740.61,3549,1,0,0.647876,0.823938,131,25*6*2,96*12*1
1520,0,0,0,0,0,0,0,1*1*1,1*1*1
1521,116.768,57,0,0,0.884232,0.942116,7,5*1*1,16*1*1
1522,166.356,217,0,0,0.84788,0.92394,10,25*1*1,32*1*1
1523,0,0,0,0,0,0,0,1*1*1,1*1*1
1524,620.212,1627,1,0,0.859464,0.929732,90,25*6*1,96*4*1
1525,177.327,217,1,0,0.795423,0.897712,17,25*1*1,32*1*1
1526,253.856,434,1,0,0.875496,0.937748,32,25*2*1,32*2*1
1527,438.13,813,0,0,0.753315,0.876658,65,25*3*1,96*2*1
1528,0,0,0,0,0,0,0,1*1*1,1*1*1
1529,45.4251,0,0,0,0,0,0,1*1*1,1*1*1
1530,0,0,0,0,0,0,0,1*1*1,1*1*1
1531,0,0,0,0,0,0,0,1*1*1,1*1*1
1532,0,0,0,0,0,0,0,1*1*1,1*1*1
1533,150.62,217,1,0,0.936463,0.968231,9,25*1*1,32*1*1
1534,41.4484,0,0,0,0,0,0,1*1*1,1*1*1
1535,0,0,0,0,0,0,0,1*1*1,1*1*1
1536,0,0,0,0,0,0,0,1*1*1,1*1*1
1537,0,0,0,0,0,0,0,1*1*1,1*1*1
1538,0,0,0,0,0,0,0,1*1*1,1*1*1
1539,262.83,434,1,0,0.845604,0.922802,34,25*2*1,32*2*1
1540,667.122,1627,0,0,0.799029,0.899515,95,25*6*1,96*4*1
1541,144.978,61,0,0,0.770117,0.885058,8,5*1*1,24*1*1
1542,265.562,500,0,0,0.900166,0.950083,36,25*2*1,48*2*1
1543,410.506,813,0,0,0.804008,0.902004,63,25*3*1,96*2*1
1544,248.833,434,1,0,0.893169,0.946585,30,25*2*1,32*2*1
1545,681.083,1627,0,0,0.782651,0.891325,96,25*6*1,96*4*1
1546,117.126,57,0,0,0.881529,0.940765,7,5*1*1,16*1*1
1547,199.762,250,0,0,0.79019,0.895095,24,25*1*1,48*1*1
1548,119.357,57,0,0,0.865052,0.932526,7,5*1*1,16*1*1
1549,0,0,0,0,0,0,0,1*1*1,1*1*1
1550,0,0,0,0,0,0,0,1*1*1,1*1*1
1551,577.567,1627,0,0,0.922923,0.961462,88,25*6*1,96*4*1
1552,0,0,0,0,0,0,0,1*1*1,1*1*1
1553,556.684,1627,1,0,0.957545,0.978773,87,25*6*1,96*4*1
1554,0,0,0,0,0,0,0,1*1*1,1*1*1
1555,436.79,814,1,0,0.755626,0.877813,65,25*3*1,96*2*1
1556,0,0,0,0,0,0,0,1*1*1,1*1*1
1557,0,0,0,0,0,0,0,1*1*1,1*1*1
1558,624.484,1627,1,0,0.853585,0.926792,91,25*6*1,96*4*1
1559,1050.5,2440,0,0,0.750643,0.875321,124,25*3*3,96*6*1
1560,3103.54,8477,0,0,0.813668,0.906834,144,25*6*5,96*12*2
1561,4718.09,9746,0,0,0.592422,0.796211,145,25*6*6,96*12*2
1562,15259.5,9746,1,0,0.183171,0.591586,145,25*6*6,96*12*2
1563,6724.39,9747,1,0,0.415666,0.707833,145,25*6*6,96*12*2
1564,15977.7,9746,1,0,0.174938,0.587469,145,25*6*6,96*12*2
1565,1209,3548,0,0,0.932754,0.966377,130,25*6*2,96*12*1
1566,9686.95,9746,0,0,0.288543,0.644271,145,25*6*6,96*12*2
1567,8720.5,9746,1,0,0.320521,0.66026,145,25*6*6,96*12*2
1568,1935.59,3548,0,0,0.582613,0.791307,131,25*6*2,96*12*1
1569,15180,9746,0,0,0.18413,0.592065,145,25*6*6,96*12*2
1570,2816.13,8477,0,0,0.896709,0.948355,144,25*6*5,96*12*2
1571,20602.6,9746,0,0,0.135667,0.567834,145,25*6*6,96*12*2
1572,12179.6,9746,1,0,0.22949,0.614745,145,25*6*6,96*12*2
1573,3541.96,9747,1,0,0.789139,0.89457,145,25*6*6,96*12*2
1574,3363.31,9746,1,0,0.831056,0.915528,145,25*6*6,96*12*2
1575,3974.24,9747,1,0,0.703304,0.851652,145,25*6*6,96*12*2
1576,2473.81,7091,0,0,0.911711,0.955856,143,25*6*4,96*12*2
1577,3353.67,9747,1,0,0.833445,0.916723,145,25*6*6,96*12*2
1578,1980.91,4877,0,0,0.705509,0.852755,136,25*6*3,96*12*1
1579,1435.45,3549,1,0,0.785607,0.892804,131,25*6*2,96*12*1
1580,1884.18,3549,1,0,0.59851,0.799255,131,25*6*2,96*12*1
1581,3087.63,8477,0,0,0.81786,0.90893,144,25*6*5,96*12*2
1582,3378.55,9746,0,0,0.827308,0.913654,145,25*6*6,96*12*2
1583,4301.24,9746,1,0,0.649836,0.824918,145,25*6*6,96*12*2
1584,12049.5,9747,1,0,0.231968,0.615984,145,25*6*6,96*12*2
1585,625.071,1627,0,0,0.852783,0.926392,91,25*6*1,96*4*1
1586,2173.02,4877,0,0,0.643137,0.821569,142,25*6*3,96*12*1
1587,3307.09,9746,0,0,0.845184,0.922592,145,25*6*6,96*12*2
1588,6469.68,9746,1,0,0.432031,0.716015,145,25*6*6,96*12*2
1589,2152.94,4877,0,0,0.649136,0.824568,142,25*6*3,96*12*1
1590,1033.12,2441,1,0,0.76327,0.881635,122,25*3*3,96*6*1
1591,546.8,1183,0,0,0.87436,0.93718,85,25*2*2,96*4*1
1592,760.848,1774,0,0,0.807323,0.903661,103,25*6*1,96*6*1
1593,1150.71,3253,0,0,0.926471,0.963236,128,25*6*2,96*4*2
1594,1483.41,3548,1,0,0.760208,0.880104,131,25*6*2,96*12*1
1595,1846.34,3549,1,0,0.610776,0.805388,131,25*6*2,96*12*1
1596,792.485,1774,0,0,0.775094,0.887547,104,25*6*1,96*6*1
1597,43.7316,0,0,0,0,0,0,1*1*1,1*1*1
1598,2518.01,7091,0,0,0.895707,0.947854,143,25*6*4,96*12*2
1599,2244.93,4877,0,0,0.622536,0.811268,142,25*6*3,96*12*1
1600,2313.23,4878,1,0,0.604155,0.802078,142,25*6*3,96*12*1
1601,2978.58,8477,0,0,0.847803,0.923902,144,25*6*5,96*12*2
1602,3704.18,9746,0,0,0.75458,0.87729,145,25*6*6,96*12*2
1603,3842.7,9746,1,0,0.727379,0.86369,145,25*6*6,96*12*2
1604,1907.48,3548,0,0,0.591199,0.795599,131,25*6*2,96*12*1
1605,16435.6,9746,0,0,0.170064,0.585032,145,25*6*6,96*12*2
1606,16234.8,9746,1,0,0.172167,0.586084,145,25*6*6,96*12*2
1607,19615.5,9747,1,0,0.142494,0.571247,145,25*6*6,96*12*2
1608,4847.39,9746,1,0,0.57662,0.78831,145,25*6*6,96*12*2
1609,4579.71,9747,1,0,0.610322,0.805161,145,25*6*6,96*12*2
1610,15894.4,9746,1,0,0.175854,0.587927,145,25*6*6,96*12*2
1611,6120.98,9746,1,0,0.456643,0.728321,145,25*6*6,96*12*2
1612,6659.26,9747,1,0,0.419731,0.709866,145,25*6*6,96*12*2
1613,6120.95,9746,1,0,0.456645,0.728322,145,25*6*6,96*12*2
1614,15882.8,9747,1,0,0.175983,0.587991,145,25*6*6,96*12*2
1615,16472.4,9746,1,0,0.169684,0.584842,145,25*6*6,96*12*2
1616,10227.3,9746,1,0,0.273298,0.636649,145,25*6*6,96*12*2
1617,8120.05,9747,1,0,0.344222,0.672111,145,25*6*6,96*12*2
1618,16244.8,9746,1,0,0.172061,0.586031,145,25*6*6,96*12*2
1619,7789.32,9747,1,0,0.358837,0.679419,145,25*6*6,96*12*2
1620,12516.3,9746,1,0,0.223317,0.611658,145,25*6*6,96*12*2
1621,7930.32,9747,1,0,0.352457,0.676229,145,25*6*6,96*12*2
1622,8152.17,9746,1,0,0.342866,0.671433,145,25*6*6,96*12*2
1623,7957.25,9746,1,0,0.351265,0.675632,145,25*6*6,96*12*2
1624,7757.67,9747,1,0,0.360301,0.680151,145,25*6*6,96*12*2
1625,8241.72,9746,1,0,0.33914,0.66957,145,25*6*6,96*12*2
1626,9771.85,9747,1,0,0.286036,0.643018,145,25*6*6,96*12*2
1627,7142.14,9746,1,0,0.391353,0.695677,145,25*6*6,96*12*2
1628,7792.92,9747,1,0,0.358672,0.679336,145,25*6*6,96*12*2
1629,5741.6,9746,1,0,0.486816,0.743408,145,25*6*6,96*12*2
1630,4141.92,9746,1,0,0.674832,0.837416,145,25*6*6,96*12*2
1631,2887.05,8477,0,0,0.874682,0.937341,144,25*6*5,96*12*2
1632,1582.09,3548,0,0,0.712791,0.856396,131,25*6*2,96*12*1
1633,2635.4,7091,0,0,0.855809,0.927905,143,25*6*4,96*12*2
1634,2757.91,8478,1,0,0.915639,0.95782,144,25*6*5,96*12*2
1635,4802.37,9746,0,0,0.582025,0.791013,145,25*6*6,96*12*2
1636,5347.52,9746,1,0,0.522691,0.761345,145,25*6*6,96*12*2
1637,20385.6,9747,1,0,0.137111,0.568556,145,25*6*6,96*12*2
1638,3083.11,8477,0,0,0.819059,0.90953,144,25*6*5,96*12*2
1639,6336.67,9746,0,0,0.441099,0.72055,145,25*6*6,96*12*2
1640,19514.3,9746,1,0,0.143233,0.571617,145,25*6*6,96*12*2
1641,13003.9,9747,1,0,0.214943,0.607472,145,25*6*6,96*12*2
1642,12352.1,9746,1,0,0.226285,0.613143,145,25*6*6,96*12*2
1643,6289.46,9747,1,0,0.44441,0.722205,145,25*6*6,96*12*2
1644,12510.3,9746,1,0,0.223424,0.611712,145,25*6*6,96*12*2
1645,12352.9,9746,1,0,0.226271,0.613135,145,25*6*6,96*12*2
1646,8239.32,9747,1,0,0.339239,0.66962,145,25*6*6,96*12*2
1647,2231.93,4877,0,0,0.626162,0.813081,142,25*6*3,96*12*1
1648,921.417,2441,1,0,0.855801,0.927901,106,25*3*3,96*6*1
1649,765.947,1774,0,0,0.801948,0.900974,103,25*6*1,96*6*1
1650,720.232,1775,1,0,0.85285,0.926425,101,25*6*1,96*6*1
1651,73.5151,0,0,0,0,0,0,1*1*1,1*1*1
1652,958.976,2440,1,0,0.822283,0.911142,106,25*3*3,96*6*1
1653,0,0,0,0,0,0,0,1*1*1,1*1*1
1654,0,0,0,0,0,0,0,1*1*1,1*1*1
1655,222.894,250,0,0,0.708184,0.854092,26,25*1*1,48*1*1
1656,631.732,1627,1,0,0.843791,0.921896,91,25*6*1,96*4*1
1657,0,0,0,0,0,0,0,1*1*1,1*1*1
1658,1760.12,3548,0,0,0.640695,0.820347,131,25*6*2,96*12*1
1659,1175.46,3253,1,0,0.906964,0.953482,128,25*6*2,96*4*2
1660,1585.97,3548,0,0,0.711047,0.855524,131,25*6*2,96*12*1
1661,3581.65,9746,0,0,0.780395,0.890197,145,25*6*6,96*12*2
1662,6187.04,9746,1,0,0.451767,0.725883,145,25*6*6,96*12*2
1663,7019.61,9747,1,0,0.398185,0.699092,145,25*6*6,96*12*2
1664,4577.22,9746,1,0,0.610655,0.805327,145,25*6*6,96*12*2
1665,1295.19,3548,0,0,0.870683,0.935342,130,25*6*2,96*12*1
1666,1409.96,3549,1,0,0.79981,0.899905,131,25*6*2,96*12*1
1667,1044.02,2440,0,0,0.755302,0.877651,124,25*3*3,96*6*1
1668,1531.39,3548,0,0,0.73639,0.868195,131,25*6*2,96*12*1
1669,256.774,433,0,0,0.865547,0.932774,33,25*2*1,32*2*1
1670,482.945,1115,0,0,0.9059,0.95295,67,25*2*2,96*3*1
1671,578.295,1627,1,0,0.921761,0.960881,88,25*6*1,96*4*1
1672,51.7029,0,0,0,0,0,0,1*1*1,1*1*1
1673,0,0,0,0,0,0,0,1*1*1,1*1*1
1674,0,0,0,0,0,0,0,1*1*1,1*1*1
1675,0,0,0,0,0,0,0,1*1*1,1*1*1
1676,105.832,47,0,0,0.896232,0.948116,5,5*1*1,8*1*1
1677,8.59027,0,0,0,0,0,0,1*1*1,1*1*1
1678,493.265,1115,0,0,0.886947,0.943474,70,25*2*2,96*3*1
1679,409.315,814,1,0,0.806347,0.903174,63,25*3*1,96*2*1
1680,330.409,651,1,0,0.846375,0.923188,45,25*3*1,48*2*1
1681,0,0,0,0,0,0,0,1*1*1,1*1*1
1682,766.88,1774,0,0,0.800973,0.900486,103,25*6*1,96*6*1
1683,822.826,1775,1,0,0.746513,0.873256,104,25*6*1,96*6*1
1684,2671.81,7091,0,0,0.844147,0.922073,143,25*6*4,96*12*2
1685,6022.47,9747,1,0,0.464112,0.732056,145,25*6*6,96*12*2
1686,4226.78,9746,1,0,0.661284,0.830642,145,25*6*6,96*12*2
1687,1276.51,3548,0,0,0.883424,0.941712,130,25*6*2,96*12*1
1688,15514.2,9746,0,0,0.180164,0.590082,145,25*6*6,96*12*2
1689,2543.19,7091,0,0,0.886839,0.943419,143,25*6*4,96*12*2
1690,20169.8,9747,1,0,0.138578,0.569289,145,25*6*6,96*12*2
1691,2165.56,4877,0,0,0.645353,0.822676,142,25*6*3,96*12*1
1692,2361.7,7091,0,0,0.95499,0.977495,143,25*6*4,96*12*2
1693,3875.52,9747,1,0,0.721219,0.86061,145,25*6*6,96*12*2
1694,3898.64,9746,1,0,0.716942,0.858471,145,25*6*6,96*12*2
1695,3513.31,9747,1,0,0.795575,0.897787,145,25*6*6,96*12*2
1696,2378.39,7091,0,0,0.948289,0.974144,143,25*6*4,96*12*2
1697,2055.81,4877,0,0,0.679805,0.839903,140,25*6*3,96*12*1
1698,4116.2,9746,0,0,0.679049,0.839524,145,25*6*6,96*12*2
1699,4674.41,9746,1,0,0.597958,0.798979,145,25*6*6,96*12*2
1700,3014.58,8477,0,0,0.837679,0.918839,144,25*6*5,96*12*2
1701,2611.23,7091,0,0,0.863731,0.931865,143,25*6*4,96*12*2
1702,4819.27,9747,1,0,0.579984,0.789992,145,25*6*6,96*12*2
1703,4366.1,9746,1,0,0.640182,0.820091,145,25*6*6,96*12*2
1704,4510.11,9747,1,0,0.619741,0.80987,145,25*6*6,96*12*2
1705,3317.31,9746,1,0,0.84258,0.92129,145,25*6*6,96*12*2
1706,1554.08,3548,0,0,0.725638,0.862819,131,25*6*2,96*12*1
1707,2393.84,7091,0,0,0.942168,0.971084,143,25*6*4,96*12*2
1708,3734.29,9747,1,0,0.748496,0.874248,145,25*6*6,96*12*2
1709,4442.39,9746,1,0,0.629188,0.814594,145,25*6*6,96*12*2
1710,1848.69,3548,0,0,0.61,0.805,131,25*6*2,96*12*1
1711,3520.24,9746,0,0,0.794008,0.897004,145,25*6*6,96*12*2
1712,6800.41,9746,1,0,0.411019,0.70551,145,25*6*6,96*12*2
1713,5594.8,9747,1,0,0.499589,0.749794,145,25*6*6,96*12*2
1714,5400.78,9746,1,0,0.517536,0.758768,145,25*6*6,96*12*2
1715,2006.34,4877,0,0,0.696567,0.848283,138,25*6*3,96*12*1
1716,1131.81,3253,0,0,0.941943,0.970971,128,25*6*2,96*4*2
1717,975.545,2440,0,0,0.808317,0.904159,106,25*3*3,96*6*1
1718,1747.99,3548,0,0,0.645141,0.82257,131,25*6*2,96*12*1
1719,0,0,0,0,0,0,0,1*1*1,1*1*1
1720,0,0,0,0,0,0,0,1*1*1,1*1*1
1721,529.581,1184,1,0,0.902789,0.951395,83,25*2*2,96*4*1
1722,1090.02,2828,0,0,0.975808,0.987904,127,25*2*5,96*4*2
1723,1046.11,2440,0,0,0.753793,0.876896,124,25*3*3,96*6*1
1724,941.979,2440,1,0,0.837121,0.91856,106,25*3*3,96*6*1
1725,977.604,2441,1,0,0.806615,0.903307,107,25*3*3,96*6*1
1726,2358.43,7091,0,0,0.956314,0.978157,143,25*6*4,96*12*2
1727,1051.51,2440,0,0,0.749922,0.874961,124,25*3*3,96*6*1
1728,137.689,61,0,0,0.810885,0.905443,8,5*1*1,24*1*1
1729,462.848,1115,0,0,0.945235,0.972617,67,25*2*2,96*3*1
1730,533.268,1184,1,0,0.896547,0.948274,83,25*2*2,96*4*1
1731,1068.44,2602,0,0,0.90838,0.95419,125,25*3*3,96*4*2
1732,153.007,217,0,0,0.921853,0.960927,9,25*1*1,32*1*1
1733,398.196,813,1,0,0.828863,0.914432,63,25*3*1,96*2*1
1734,497.162,1115,0,0,0.879995,0.939997,73,25*2*2,96*3*1
1735,958.045,2440,1,0,0.823082,0.911541,106,25*3*3,96*6*1
1736,0,0,0,0,0,0,0,1*1*1,1*1*1
1737,0,0,0,0,0,0,0,1*1*1,1*1*1
1738,0,0,0,0,0,0,0,1*1*1,1*1*1
1739,0,0,0,0,0,0,0,1*1*1,1*1*1
1740,334.165,650,0,0,0.836862,0.918431,48,25*3*1,48*2*1
1741,1049.62,2440,0,0,0.751272,0.875636,124,25*3*3,96*6*1
1742,318.693,650,0,0,0.87749,0.938745,42,25*3*1,48*2*1
1743,768.928,1774,0,0,0.798839,0.89942,103,25*6*1,96*6*1
1744,1180.7,3549,1,0,0.955111,0.977556,130,25*6*2,96*12*1
1745,1124.7,3253,1,0,0.947897,0.973949,128,25*6*2,96*4*2
1746,0,0,0,0,0,0,0,1*1*1,1*1*1
1747,1001.89,2440,0,0,0.787062,0.893531,118,25*3*3,96*6*1
1748,2060.01,4878,1,0,0.678419,0.83921,140,25*6*3,96*12*1
1749,1685.63,3548,0,0,0.669008,0.834504,131,25*6*2,96*12*1
1750,2796.95,8477,0,0,0.902858,0.951429,144,25*6*5,96*12*2
1751,15838.1,9746,0,0,0.17648,0.58824,145,25*6*6,96*12*2
1752,20275.8,9746,1,0,0.137854,0.568927,145,25*6*6,96*12*2
1753,15508.9,9747,1,0,0.180226,0.590113,145,25*6*6,96*12*2
1754,16593.7,9746,1,0,0.168443,0.584222,145,25*6*6,96*12*2
1755,19486.7,9747,1,0,0.143436,0.571718,145,25*6*6,96*12*2
1756,12161.4,9746,1,0,0.229834,0.614917,145,25*6*6,96*12*2
1757,15271.9,9746,1,0,0.183022,0.591511,145,25*6*6,96*12*2
1758,25193.5,9747,1,0,0.110945,0.555473,145,25*6*6,96*12*2
1759,19616.1,9746,1,0,0.14249,0.571245,145,25*6*6,96*12*2
1760,15185,9747,1,0,0.18407,0.592035,145,25*6*6,96*12*2
1761,16321.9,9746,1,0,0.171248,0.585624,145,25*6*6,96*12*2
1762,15704.8,9746,1,0,0.177977,0.588989,145,25*6*6,96*12*2
1763,19740.3,9747,1,0,0.141594,0.570797,145,25*6*6,96*12*2
1764,10009.5,9746,1,0,0.279245,0.639622,145,25*6*6,96*12*2
1765,20506.9,9747,1,0,0.1363,0.56815,145,25*6*6,96*12*2
1766,25139.9,9746,1,0,0.111182,0.555591,145,25*6*6,96*12*2
1767,15834.1,9747,1,0,0.176524,0.588262,145,25*6*6,96*12*2
1768,12361.5,9746,1,0,0.226113,0.613057,145,25*6*6,96*12*2
1769,16285.1,9746,1,0,0.171635,0.585818,145,25*6*6,96*12*2
1770,25436.6,9747,1,0,0.109885,0.554942,145,25*6*6,96*12*2
1771,19915.9,9746,1,0,0.140345,0.570173,145,25*6*6,96*12*2
1772,24709.5,9747,1,0,0.113118,0.556559,145,25*6*6,96*12*2
1773,13508.4,9746,1,0,0.206916,0.603458,145,25*6*6,96*12*2
1774,13114.9,9747,1,0,0.213124,0.606562,145,25*6*6,96*12*2
1775,13001.4,9746,1,0,0.214985,0.607492,145,25*6*6,96*12*2
1776,15278.2,9746,1,0,0.182947,0.591473,145,25*6*6,96*12*2
1777,12030.9,9747,1,0,0.232327,0.616163,145,25*6*6,96*12*2
1778,13240.2,9746,1,0,0.211107,0.605554,145,25*6*6,96*12*2
1779,16112.6,9747,1,0,0.173473,0.586736,145,25*6*6,96*12*2
1780,12868.8,9746,1,0,0.2172,0.6086,145,25*6*6,96*12*2
1781,9997.93,9747,1,0,0.279568,0.639784,145,25*6*6,96*12*2
1782,13547.2,9746,1,0,0.206323,0.603162,145,25*6*6,96*12*2
1783,15422.9,9746,1,0,0.181231,0.590615,145,25*6*6,96*12*2
1784,15684.7,9747,1,0,0.178206,0.589103,145,25*6*6,96*12*2
1785,4670.52,9746,1,0,0.598456,0.799228,145,25*6*6,96*12*2
1786,15525.1,9747,1,0,0.180037,0.590019,145,25*6*6,96*12*2
1787,4052.45,9746,1,0,0.689731,0.844865,145,25*6*6,96*12*2
1788,597.703,1627,0,0,0.891831,0.945915,90,25*6*1,96*4*1
1789,345.714,751,1,0,0.926344,0.963172,53,25*3*1,48*3*1
1790,140.798,61,0,0,0.79298,0.89649,8,5*1*1,24*1*1
1791,128.156,57,1,0,0.805659,0.902829,7,5*1*1,16*1*1
1792,0,0,0,0,0,0,0,1*1*1,1*1*1
1793,293.243,500,0,0,0.815194,0.907597,39,25*2*1,48*2*1
1794,1587.39,3548,0,0,0.710411,0.855206,131,25*6*2,96*12*1
1795,1304.62,3549,1,0,0.86439,0.932195,130,25*6*2,96*12*1
1796,9835.32,9746,0,0,0.28419,0.642095,145,25*6*6,96*12*2
1797,1655.42,3548,0,0,0.681217,0.840608,131,25*6*2,96*12*1
1798,20195.9,9746,0,0,0.138399,0.5692,145,25*6*6,96*12*2
1799,20402.4,9746,1,0,0.136999,0.568499,145,25*6*6,96*12*2
1800,13189.4,9747,1,0,0.21192,0.60596,145,25*6*6,96*12*2
