1,1585,4242,0,0,0.838013,0.919006,187,25*3*5,96*12*1
2,7943,14604,0,0,0.527842,0.763921,218,25*6*9,96*12*3
3,15849,14605,1,0,0.264537,0.632269,218,25*6*9,96*12*3
4,15849,14605,1,0,0.264537,0.632269,218,25*6*9,96*12*3
5,19953,14605,1,0,0.210126,0.605063,218,25*6*9,96*12*3
6,12589,14605,1,0,0.333041,0.66652,218,25*6*9,96*12*3
7,1585,4242,0,0,0.838013,0.919006,187,25*3*5,96*12*1
8,40,0,0,0,0,0,0,1*1*1,1*1*1
9,79,0,0,0,0,0,0,1*1*1,1*1*1
10,20,0,0,0,0,0,0,1*1*1,1*1*1
11,1585,4242,1,0,0.838013,0.919006,187,25*3*5,96*12*1
12,316,650,0,0,0.884968,0.942484,48,25*3*1,48*2*1
13,20,0,0,0,0,0,0,1*1*1,1*1*1
14,200,251,1,0,0.78925,0.894625,24,25*1*1,48*1*1
15,126,57,0,0,0.819444,0.909722,7,5*1*1,16*1*1
16,50,0,0,0,0,0,0,1*1*1,1*1*1
17,1000,2440,0,0,0.78855,0.894275,155,25*3*3,96*6*1
18,1585,4242,0,0,0.838013,0.919006,187,25*3*5,96*12*1
19,1000,2440,0,0,0.78855,0.894275,155,25*3*3,96*6*1
20,200,250,0,0,0.78925,0.894625,24,25*1*1,48*1*1
21,16,0,0,0,0,0,0,1*1*1,1*1*1
22,316,651,1,0,0.884968,0.942484,48,25*3*1,48*2*1
23,50,0,0,0,0,0,0,1*1*1,1*1*1
24,200,251,1,0,0.78925,0.894625,24,25*1*1,48*1*1
25,50,0,0,0,0,0,0,1*1*1,1*1*1
26,32,0,0,0,0,0,0,1*1*1,1*1*1
27,63,0,0,0,0,0,0,1*1*1,1*1*1
28,50,0,0,0,0,0,0,1*1*1,1*1*1
29,40,0,0,0,0,0,0,1*1*1,1*1*1
30,40,0,0,0,0,0,0,1*1*1,1*1*1
31,40,0,0,0,0,0,0,1*1*1,1*1*1
32,50,0,0,0,0,0,0,1*1*1,1*1*1
33,50,0,0,0,0,0,0,1*1*1,1*1*1
34,50,0,0,0,0,0,0,1*1*1,1*1*1
35,40,0,0,0,0,0,0,1*1*1,1*1*1
36,63,0,0,0,0,0,0,1*1*1,1*1*1
37,50,0,0,0,0,0,0,1*1*1,1*1*1
38,40,0,0,0,0,0,0,1*1*1,1*1*1
39,50,0,0,0,0,0,0,1*1*1,1*1*1
40,40,0,0,0,0,0,0,1*1*1,1*1*1
41,63,0,0,0,0,0,0,1*1*1,1*1*1
42,50,0,0,0,0,0,0,1*1*1,1*1*1
43,50,0,0,0,0,0,0,1*1*1,1*1*1
44,63,0,0,0,0,0,0,1*1*1,1*1*1
45,79,0,0,0,0,0,0,1*1*1,1*1*1
46,100,47,0,0,0.9485,0.97425,5,5*1*1,8*1*1
47,100,47,1,0,0.9485,0.97425,5,5*1*1,8*1*1
48,79,0,0,0,0,0,0,1*1*1,1*1*1
49,126,57,0,0,0.819444,0.909722,7,5*1*1,16*1*1
50,79,0,0,0,0,0,0,1*1*1,1*1*1
51,79,0,0,0,0,0,0,1*1*1,1*1*1
52,79,0,0,0,0,0,0,1*1*1,1*1*1
53,40,0,0,0,0,0,0,1*1*1,1*1*1
54,40,0,0,0,0,0,0,1*1*1,1*1*1
55,63,0,0,0,0,0,0,1*1*1,1*1*1
56,79,0,0,0,0,0,0,1*1*1,1*1*1
57,158,217,0,0,0.892722,0.946361,9,25*1*1,32*1*1
58,316,650,1,0,0.884968,0.942484,48,25*3*1,48*2*1
59,1000,2440,0,0,0.78855,0.894275,155,25*3*3,96*6*1
60,3162,8477,0,0,0.798624,0.899312,213,25*6*5,96*12*2
61,5012,14604,0,0,0.836522,0.918261,218,25*6*9,96*12*3
62,15849,14605,1,0,0.264537,0.632269,218,25*6*9,96*12*3
63,6310,14605,1,0,0.664445,0.832223,218,25*6*9,96*12*3
64,15849,14605,1,0,0.264537,0.632269,218,25*6*9,96*12*3
65,794,1774,0,0,0.773615,0.886807,132,25*6*1,96*6*1
66,10000,14604,0,0,0.419265,0.709632,218,25*6*9,96*12*3
67,7943,14605,1,0,0.527842,0.763921,218,25*6*9,96*12*3
68,1585,4242,0,0,0.838013,0.919006,187,25*3*5,96*12*1
69,15849,14604,0,0,0.264537,0.632269,218,25*6*9,96*12*3
70,2512,7091,0,0,0.89785,0.948925,203,25*6*4,96*12*2
71,19953,14604,0,0,0.210126,0.605063,218,25*6*9,96*12*3
72,12589,14605,1,0,0.333041,0.66652,218,25*6*9,96*12*3
73,3162,8477,0,0,0.798624,0.899312,213,25*6*5,96*12*2
74,3162,8477,1,0,0.798624,0.899312,213,25*6*5,96*12*2
75,3981,12033,0,0,0.917596,0.958798,216,25*6*7,96*12*3
76,2512,7091,0,0,0.89785,0.948925,203,25*6*4,96*12*2
77,3162,8478,1,0,0.798624,0.899312,213,25*6*5,96*12*2
78,1259,3548,0,0,0.895711,0.947855,175,25*6*2,96*12*1
79,1000,2440,0,0,0.78855,0.894275,155,25*3*3,96*6*1
80,1585,4242,0,0,0.838013,0.919006,187,25*3*5,96*12*1
81,2512,7091,0,0,0.89785,0.948925,203,25*6*4,96*12*2
82,3162,8478,1,0,0.798624,0.899312,213,25*6*5,96*12*2
83,3981,12033,0,0,0.917596,0.958798,216,25*6*7,96*12*3
84,12589,14605,1,0,0.333041,0.66652,218,25*6*9,96*12*3
85,1000,2440,0,0,0.78855,0.894275,155,25*3*3,96*6*1
86,1995,4878,1,0,0.700526,0.850263,196,25*6*3,96*12*1
87,2512,7091,0,0,0.89785,0.948925,203,25*6*4,96*12*2
88,6310,14604,0,0,0.664445,0.832223,218,25*6*9,96*12*3
89,2512,7091,0,0,0.89785,0.948925,203,25*6*4,96*12*2
90,1000,2440,0,0,0.78855,0.894275,155,25*3*3,96*6*1
91,316,650,0,0,0.884968,0.942484,48,25*3*1,48*2*1
92,1000,2440,0,0,0.78855,0.894275,155,25*3*3,96*6*1
93,398,813,0,0,0.829271,0.914636,72,25*3*1,96*2*1
94,1000,2440,0,0,0.78855,0.894275,155,25*3*3,96*6*1
95,1259,3548,0,0,0.895711,0.947855,175,25*6*2,96*12*1
96,631,1627,0,0,0.84477,0.922385,110,25*6*1,96*4*1
97,501,1115,0,0,0.873253,0.936627,87,25*2*2,96*3*1
98,2512,7091,0,0,0.89785,0.948925,203,25*6*4,96*12*2
99,1995,4877,0,0,0.700526,0.850263,196,25*6*3,96*12*1
100,1995,4878,1,0,0.700526,0.850263,196,25*6*3,96*12*1
101,1995,4878,1,0,0.700526,0.850263,196,25*6*3,96*12*1
102,3162,8477,0,0,0.798624,0.899312,213,25*6*5,96*12*2
103,3162,8477,1,0,0.798624,0.899312,213,25*6*5,96*12*2
104,2512,7091,0,0,0.89785,0.948925,203,25*6*4,96*12*2
105,15849,14604,0,0,0.264537,0.632269,218,25*6*9,96*12*3
106,15849,14605,1,0,0.264537,0.632269,218,25*6*9,96*12*3
107,19953,14605,1,0,0.210126,0.605063,218,25*6*9,96*12*3
108,5012,14605,1,0,0.836522,0.918261,218,25*6*9,96*12*3
109,5012,14605,1,0,0.836522,0.918261,218,25*6*9,96*12*3
110,15849,14605,1,0,0.264537,0.632269,218,25*6*9,96*12*3
111,6310,14605,1,0,0.664445,0.832223,218,25*6*9,96*12*3
112,6310,14605,1,0,0.664445,0.832223,218,25*6*9,96*12*3
113,6310,14605,1,0,0.664445,0.832223,218,25*6*9,96*12*3
114,15849,14605,1,0,0.264537,0.632269,218,25*6*9,96*12*3
115,15849,14605,1,0,0.264537,0.632269,218,25*6*9,96*12*3
116,10000,14605,1,0,0.419265,0.709632,218,25*6*9,96*12*3
117,7943,14605,1,0,0.527842,0.763921,218,25*6*9,96*12*3
118,15849,14605,1,0,0.264537,0.632269,218,25*6*9,96*12*3
119,7943,14605,1,0,0.527842,0.763921,218,25*6*9,96*12*3
120,12589,14605,1,0,0.333041,0.66652,218,25*6*9,96*12*3
121,7943,14605,1,0,0.527842,0.763921,218,25*6*9,96*12*3
122,7943,14605,1,0,0.527842,0.763921,218,25*6*9,96*12*3
123,7943,14605,1,0,0.527842,0.763921,218,25*6*9,96*12*3
124,7943,14605,1,0,0.527842,0.763921,218,25*6*9,96*12*3
125,7943,14605,1,0,0.527842,0.763921,218,25*6*9,96*12*3
126,10000,14605,1,0,0.419265,0.709632,218,25*6*9,96*12*3
127,6310,14605,1,0,0.664445,0.832223,218,25*6*9,96*12*3
128,7943,14605,1,0,0.527842,0.763921,218,25*6*9,96*12*3
129,6310,14605,1,0,0.664445,0.832223,218,25*6*9,96*12*3
130,5012,14605,1,0,0.836522,0.918261,218,25*6*9,96*12*3
131,1995,4877,0,0,0.700526,0.850263,196,25*6*3,96*12*1
132,1585,4243,1,0,0.838013,0.919006,187,25*3*5,96*12*1
133,1995,4877,0,0,0.700526,0.850263,196,25*6*3,96*12*1
134,2512,7091,0,0,0.89785,0.948925,203,25*6*4,96*12*2
135,5012,14604,0,0,0.836522,0.918261,218,25*6*9,96*12*3
136,5012,14605,1,0,0.836522,0.918261,218,25*6*9,96*12*3
137,19953,14605,1,0,0.210126,0.605063,218,25*6*9,96*12*3
138,3162,8477,0,0,0.798624,0.899312,213,25*6*5,96*12*2
139,6310,14604,0,0,0.664445,0.832223,218,25*6*9,96*12*3
140,19953,14605,1,0,0.210126,0.605063,218,25*6*9,96*12*3
141,12589,14605,1,0,0.333041,0.66652,218,25*6*9,96*12*3
142,12589,14605,1,0,0.333041,0.66652,218,25*6*9,96*12*3
143,6310,14605,1,0,0.664445,0.832223,218,25*6*9,96*12*3
144,12589,14605,1,0,0.333041,0.66652,218,25*6*9,96*12*3
145,12589,14605,1,0,0.333041,0.66652,218,25*6*9,96*12*3
146,7943,14605,1,0,0.527842,0.763921,218,25*6*9,96*12*3
147,1995,4877,0,0,0.700526,0.850263,196,25*6*3,96*12*1
148,501,1116,1,0,0.873253,0.936627,87,25*2*2,96*3*1
149,251,433,0,0,0.885458,0.942729,32,25*2*1,32*2*1
150,13,0,0,0,0,0,0,1*1*1,1*1*1
151,126,57,0,0,0.819444,0.909722,7,5*1*1,16*1*1
152,126,57,1,0,0.819444,0.909722,7,5*1*1,16*1*1
153,158,217,0,0,0.892722,0.946361,9,25*1*1,32*1*1
154,251,434,1,0,0.885458,0.942729,32,25*2*1,32*2*1
155,398,813,1,0,0.829271,0.914636,72,25*3*1,96*2*1
156,200,250,0,0,0.78925,0.894625,24,25*1*1,48*1*1
157,251,434,1,0,0.885458,0.942729,32,25*2*1,32*2*1
158,1000,2440,0,0,0.78855,0.894275,155,25*3*3,96*6*1
159,1585,4242,0,0,0.838013,0.919006,187,25*3*5,96*12*1
160,1995,4877,0,0,0.700526,0.850263,196,25*6*3,96*12*1
161,3981,12033,0,0,0.917596,0.958798,216,25*6*7,96*12*3
162,5012,14605,1,0,0.836522,0.918261,218,25*6*9,96*12*3
163,6310,14605,1,0,0.664445,0.832223,218,25*6*9,96*12*3
164,3981,12033,0,0,0.917596,0.958798,216,25*6*7,96*12*3
165,1585,4242,0,0,0.838013,0.919006,187,25*3*5,96*12*1
166,1995,4877,0,0,0.700526,0.850263,196,25*6*3,96*12*1
167,631,1628,1,0,0.84477,0.922385,110,25*6*1,96*4*1
168,1585,4242,0,0,0.838013,0.919006,187,25*3*5,96*12*1
169,100,47,0,0,0.9485,0.97425,5,5*1*1,8*1*1
170,63,0,0,0,0,0,0,1*1*1,1*1*1
171,794,1774,0,0,0.773615,0.886807,132,25*6*1,96*6*1
172,32,0,0,0,0,0,0,1*1*1,1*1*1
173,32,0,0,0,0,0,0,1*1*1,1*1*1
174,200,250,0,0,0.78925,0.894625,24,25*1*1,48*1*1
175,40,0,0,0,0,0,0,1*1*1,1*1*1
176,158,217,1,0,0.892722,0.946361,9,25*1*1,32*1*1
177,158,217,1,0,0.892722,0.946361,9,25*1*1,32*1*1
178,316,650,0,0,0.884968,0.942484,48,25*3*1,48*2*1
179,316,651,1,0,0.884968,0.942484,48,25*3*1,48*2*1
180,251,433,0,0,0.885458,0.942729,32,25*2*1,32*2*1
181,100,47,0,0,0.9485,0.97425,5,5*1*1,8*1*1
182,251,433,0,0,0.885458,0.942729,32,25*2*1,32*2*1
183,794,1774,0,0,0.773615,0.886807,132,25*6*1,96*6*1
184,3162,8477,0,0,0.798624,0.899312,213,25*6*5,96*12*2
185,5012,14604,0,0,0.836522,0.918261,218,25*6*9,96*12*3
186,5012,14605,1,0,0.836522,0.918261,218,25*6*9,96*12*3
187,1259,3548,0,0,0.895711,0.947855,175,25*6*2,96*12*1
188,15849,14604,0,0,0.264537,0.632269,218,25*6*9,96*12*3
189,1995,4877,0,0,0.700526,0.850263,196,25*6*3,96*12*1
190,19953,14604,0,0,0.210126,0.605063,218,25*6*9,96*12*3
191,2512,7091,0,0,0.89785,0.948925,203,25*6*4,96*12*2
192,2512,7092,1,0,0.89785,0.948925,203,25*6*4,96*12*2
193,3162,8478,1,0,0.798624,0.899312,213,25*6*5,96*12*2
194,3981,12033,0,0,0.917596,0.958798,216,25*6*7,96*12*3
195,3162,8477,0,0,0.798624,0.899312,213,25*6*5,96*12*2
196,3162,8477,1,0,0.798624,0.899312,213,25*6*5,96*12*2
197,1995,4877,0,0,0.700526,0.850263,196,25*6*3,96*12*1
198,3981,12033,0,0,0.917596,0.958798,216,25*6*7,96*12*3
199,3981,12034,1,0,0.917596,0.958798,216,25*6*7,96*12*3
200,3162,8477,0,0,0.798624,0.899312,213,25*6*5,96*12*2
201,2512,7091,0,0,0.89785,0.948925,203,25*6*4,96*12*2
202,5012,14604,0,0,0.836522,0.918261,218,25*6*9,96*12*3
203,3981,12034,1,0,0.917596,0.958798,216,25*6*7,96*12*3
204,3981,12034,1,0,0.917596,0.958798,216,25*6*7,96*12*3
205,2512,7091,0,0,0.89785,0.948925,203,25*6*4,96*12*2
206,1995,4877,0,0,0.700526,0.850263,196,25*6*3,96*12*1
207,3162,8477,0,0,0.798624,0.899312,213,25*6*5,96*12*2
208,3981,12033,0,0,0.917596,0.958798,216,25*6*7,96*12*3
209,3981,12034,1,0,0.917596,0.958798,216,25*6*7,96*12*3
210,2512,7091,0,0,0.89785,0.948925,203,25*6*4,96*12*2
211,3981,12033,0,0,0.917596,0.958798,216,25*6*7,96*12*3
212,6310,14605,1,0,0.664445,0.832223,218,25*6*9,96*12*3
213,5012,14605,1,0,0.836522,0.918261,218,25*6*9,96*12*3
214,5012,14605,1,0,0.836522,0.918261,218,25*6*9,96*12*3
215,2512,7091,0,0,0.89785,0.948925,203,25*6*4,96*12*2
216,1585,4242,0,0,0.838013,0.919006,187,25*3*5,96*12*1
217,316,650,0,0,0.884968,0.942484,48,25*3*1,48*2*1
218,1995,4877,0,0,0.700526,0.850263,196,25*6*3,96*12*1
219,158,217,0,0,0.892722,0.946361,9,25*1*1,32*1*1
220,50,0,0,0,0,0,0,1*1*1,1*1*1
221,40,0,0,0,0,0,0,1*1*1,1*1*1
222,158,217,1,0,0.892722,0.946361,9,25*1*1,32*1*1
223,631,1627,1,0,0.84477,0.922385,110,25*6*1,96*4*1
224,1259,3548,0,0,0.895711,0.947855,175,25*6*2,96*12*1
225,631,1627,0,0,0.84477,0.922385,110,25*6*1,96*4*1
226,1995,4877,0,0,0.700526,0.850263,196,25*6*3,96*12*1
227,1259,3549,1,0,0.895711,0.947855,175,25*6*2,96*12*1
228,1000,2440,0,0,0.78855,0.894275,155,25*3*3,96*6*1
229,200,250,0,0,0.78925,0.894625,24,25*1*1,48*1*1
230,398,814,1,0,0.829271,0.914636,72,25*3*1,96*2*1
231,794,1775,1,0,0.773615,0.886807,132,25*6*1,96*6*1
232,126,57,0,0,0.819444,0.909722,7,5*1*1,16*1*1
233,501,1115,0,0,0.873253,0.936627,87,25*2*2,96*3*1
234,63,0,0,0,0,0,0,1*1*1,1*1*1
235,316,650,0,0,0.884968,0.942484,48,25*3*1,48*2*1
236,32,0,0,0,0,0,0,1*1*1,1*1*1
237,25,0,0,0,0,0,0,1*1*1,1*1*1
238,32,0,0,0,0,0,0,1*1*1,1*1*1
239,40,0,0,0,0,0,0,1*1*1,1*1*1
240,50,0,0,0,0,0,0,1*1*1,1*1*1
241,40,0,0,0,0,0,0,1*1*1,1*1*1
242,79,0,0,0,0,0,0,1*1*1,1*1*1
243,100,47,0,0,0.9485,0.97425,5,5*1*1,8*1*1
244,1000,2440,0,0,0.78855,0.894275,155,25*3*3,96*6*1
245,501,1115,0,0,0.873253,0.936627,87,25*2*2,96*3*1
246,158,217,0,0,0.892722,0.946361,9,25*1*1,32*1*1
247,1000,2440,0,0,0.78855,0.894275,155,25*3*3,96*6*1
248,2512,7091,0,0,0.89785,0.948925,203,25*6*4,96*12*2
249,1585,4242,0,0,0.838013,0.919006,187,25*3*5,96*12*1
250,3162,8477,1,0,0.798624,0.899312,213,25*6*5,96*12*2
251,15849,14604,0,0,0.264537,0.632269,218,25*6*9,96*12*3
252,19953,14605,1,0,0.210126,0.605063,218,25*6*9,96*12*3
253,15849,14605,1,0,0.264537,0.632269,218,25*6*9,96*12*3
254,15849,14605,1,0,0.264537,0.632269,218,25*6*9,96*12*3
255,19953,14605,1,0,0.210126,0.605063,218,25*6*9,96*12*3
256,12589,14605,1,0,0.333041,0.66652,218,25*6*9,96*12*3
257,15849,14605,1,0,0.264537,0.632269,218,25*6*9,96*12*3
258,25119,14605,1,0,0.166912,0.583456,218,25*6*9,96*12*3
259,19953,14605,1,0,0.210126,0.605063,218,25*6*9,96*12*3
260,15849,14605,1,0,0.264537,0.632269,218,25*6*9,96*12*3
261,15849,14605,1,0,0.264537,0.632269,218,25*6*9,96*12*3
262,15849,14605,1,0,0.264537,0.632269,218,25*6*9,96*12*3
263,19953,14605,1,0,0.210126,0.605063,218,25*6*9,96*12*3
264,10000,14605,1,0,0.419265,0.709632,218,25*6*9,96*12*3
265,19953,14605,1,0,0.210126,0.605063,218,25*6*9,96*12*3
266,25119,14605,1,0,0.166912,0.583456,218,25*6*9,96*12*3
267,15849,14605,1,0,0.264537,0.632269,218,25*6*9,96*12*3
268,12589,14605,1,0,0.333041,0.66652,218,25*6*9,96*12*3
269,15849,14605,1,0,0.264537,0.632269,218,25*6*9,96*12*3
270,25119,14605,1,0,0.166912,0.583456,218,25*6*9,96*12*3
271,19953,14605,1,0,0.210126,0.605063,218,25*6*9,96*12*3
272,25119,14605,1,0,0.166912,0.583456,218,25*6*9,96*12*3
273,12589,14605,1,0,0.333041,0.66652,218,25*6*9,96*12*3
274,12589,14605,1,0,0.333041,0.66652,218,25*6*9,96*12*3
275,12589,14605,1,0,0.333041,0.66652,218,25*6*9,96*12*3
276,15849,14605,1,0,0.264537,0.632269,218,25*6*9,96*12*3
277,12589,14605,1,0,0.333041,0.66652,218,25*6*9,96*12*3
278,12589,14605,1,0,0.333041,0.66652,218,25*6*9,96*12*3
279,15849,14605,1,0,0.264537,0.632269,218,25*6*9,96*12*3
280,12589,14605,1,0,0.333041,0.66652,218,25*6*9,96*12*3
281,10000,14605,1,0,0.419265,0.709632,218,25*6*9,96*12*3
282,12589,14605,1,0,0.333041,0.66652,218,25*6*9,96*12*3
283,15849,14605,1,0,0.264537,0.632269,218,25*6*9,96*12*3
284,15849,14605,1,0,0.264537,0.632269,218,25*6*9,96*12*3
285,5012,14605,1,0,0.836522,0.918261,218,25*6*9,96*12*3
286,15849,14605,1,0,0.264537,0.632269,218,25*6*9,96*12*3
287,3981,12034,1,0,0.917596,0.958798,216,25*6*7,96*12*3
288,100,47,0,0,0.9485,0.97425,5,5*1*1,8*1*1
289,100,47,1,0,0.9485,0.97425,5,5*1*1,8*1*1
290,251,433,0,0,0.885458,0.942729,32,25*2*1,32*2*1
291,251,434,1,0,0.885458,0.942729,32,25*2*1,32*2*1
292,200,250,0,0,0.78925,0.894625,24,25*1*1,48*1*1
293,316,651,1,0,0.884968,0.942484,48,25*3*1,48*2*1
294,1995,4877,0,0,0.700526,0.850263,196,25*6*3,96*12*1
295,794,1775,1,0,0.773615,0.886807,132,25*6*1,96*6*1
296,10000,14604,0,0,0.419265,0.709632,218,25*6*9,96*12*3
297,1585,4242,0,0,0.838013,0.919006,187,25*3*5,96*12*1
298,19953,14604,0,0,0.210126,0.605063,218,25*6*9,96*12*3
299,19953,14605,1,0,0.210126,0.605063,218,25*6*9,96*12*3
300,12589,14605,1,0,0.333041,0.66652,218,25*6*9,96*12*3
301,2044.85,4877,0,0,0.683449,0.841724,198,25*6*3,96*12*1
302,7447.83,14604,0,0,0.562936,0.781468,218,25*6*9,96*12*3
303,16229.5,14605,1,0,0.258335,0.629168,218,25*6*9,96*12*3
304,16031,14605,1,0,0.261534,0.630767,218,25*6*9,96*12*3
305,19606.3,14605,1,0,0.213842,0.606921,218,25*6*9,96*12*3
306,11840.3,14605,1,0,0.3541,0.67705,218,25*6*9,96*12*3
307,1585.21,4242,0,0,0.837902,0.918951,187,25*3*5,96*12*1
308,812.947,1774,0,0,0.755584,0.877792,133,25*6*1,96*6*1
309,406.541,814,1,0,0.811849,0.905925,72,25*3*1,96*2*1
310,0,0,0,0,0,0,0,1*1*1,1*1*1
311,1090.61,2828,0,0,0.97528,0.98764,169,25*2*5,96*4*2
312,0,0,0,0,0,0,0,1*1*1,1*1*1
313,23.8508,0,0,0,0,0,0,1*1*1,1*1*1
314,0,0,0,0,0,0,0,1*1*1,1*1*1
315,100.082,47,0,0,0.947723,0.973861,5,5*1*1,8*1*1
316,0,0,0,0,0,0,0,1*1*1,1*1*1
317,963.866,2440,0,0,0.818112,0.909056,139,25*3*3,96*6*1
318,972.651,2440,1,0,0.810722,0.905361,139,25*3*3,96*6*1
319,1043.4,2441,1,0,0.75575,0.877875,164,25*3*3,96*6*1
320,110.425,53,0,0,0.896989,0.948494,6,5*1*1,12*1*1
321,108.095,53,1,0,0.916324,0.958162,6,5*1*1,12*1*1
322,653.238,1627,0,0,0.816012,0.908006,111,25*6*1,96*4*1
323,0,0,0,0,0,0,0,1*1*1,1*1*1
324,735.417,1775,1,0,0.83524,0.91762,123,25*6*1,96*6*1
325,0,0,0,0,0,0,0,1*1*1,1*1*1
326,463.023,1115,0,0,0.944877,0.972439,77,25*2*2,96*3*1
327,184.966,250,0,0,0.8534,0.9267,20,25*1*1,48*1*1
328,0,0,0,0,0,0,0,1*1*1,1*1*1
329,0,0,0,0,0,0,0,1*1*1,1*1*1
330,188.049,251,1,0,0.839409,0.919704,22,25*1*1,48*1*1
331,347.586,751,1,0,0.921355,0.960677,61,25*3*1,48*3*1
332,0,0,0,0,0,0,0,1*1*1,1*1*1
333,232.819,434,1,0,0.954604,0.977302,28,25*2*1,32*2*1
334,0,0,0,0,0,0,0,1*1*1,1*1*1
335,0,0,0,0,0,0,0,1*1*1,1*1*1
336,373.985,813,0,0,0.882522,0.941261,67,25*3*1,96*2*1
337,0,0,0,0,0,0,0,1*1*1,1*1*1
338,0,0,0,0,0,0,0,1*1*1,1*1*1
339,0,0,0,0,0,0,0,1*1*1,1*1*1
340,246.768,434,1,0,0.900644,0.950322,29,25*2*1,32*2*1
341,70.5241,0,0,0,0,0,0,1*1*1,1*1*1
342,104.083,47,0,0,0.911292,0.955646,5,5*1*1,8*1*1
343,65.7229,0,0,0,0,0,0,1*1*1,1*1*1
344,0,0,0,0,0,0,0,1*1*1,1*1*1
345,24.8078,0,0,0,0,0,0,1*1*1,1*1*1
346,38.2118,0,0,0,0,0,0,1*1*1,1*1*1
347,0,0,0,0,0,0,0,1*1*1,1*1*1
348,0,0,0,0,0,0,0,1*1*1,1*1*1
349,0,0,0,0,0,0,0,1*1*1,1*1*1
350,1233.26,3548,0,0,0.914406,0.957203,175,25*6*2,96*12*1
351,1162.73,3253,1,0,0.916894,0.958447,172,25*6*2,96*4*2
352,175.803,217,0,0,0.802319,0.901159,17,25*1*1,32*1*1
353,0,0,0,0,0,0,0,1*1*1,1*1*1
354,0,0,0,0,0,0,0,1*1*1,1*1*1
355,745.338,1774,1,0,0.824123,0.912061,125,25*6*1,96*6*1
356,0,0,0,0,0,0,0,1*1*1,1*1*1
357,0,0,0,0,0,0,0,1*1*1,1*1*1
358,733.242,1775,1,0,0.837718,0.918859,123,25*6*1,96*6*1
359,813.3,1775,1,0,0.755256,0.877628,133,25*6*1,96*6*1
360,2942.07,8477,0,0,0.858324,0.929162,205,25*6*5,96*12*2
361,5289.4,14604,0,0,0.792651,0.896326,218,25*6*9,96*12*3
362,15882.5,14605,1,0,0.263979,0.63199,218,25*6*9,96*12*3
363,6489.78,14605,1,0,0.646039,0.823019,218,25*6*9,96*12*3
364,15244.4,14605,1,0,0.275029,0.637514,218,25*6*9,96*12*3
365,520.352,1115,0,0,0.840777,0.920389,93,25*2*2,96*3*1
366,9757.18,14604,0,0,0.429699,0.714849,218,25*6*9,96*12*3
367,7782.69,14605,1,0,0.538715,0.769357,218,25*6*9,96*12*3
368,2152.78,6024,0,0,0.961338,0.980669,202,25*3*7,96*6*3
369,15285.5,14604,0,0,0.274289,0.637145,218,25*6*9,96*12*3
370,2298.73,6025,1,0,0.900301,0.950151,202,25*3*7,96*6*3
371,19898.9,14604,0,0,0.210698,0.605349,218,25*6*9,96*12*3
372,13455.6,14605,1,0,0.311591,0.655796,218,25*6*9,96*12*3
373,3773.72,10630,0,0,0.896489,0.948245,215,25*6*6,96*12*3
374,3567.45,10630,1,0,0.948324,0.974162,215,25*6*6,96*12*3
375,3569.43,10631,1,0,0.947798,0.973899,215,25*6*6,96*12*3
376,2094.36,6024,0,0,0.988154,0.994077,201,25*3*7,96*6*3
377,3244.73,8477,0,0,0.778262,0.889131,214,25*6*5,96*12*2
378,970.046,2440,0,0,0.8129,0.90645,139,25*3*3,96*6*1
379,606.424,1627,0,0,0.879005,0.939503,109,25*6*1,96*4*1
380,1644.75,4242,0,0,0.80757,0.903785,188,25*3*5,96*12*1
381,3080.19,8477,1,0,0.819836,0.909918,212,25*6*5,96*12*2
382,2843.89,7091,0,0,0.793069,0.896534,203,25*6*4,96*12*2
383,3857.48,12033,0,0,0.946978,0.973489,216,25*6*7,96*12*3
384,14006.3,14605,1,0,0.29934,0.64967,218,25*6*9,96*12*3
385,763.655,1774,0,0,0.804355,0.902178,128,25*6*1,96*6*1
386,2161.55,6024,0,0,0.957438,0.978719,202,25*3*7,96*6*3
387,1655.09,4242,0,0,0.802524,0.901262,188,25*3*5,96*12*1
388,5958.59,14604,0,0,0.703631,0.851816,218,25*6*9,96*12*3
389,2606.48,7091,0,0,0.865305,0.932652,203,25*6*4,96*12*2
390,848.815,1774,0,0,0.723656,0.861828,135,25*6*1,96*6*1
391,0,0,0,0,0,0,0,1*1*1,1*1*1
392,657.127,1627,1,0,0.811183,0.905591,112,25*6*1,96*4*1
393,617.724,1628,1,0,0.862926,0.931463,109,25*6*1,96*4*1
394,1445.57,3548,0,0,0.780108,0.890054,178,25*6*2,96*12*1
395,1794.68,4877,0,0,0.778718,0.889359,190,25*6*3,96*12*1
396,579.103,1628,1,0,0.920475,0.960238,106,25*6*1,96*4*1
397,331.65,651,1,0,0.843208,0.921604,53,25*3*1,48*2*1
398,2779.05,7091,0,0,0.811572,0.905786,203,25*6*4,96*12*2
399,2819.65,7092,1,0,0.799887,0.899943,203,25*6*4,96*12*2
400,1231.87,3548,0,0,0.915438,0.957719,175,25*6*2,96*12*1
401,1126.27,3253,1,0,0.946576,0.973288,172,25*6*2,96*4*2
402,3151.52,8478,1,0,0.80128,0.90064,213,25*6*5,96*12*2
403,3593.87,10630,0,0,0.941353,0.970676,215,25*6*6,96*12*3
404,3199.29,8477,0,0,0.789316,0.894658,213,25*6*5,96*12*2
405,16034.8,14604,0,0,0.261472,0.630736,218,25*6*9,96*12*3
406,15651.2,14605,1,0,0.26788,0.63394,218,25*6*9,96*12*3
407,20882.6,14605,1,0,0.200772,0.600386,218,25*6*9,96*12*3
408,4874.17,14605,1,0,0.860177,0.930089,218,25*6*9,96*12*3
409,4816.72,13356,0,0,0.814413,0.907207,217,25*6*8,96*12*3
410,15871.8,14604,0,0,0.264157,0.632079,218,25*6*9,96*12*3
411,6490.76,14605,1,0,0.645941,0.822971,218,25*6*9,96*12*3
412,6071.56,14605,1,0,0.690539,0.84527,218,25*6*9,96*12*3
413,6969.86,14605,1,0,0.60154,0.80077,218,25*6*9,96*12*3
414,14799.6,14605,1,0,0.283295,0.641647,218,25*6*9,96*12*3
415,15587.7,14605,1,0,0.268972,0.634486,218,25*6*9,96*12*3
416,11302.9,14605,1,0,0.370936,0.685468,218,25*6*9,96*12*3
417,8356.07,14605,1,0,0.501749,0.750875,218,25*6*9,96*12*3
418,14989.2,14605,1,0,0.279711,0.639856,218,25*6*9,96*12*3
419,7215.16,14605,1,0,0.581089,0.790544,218,25*6*9,96*12*3
420,12681.5,14605,1,0,0.330612,0.665306,218,25*6*9,96*12*3
421,7904.85,14605,1,0,0.53039,0.765195,218,25*6*9,96*12*3
422,8218.82,14605,1,0,0.510128,0.755064,218,25*6*9,96*12*3
423,6785.64,14605,1,0,0.617871,0.808935,218,25*6*9,96*12*3
424,8958.65,14605,1,0,0.468,0.734,218,25*6*9,96*12*3
425,8079.77,14605,1,0,0.518907,0.759454,218,25*6*9,96*12*3
426,10357.1,14605,1,0,0.404809,0.702405,218,25*6*9,96*12*3
427,7140.9,14605,1,0,0.587132,0.793566,218,25*6*9,96*12*3
428,8168.07,14605,1,0,0.513298,0.756649,218,25*6*9,96*12*3
429,5820.2,14605,1,0,0.720362,0.860181,218,25*6*9,96*12*3
430,6095.89,14605,1,0,0.687783,0.843892,218,25*6*9,96*12*3
431,2588.72,7091,0,0,0.871241,0.935621,203,25*6*4,96*12*2
432,719.874,1774,0,0,0.853274,0.926637,122,25*6*1,96*6*1
433,2220.3,6024,0,0,0.932104,0.966052,202,25*3*7,96*6*3
434,2488.53,7091,0,0,0.906318,0.953159,203,25*6*4,96*12*2
435,5105.92,14604,0,0,0.821135,0.910568,218,25*6*9,96*12*3
436,5092.5,14605,1,0,0.823299,0.911649,218,25*6*9,96*12*3
437,19461.8,14605,1,0,0.21543,0.607715,218,25*6*9,96*12*3
438,3547.38,10630,0,0,0.95369,0.976845,215,25*6*6,96*12*3
439,5710.76,14604,0,0,0.734167,0.867083,218,25*6*9,96*12*3
440,19978.5,14605,1,0,0.209858,0.604929,218,25*6*9,96*12*3
441,12516,14605,1,0,0.334983,0.667492,218,25*6*9,96*12*3
442,13833.3,14605,1,0,0.303084,0.651542,218,25*6*9,96*12*3
443,6493.1,14605,1,0,0.645709,0.822854,218,25*6*9,96*12*3
444,12746.5,14605,1,0,0.328926,0.664463,218,25*6*9,96*12*3
445,12118,14605,1,0,0.345985,0.672993,218,25*6*9,96*12*3
446,7530.64,14605,1,0,0.556746,0.778373,218,25*6*9,96*12*3
447,1941.34,4877,0,0,0.719889,0.859945,190,25*6*3,96*12*1
448,1030.02,2441,1,0,0.765568,0.882784,161,25*3*3,96*6*1
449,0,0,0,0,0,0,0,1*1*1,1*1*1
450,0,0,0,0,0,0,0,1*1*1,1*1*1
451,0,0,0,0,0,0,0,1*1*1,1*1*1
452,819.263,1774,0,0,0.749759,0.87488,133,25*6*1,96*6*1
453,111.896,53,0,0,0.885197,0.942598,6,5*1*1,12*1*1
454,879.064,1774,0,0,0.698755,0.849377,136,25*6*1,96*6*1
455,863.991,1775,1,0,0.710945,0.855472,136,25*6*1,96*6*1
456,403.186,814,1,0,0.818605,0.909302,72,25*3*1,96*2*1
457,0,0,0,0,0,0,0,1*1*1,1*1*1
458,717.659,1775,1,0,0.855908,0.927954,122,25*6*1,96*6*1
459,1193.27,3548,0,0,0.94505,0.972525,175,25*6*2,96*12*1
460,2375.02,7091,0,0,0.949634,0.974817,203,25*6*4,96*12*2
461,4532.79,13356,0,0,0.865427,0.932714,217,25*6*8,96*12*3
462,5264.37,14604,0,0,0.79642,0.89821,218,25*6*9,96*12*3
463,7623.02,14605,1,0,0.549999,0.774999,218,25*6*9,96*12*3
464,4279.81,12033,0,0,0.853531,0.926765,216,25*6*7,96*12*3
465,1883.51,4877,0,0,0.741992,0.870996,190,25*6*3,96*12*1
466,1952.12,4878,1,0,0.715914,0.857957,190,25*6*3,96*12*1
467,237.952,433,0,0,0.934012,0.967006,28,25*2*1,32*2*1
468,2153.32,6024,0,0,0.961097,0.980549,202,25*3*7,96*6*3
469,0,0,0,0,0,0,0,1*1*1,1*1*1
470,753,1774,0,0,0.815737,0.907869,127,25*6*1,96*6*1
471,1403.91,3549,1,0,0.803257,0.901628,178,25*6*2,96*12*1
472,372.158,813,0,0,0.886855,0.943427,67,25*3*1,96*2*1
473,0,0,0,0,0,0,0,1*1*1,1*1*1
474,0,0,0,0,0,0,0,1*1*1,1*1*1
475,993.313,2440,0,0,0.793859,0.896929,152,25*3*3,96*6*1
476,0,0,0,0,0,0,0,1*1*1,1*1*1
477,261.629,433,0,0,0.849485,0.924743,36,25*2*1,32*2*1
478,0,0,0,0,0,0,0,1*1*1,1*1*1
479,113.347,53,0,0,0.873865,0.936933,6,5*1*1,12*1*1
480,0,0,0,0,0,0,0,1*1*1,1*1*1
481,0,0,0,0,0,0,0,1*1*1,1*1*1
482,0,0,0,0,0,0,0,1*1*1,1*1*1
483,141.167,61,1,0,0.790907,0.895454,8,5*1*1,24*1*1
484,3623.2,10630,0,0,0.933733,0.966866,215,25*6*6,96*12*3
485,5046.18,14604,0,0,0.830856,0.915428,218,25*6*9,96*12*3
486,4281.59,12034,1,0,0.853176,0.926588,216,25*6*7,96*12*3
487,2147.37,6025,1,0,0.96376,0.98188,201,25*3*7,96*6*3
488,16772.1,14604,0,0,0.249978,0.624989,218,25*6*9,96*12*3
489,1965.63,4877,0,0,0.710993,0.855497,194,25*6*3,96*12*1
490,20052.9,14604,0,0,0.209079,0.60454,218,25*6*9,96*12*3
491,2192.39,6025,1,0,0.94397,0.971985,202,25*3*7,96*6*3
492,2152.36,6024,1,0,0.961526,0.980763,202,25*3*7,96*6*3
493,3857.02,12034,1,0,0.947091,0.973546,216,25*6*7,96*12*3
494,3786.31,12034,1,0,0.964778,0.982389,216,25*6*7,96*12*3
495,3080.01,8477,0,0,0.819884,0.909942,212,25*6*5,96*12*2
496,2977.2,8477,1,0,0.848196,0.924098,209,25*6*5,96*12*2
497,1479.29,3548,0,0,0.762325,0.881163,180,25*6*2,96*12*1
498,3155,8477,0,0,0.800396,0.900198,213,25*6*5,96*12*2
499,3516.86,8477,1,0,0.718041,0.859021,214,25*6*5,96*12*2
500,3120.8,8477,1,0,0.809168,0.904584,212,25*6*5,96*12*2
501,2223.46,6024,0,0,0.930779,0.96539,202,25*3*7,96*6*3
502,5856.81,14604,0,0,0.715859,0.857929,218,25*6*9,96*12*3
503,4095.87,12034,1,0,0.891862,0.945931,216,25*6*7,96*12*3
504,3793.35,12034,1,0,0.962988,0.981494,216,25*6*7,96*12*3
505,2562.19,7091,0,0,0.880263,0.940131,203,25*6*4,96*12*2
506,1155.36,3254,1,0,0.922743,0.961371,172,25*6*2,96*4*2
507,3328.22,8477,0,0,0.758739,0.879369,214,25*6*5,96*12*2
508,3543.28,10630,0,0,0.954793,0.977397,215,25*6*6,96*12*3
509,3289.89,8477,0,0,0.767579,0.883789,214,25*6*5,96*12*2
510,1890.51,4877,0,0,0.739245,0.869622,190,25*6*3,96*12*1
511,3972.31,12033,0,0,0.919603,0.959802,216,25*6*7,96*12*3
512,7247.81,14605,1,0,0.578471,0.789236,218,25*6*9,96*12*3
513,4096.66,12033,0,0,0.89169,0.945845,216,25*6*7,96*12*3
514,5081.82,14605,1,0,0.825029,0.912515,218,25*6*9,96*12*3
515,2647.21,7091,0,0,0.851991,0.925996,203,25*6*4,96*12*2
516,1557.41,4242,0,0,0.852858,0.926429,185,25*3*5,96*12*1
517,1009.16,2440,0,0,0.781392,0.890696,157,25*3*3,96*6*1
518,2412.77,7091,0,0,0.934776,0.967388,203,25*6*4,96*12*2
519,93.3607,11,0,0,0.925978,0.962989,3,1*1*1,4*1*1
520,0,0,0,0,0,0,0,1*1*1,1*1*1
521,507.135,1115,0,0,0.862689,0.931345,90,25*2*2,96*3*1
522,802.016,1775,1,0,0.765882,0.882941,132,25*6*1,96*6*1
523,275.591,501,1,0,0.867409,0.933704,41,25*2*1,48*2*1
524,545.093,1183,0,0,0.877098,0.938549,101,25*2*2,96*4*1
525,485.447,1116,1,0,0.901231,0.950616,77,25*2*2,96*3*1
526,2505.42,7091,0,0,0.900208,0.950104,203,25*6*4,96*12*2
527,1150.4,3254,1,0,0.926721,0.963361,172,25*6*2,96*4*2
528,1817.18,4877,0,0,0.769076,0.884538,190,25*6*3,96*12*1
529,623.922,1628,1,0,0.854354,0.927177,110,25*6*1,96*4*1
530,745.277,1774,1,0,0.82419,0.912095,125,25*6*1,96*6*1
531,1031.43,2441,1,0,0.764521,0.882261,161,25*3*3,96*6*1
532,0,0,0,0,0,0,0,1*1*1,1*1*1
533,0,0,0,0,0,0,0,1*1*1,1*1*1
534,845.54,1774,0,0,0.726459,0.863229,134,25*6*1,96*6*1
535,0,0,0,0,0,0,0,1*1*1,1*1*1
536,0,0,0,0,0,0,0,1*1*1,1*1*1
537,523.027,1116,1,0,0.836477,0.918238,95,25*2*2,96*3*1
538,0,0,0,0,0,0,0,1*1*1,1*1*1
539,0,0,0,0,0,0,0,1*1*1,1*1*1
540,730.22,1774,0,0,0.841185,0.920592,123,25*6*1,96*6*1
541,98.8366,47,0,0,0.959665,0.979832,5,5*1*1,8*1*1
542,454.655,1115,0,0,0.962268,0.981134,76,25*2*2,96*3*1
543,0,0,0,0,0,0,0,1*1*1,1*1*1
544,992.296,2440,1,0,0.794672,0.897336,151,25*3*3,96*6*1
545,561.466,1628,1,0,0.94939,0.974695,104,25*6*1,96*4*1
546,147.639,61,0,0,0.756236,0.878118,8,5*1*1,24*1*1
547,721.382,1774,0,0,0.851491,0.925745,122,25*6*1,96*6*1
548,2910.05,7091,0,0,0.775038,0.887519,203,25*6*4,96*12*2
549,2008.95,4877,0,0,0.695662,0.847831,197,25*6*3,96*12*1
550,3186.21,8477,0,0,0.792556,0.896278,213,25*6*5,96*12*2
551,14902.6,14604,0,0,0.281337,0.640668,218,25*6*9,96*12*3
552,18531.8,14605,1,0,0.226241,0.61312,218,25*6*9,96*12*3
553,15678,14605,1,0,0.267423,0.633711,218,25*6*9,96*12*3
554,15312.7,14605,1,0,0.273802,0.636901,218,25*6*9,96*12*3
555,19826,14605,1,0,0.211472,0.605736,218,25*6*9,96*12*3
556,12500.8,14605,1,0,0.335391,0.667695,218,25*6*9,96*12*3
557,16337.7,14605,1,0,0.256624,0.628312,218,25*6*9,96*12*3
558,25080.4,14605,1,0,0.167168,0.583584,218,25*6*9,96*12*3
559,19966.7,14605,1,0,0.209982,0.604991,218,25*6*9,96*12*3
560,16662.1,14605,1,0,0.251628,0.625814,218,25*6*9,96*12*3
561,15663.7,14605,1,0,0.267667,0.633833,218,25*6*9,96*12*3
562,15278.8,14605,1,0,0.27441,0.637205,218,25*6*9,96*12*3
563,20124.2,14605,1,0,0.208339,0.604169,218,25*6*9,96*12*3
564,9717.11,14605,1,0,0.431471,0.715735,218,25*6*9,96*12*3
565,20155.7,14605,1,0,0.208013,0.604007,218,25*6*9,96*12*3
566,25827.8,14605,1,0,0.162331,0.581165,218,25*6*9,96*12*3
567,15207.9,14605,1,0,0.275689,0.637844,218,25*6*9,96*12*3
568,12499.1,14605,1,0,0.335436,0.667718,218,25*6*9,96*12*3
569,16245.6,14605,1,0,0.258079,0.62904,218,25*6*9,96*12*3
570,25467.4,14605,1,0,0.164628,0.582314,218,25*6*9,96*12*3
571,20024.9,14605,1,0,0.209372,0.604686,218,25*6*9,96*12*3
572,24906.2,14605,1,0,0.168338,0.584169,218,25*6*9,96*12*3
573,11491.1,14605,1,0,0.364861,0.68243,218,25*6*9,96*12*3
574,12659.2,14605,1,0,0.331194,0.665597,218,25*6*9,96*12*3
575,11882.2,14605,1,0,0.352851,0.676426,218,25*6*9,96*12*3
576,16406.9,14605,1,0,0.255542,0.627771,218,25*6*9,96*12*3
577,12472.9,14605,1,0,0.336141,0.66807,218,25*6*9,96*12*3
578,12402.6,14605,1,0,0.338046,0.669023,218,25*6*9,96*12*3
579,15424,14605,1,0,0.271826,0.635913,218,25*6*9,96*12*3
580,12475.8,14605,1,0,0.336063,0.668031,218,25*6*9,96*12*3
581,10703.1,14605,1,0,0.391723,0.695861,218,25*6*9,96*12*3
582,12637.8,14605,1,0,0.331755,0.665877,218,25*6*9,96*12*3
583,14624.2,14605,1,0,0.286693,0.643346,218,25*6*9,96*12*3
584,15685.5,14605,1,0,0.267295,0.633647,218,25*6*9,96*12*3
585,5974.52,14605,1,0,0.701755,0.850878,218,25*6*9,96*12*3
586,15542.2,14605,1,0,0.269759,0.63488,218,25*6*9,96*12*3
587,3401.88,8477,0,0,0.74231,0.871155,214,25*6*5,96*12*2
588,980.995,2440,0,0,0.803827,0.901913,144,25*3*3,96*6*1
589,1065.25,2603,1,0,0.911101,0.95555,166,25*3*3,96*4*2
590,0,0,0,0,0,0,0,1*1*1,1*1*1
591,188.671,250,0,0,0.836642,0.918321,22,25*1*1,48*1*1
592,1512.09,4242,0,0,0.87842,0.93921,184,25*3*5,96*12*1
593,362.42,751,0,0,0.883643,0.941822,65,25*3*1,48*3*1
594,2963.62,8477,0,0,0.852083,0.926041,208,25*6*5,96*12*2
595,654.439,1627,0,0,0.814514,0.907257,112,25*6*1,96*4*1
596,9451.85,14604,0,0,0.44358,0.72179,218,25*6*9,96*12*3
597,1692,4877,0,0,0.825975,0.912988,189,25*6*3,96*12*1
598,19757.8,14604,0,0,0.212202,0.606101,218,25*6*9,96*12*3
599,20075.5,14605,1,0,0.208844,0.604422,218,25*6*9,96*12*3
600,13675.4,14605,1,0,0.306583,0.653292,218,25*6*9,96*12*3
601,1730.13,4877,0,0,0.807772,0.903886,189,25*6*3,96*12*1
602,7966.08,14604,0,0,0.526313,0.763156,218,25*6*9,96*12*3
603,15825.7,14605,1,0,0.264927,0.632463,218,25*6*9,96*12*3
604,15897.7,14605,1,0,0.263727,0.631863,218,25*6*9,96*12*3
605,19911.7,14605,1,0,0.210562,0.605281,218,25*6*9,96*12*3
606,12652.9,14605,1,0,0.331359,0.665679,218,25*6*9,96*12*3
607,1601.94,4242,0,0,0.829151,0.914575,187,25*3*5,96*12*1
608,94.5331,42,0,0,0.981138,0.990569,4,5*1*1,6*1*1
609,0,0,0,0,0,0,0,1*1*1,1*1*1
610,0,0,0,0,0,0,0,1*1*1,1*1*1
611,1455.12,3548,0,0,0.774988,0.887494,178,25*6*2,96*12*1
612,284.364,500,0,0,0.840648,0.920324,44,25*2*1,48*2*1
613,0.402026,0,0,0,0,0,0,1*1*1,1*1*1
614,182.042,251,1,0,0.867108,0.933554,20,25*1*1,48*1*1
615,0,0,0,0,0,0,0,1*1*1,1*1*1
616,0,0,0,0,0,0,0,1*1*1,1*1*1
617,964.654,2440,0,0,0.817443,0.908722,139,25*3*3,96*6*1
618,1602.58,4242,0,0,0.82882,0.91441,187,25*3*5,96*12*1
619,1240.22,3548,0,0,0.909274,0.954637,175,25*6*2,96*12*1
620,197.512,250,0,0,0.799192,0.899596,24,25*1*1,48*1*1
621,150.032,217,1,0,0.940133,0.970066,9,25*1*1,32*1*1
622,358.37,751,0,0,0.893629,0.946815,63,25*3*1,48*3*1
623,0,0,0,0,0,0,0,1*1*1,1*1*1
624,244.596,434,1,0,0.908641,0.954321,28,25*2*1,32*2*1
625,0,0,0,0,0,0,0,1*1*1,1*1*1
626,0,0,0,0,0,0,0,1*1*1,1*1*1
627,0,0,0,0,0,0,0,1*1*1,1*1*1
628,168.898,217,1,0,0.835119,0.91756,13,25*1*1,32*1*1
629,76.5802,0,0,0,0,0,0,1*1*1,1*1*1
630,0,0,0,0,0,0,0,1*1*1,1*1*1
631,148.98,217,1,0,0.946771,0.973386,9,25*1*1,32*1*1
632,108.68,53,0,0,0.911391,0.955696,6,5*1*1,12*1*1
633,19.0098,0,0,0,0,0,0,1*1*1,1*1*1
634,43.5193,0,0,0,0,0,0,1*1*1,1*1*1
635,0,0,0,0,0,0,0,1*1*1,1*1*1
636,73.7673,0,0,0,0,0,0,1*1*1,1*1*1
637,116.811,57,1,0,0.883906,0.941953,7,5*1*1,16*1*1
638,199.403,250,0,0,0.791613,0.895806,24,25*1*1,48*1*1
639,176.24,217,1,0,0.800329,0.900165,17,25*1*1,32*1*1
640,60.9284,0,0,0,0,0,0,1*1*1,1*1*1
641,169.895,217,1,0,0.830219,0.915109,13,25*1*1,32*1*1
642,29.8969,0,0,0,0,0,0,1*1*1,1*1*1
643,93.2587,11,0,0,0.926991,0.963496,3,1*1*1,4*1*1
644,118.256,57,0,0,0.873106,0.936553,7,5*1*1,16*1*1
645,1.29984,0,0,0,0,0,0,1*1*1,1*1*1
646,113.373,53,1,0,0.873665,0.936832,6,5*1*1,12*1*1
647,208.895,250,0,0,0.755643,0.877821,24,25*1*1,48*1*1
648,0,0,0,0,0,0,0,1*1*1,1*1*1
649,226.01,251,1,0,0.69842,0.84921,26,25*1*1,48*1*1
650,235.647,434,1,0,0.943148,0.971574,28,25*2*1,32*2*1
651,79.5698,0,0,0,0,0,0,1*1*1,1*1*1
652,249.776,434,1,0,0.889797,0.944899,30,25*2*1,32*2*1
653,60.4658,0,0,0,0,0,0,1*1*1,1*1*1
654,28.3402,0,0,0,0,0,0,1*1*1,1*1*1
655,173.473,217,1,0,0.813095,0.906547,15,25*1*1,32*1*1
656,158.42,217,1,0,0.890355,0.945177,9,25*1*1,32*1*1
657,0,0,0,0,0,0,0,1*1*1,1*1*1
658,330.18,650,0,0,0.846962,0.923481,52,25*3*1,48*2*1
659,1141.57,3253,0,0,0.933889,0.966945,172,25*6*2,96*4*2
660,2981.89,8477,0,0,0.846862,0.923431,209,25*6*5,96*12*2
661,4985.45,14604,0,0,0.840977,0.920489,218,25*6*9,96*12*3
662,15888.1,14605,1,0,0.263886,0.631943,218,25*6*9,96*12*3
663,6252.5,14605,1,0,0.670556,0.835278,218,25*6*9,96*12*3
664,15789.3,14605,1,0,0.265537,0.632769,218,25*6*9,96*12*3
665,862.421,1774,0,0,0.712239,0.85612,136,25*6*1,96*6*1
666,9816.08,14604,0,0,0.427121,0.71356,218,25*6*9,96*12*3
667,7903.1,14605,1,0,0.530507,0.765254,218,25*6*9,96*12*3
668,1482.76,4242,0,0,0.895796,0.947898,181,25*3*5,96*12*1
669,15823.3,14604,0,0,0.264967,0.632483,218,25*6*9,96*12*3
670,2424.04,7091,0,0,0.93043,0.965215,203,25*6*4,96*12*2
671,20082.1,14604,0,0,0.208775,0.604388,218,25*6*9,96*12*3
672,12638.2,14605,1,0,0.331744,0.665872,218,25*6*9,96*12*3
673,3195.19,8477,0,0,0.790329,0.895164,213,25*6*5,96*12*2
674,3290.58,8477,1,0,0.767418,0.883709,214,25*6*5,96*12*2
675,3997.32,12033,0,0,0.91385,0.956925,216,25*6*7,96*12*3
676,2387.39,7091,0,0,0.944714,0.972357,203,25*6*4,96*12*2
677,3368.22,8478,1,0,0.749728,0.874864,214,25*6*5,96*12*2
678,1200.01,3548,0,0,0.939742,0.969871,175,25*6*2,96*12*1
679,1046.65,2440,0,0,0.753404,0.876702,164,25*3*3,96*6*1
680,1486.37,4242,0,0,0.89362,0.94681,181,25*3*5,96*12*1
681,2434.63,7091,0,0,0.926383,0.963192,203,25*6*4,96*12*2
682,3314.32,8478,1,0,0.761921,0.88096,214,25*6*5,96*12*2
683,3937.85,12033,0,0,0.927651,0.963825,216,25*6*7,96*12*3
684,12419.9,14605,1,0,0.337575,0.668788,218,25*6*9,96*12*3
685,1176.33,3548,0,0,0.95866,0.97933,175,25*6*2,96*12*1
686,1919.2,4877,0,0,0.728194,0.864097,190,25*6*3,96*12*1
687,2573.45,7091,0,0,0.876411,0.938206,203,25*6*4,96*12*2
688,6364.72,14604,0,0,0.658733,0.829366,218,25*6*9,96*12*3
689,2471.67,7091,0,0,0.9125,0.95625,203,25*6*4,96*12*2
690,1104.14,3254,1,0,0.965548,0.982774,170,25*6*2,96*4*2
691,319.199,650,0,0,0.876099,0.93805,48,25*3*1,48*2*1
692,1037.42,2440,0,0,0.760107,0.880053,162,25*3*3,96*6*1
693,547.898,1627,0,0,0.9729,0.98645,102,25*6*1,96*4*1
694,1174.43,3253,0,0,0.90776,0.95388,172,25*6*2,96*4*2
695,1262.27,3548,1,0,0.89339,0.946695,175,25*6*2,96*12*1
696,674.577,1627,0,0,0.790199,0.895099,115,25*6*1,96*4*1
697,330.972,651,1,0,0.844936,0.922468,52,25*3*1,48*2*1
698,2519.65,7091,0,0,0.895124,0.947562,203,25*6*4,96*12*2
699,2140.06,6024,0,0,0.967052,0.983526,201,25*3*7,96*6*3
700,2026.26,4877,0,0,0.689719,0.844859,198,25*6*3,96*12*1
701,2054.4,4878,1,0,0.680272,0.840136,199,25*6*3,96*12*1
702,3324.25,8477,0,0,0.759645,0.879823,214,25*6*5,96*12*2
703,3167.55,8477,1,0,0.797225,0.898612,213,25*6*5,96*12*2
704,2616.71,7091,0,0,0.861922,0.930961,203,25*6*4,96*12*2
705,15833.2,14604,0,0,0.264801,0.632401,218,25*6*9,96*12*3
706,15879.1,14605,1,0,0.264036,0.632018,218,25*6*9,96*12*3
707,20154.4,14605,1,0,0.208027,0.604013,218,25*6*9,96*12*3
708,5018.05,14605,1,0,0.835514,0.917757,218,25*6*9,96*12*3
709,5044.12,14605,1,0,0.831196,0.915598,218,25*6*9,96*12*3
710,15842.3,14605,1,0,0.264649,0.632325,218,25*6*9,96*12*3
711,6576.75,14605,1,0,0.637496,0.818748,218,25*6*9,96*12*3
712,6255.81,14605,1,0,0.670201,0.8351,218,25*6*9,96*12*3
713,6270.46,14605,1,0,0.668635,0.834318,218,25*6*9,96*12*3
714,15771.3,14605,1,0,0.26584,0.63292,218,25*6*9,96*12*3
715,15812.3,14605,1,0,0.265151,0.632576,218,25*6*9,96*12*3
716,9994.66,14605,1,0,0.419489,0.709745,218,25*6*9,96*12*3
717,8208.64,14605,1,0,0.510761,0.75538,218,25*6*9,96*12*3
718,16078.5,14605,1,0,0.260761,0.630381,218,25*6*9,96*12*3
719,8083.73,14605,1,0,0.518653,0.759326,218,25*6*9,96*12*3
720,12506.1,14605,1,0,0.335248,0.667624,218,25*6*9,96*12*3
721,7985.94,14605,1,0,0.525004,0.762502,218,25*6*9,96*12*3
722,8014.42,14605,1,0,0.523138,0.761569,218,25*6*9,96*12*3
723,8008.94,14605,1,0,0.523496,0.761748,218,25*6*9,96*12*3
724,7876.69,14605,1,0,0.532286,0.766143,218,25*6*9,96*12*3
725,8053.17,14605,1,0,0.520621,0.760311,218,25*6*9,96*12*3
726,9974.44,14605,1,0,0.420339,0.71017,218,25*6*9,96*12*3
727,6312.95,14605,1,0,0.664135,0.832067,218,25*6*9,96*12*3
728,7777.71,14605,1,0,0.53906,0.76953,218,25*6*9,96*12*3
729,6161.58,14605,1,0,0.68045,0.840225,218,25*6*9,96*12*3
730,5136.83,14605,1,0,0.816194,0.908097,218,25*6*9,96*12*3
731,2113.76,6025,1,0,0.979085,0.989542,201,25*3*7,96*6*3
732,1594.4,4242,0,0,0.833072,0.916536,187,25*3*5,96*12*1
733,1864.1,4877,0,0,0.749718,0.874859,190,25*6*3,96*12*1
734,2516.39,7091,0,0,0.896284,0.948142,203,25*6*4,96*12*2
735,4923.73,14604,0,0,0.851519,0.92576,218,25*6*9,96*12*3
736,5058.23,14605,1,0,0.828877,0.914438,218,25*6*9,96*12*3
737,20170.1,14605,1,0,0.207865,0.603932,218,25*6*9,96*12*3
738,3072.11,8477,0,0,0.821992,0.910996,211,25*6*5,96*12*2
739,6290.58,14604,0,0,0.666497,0.833248,218,25*6*9,96*12*3
740,19905.8,14605,1,0,0.210625,0.605312,218,25*6*9,96*12*3
741,12458.8,14605,1,0,0.336521,0.668261,218,25*6*9,96*12*3
742,12699,14605,1,0,0.330156,0.665078,218,25*6*9,96*12*3
743,6385.66,14605,1,0,0.656573,0.828286,218,25*6*9,96*12*3
744,12653.9,14605,1,0,0.331333,0.665666,218,25*6*9,96*12*3
745,12466.8,14605,1,0,0.336305,0.668153,218,25*6*9,96*12*3
746,7966.91,14605,1,0,0.526258,0.763129,218,25*6*9,96*12*3
747,1872.64,4877,0,0,0.746299,0.87315,190,25*6*3,96*12*1
748,525.316,1116,1,0,0.832832,0.916416,96,25*2*2,96*3*1
749,295.597,500,0,0,0.808702,0.904351,46,25*2*1,48*2*1
750,28.1773,0,0,0,0,0,0,1*1*1,1*1*1
751,94.7315,42,0,0,0.979083,0.989541,4,5*1*1,6*1*1
752,21.8409,0,0,0,0,0,0,1*1*1,1*1*1
753,154.618,217,0,0,0.912248,0.956124,9,25*1*1,32*1*1
754,390.051,813,1,0,0.846171,0.923086,69,25*3*1,96*2*1
755,467.502,1115,0,0,0.935825,0.967912,77,25*2*2,96*3*1
756,195.26,250,0,0,0.808409,0.904205,22,25*1*1,48*1*1
757,359.103,751,1,0,0.891805,0.945903,65,25*3*1,48*3*1
758,707.896,1774,0,0,0.867712,0.933856,121,25*6*1,96*6*1
759,1676.77,4878,1,0,0.833477,0.916739,189,25*6*3,96*12*1
760,1966.02,4878,1,0,0.710852,0.855426,194,25*6*3,96*12*1
761,3914.92,12033,0,0,0.933084,0.966542,216,25*6*7,96*12*3
762,5062.74,14605,1,0,0.828139,0.914069,218,25*6*9,96*12*3
763,6270.93,14605,1,0,0.668585,0.834293,218,25*6*9,96*12*3
764,4052.3,12033,0,0,0.901451,0.950726,216,25*6*7,96*12*3
765,1476.35,3548,0,0,0.763843,0.881922,180,25*6*2,96*12*1
766,2111.54,6024,0,0,0.980114,0.990057,201,25*3*7,96*6*3
767,888.873,2231,0,0,0.870991,0.935495,137,25*2*4,96*6*1
768,1650.01,4242,0,0,0.804995,0.902498,188,25*3*5,96*12*1
769,106.119,47,0,0,0.893808,0.946904,5,5*1*1,8*1*1
770,0,0,0,0,0,0,0,1*1*1,1*1*1
771,1030.25,2440,0,0,0.765397,0.882698,161,25*3*3,96*6*1
772,0,0,0,0,0,0,0,1*1*1,1*1*1
773,0,0,0,0,0,0,0,1*1*1,1*1*1
774,164.472,217,0,0,0.857593,0.928796,9,25*1*1,32*1*1
775,0,0,0,0,0,0,0,1*1*1,1*1*1
776,0,0,0,0,0,0,0,1*1*1,1*1*1
777,0,0,0,0,0,0,0,1*1*1,1*1*1
778,460.927,1115,0,0,0.949174,0.974587,77,25*2*2,96*3*1
779,145.717,61,0,0,0.766211,0.883106,8,5*1*1,24*1*1
780,194.733,250,0,0,0.810597,0.905299,22,25*1*1,48*1*1
781,33.4861,0,0,0,0,0,0,1*1*1,1*1*1
782,149.261,217,1,0,0.944989,0.972494,9,25*1*1,32*1*1
783,940.684,2440,0,0,0.838273,0.919137,139,25*3*3,96*6*1
784,3200.52,8477,0,0,0.789012,0.894506,213,25*6*5,96*12*2
785,5010.15,14604,0,0,0.836831,0.918416,218,25*6*9,96*12*3
786,5012.04,14605,1,0,0.836516,0.918258,218,25*6*9,96*12*3
787,1217.72,3548,0,0,0.926075,0.963037,175,25*6*2,96*12*1
788,15851.6,14604,0,0,0.264494,0.632247,218,25*6*9,96*12*3
789,1847.6,4877,0,0,0.756414,0.878207,190,25*6*3,96*12*1
790,19945.3,14604,0,0,0.210207,0.605104,218,25*6*9,96*12*3
791,2714.48,7091,0,0,0.830877,0.915439,203,25*6*4,96*12*2
792,2582.84,7092,1,0,0.873225,0.936612,203,25*6*4,96*12*2
793,3084.11,8478,1,0,0.818794,0.909397,212,25*6*5,96*12*2
794,4002.9,12033,0,0,0.912576,0.956288,216,25*6*7,96*12*3
795,3112.42,8477,0,0,0.811346,0.905673,212,25*6*5,96*12*2
796,3123.8,8477,1,0,0.80839,0.904195,212,25*6*5,96*12*2
797,1993.76,4877,0,0,0.700962,0.850481,196,25*6*3,96*12*1
798,4014.26,12033,0,0,0.909993,0.954997,216,25*6*7,96*12*3
799,4024.65,12034,1,0,0.907644,0.953822,216,25*6*7,96*12*3
800,3110.1,8477,0,0,0.811951,0.905976,212,25*6*5,96*12*2
801,2618.46,7091,0,0,0.861346,0.930673,203,25*6*4,96*12*2
802,5142.58,14604,0,0,0.815281,0.907641,218,25*6*9,96*12*3
803,3915.31,12034,1,0,0.932991,0.966496,216,25*6*7,96*12*3
804,3970.77,12034,1,0,0.91996,0.95998,216,25*6*7,96*12*3
805,2482.38,7091,0,0,0.908564,0.954282,203,25*6*4,96*12*2
806,2044.11,4877,0,0,0.683696,0.841848,198,25*6*3,96*12*1
807,3070.79,8477,0,0,0.822345,0.911173,211,25*6*5,96*12*2
808,3971.41,12033,0,0,0.919812,0.959906,216,25*6*7,96*12*3
809,3780.26,12034,1,0,0.966322,0.983161,216,25*6*7,96*12*3
810,2515.98,7091,0,0,0.89643,0.948215,203,25*6*4,96*12*2
811,4080.67,12033,0,0,0.895184,0.947592,216,25*6*7,96*12*3
812,6231.37,14605,1,0,0.67283,0.836415,218,25*6*9,96*12*3
813,5040.03,14605,1,0,0.83187,0.915935,218,25*6*9,96*12*3
814,5167.74,14605,1,0,0.811312,0.905656,218,25*6*9,96*12*3
815,2545.65,7091,0,0,0.885982,0.942991,203,25*6*4,96*12*2
816,1457.1,3548,0,0,0.773935,0.886967,178,25*6*2,96*12*1
817,248.02,433,0,0,0.896097,0.948049,30,25*2*1,32*2*1
818,1908.92,4877,0,0,0.732116,0.866058,190,25*6*3,96*12*1
819,175.88,217,0,0,0.801967,0.900984,17,25*1*1,32*1*1
820,122.757,57,0,0,0.841093,0.920546,7,5*1*1,16*1*1
821,94.124,42,1,0,0.985402,0.992701,4,5*1*1,6*1*1
822,214.304,250,0,0,0.73657,0.868285,26,25*1*1,48*1*1
823,818.962,1775,1,0,0.750035,0.875017,133,25*6*1,96*6*1
824,1401.85,3548,0,0,0.804437,0.902218,178,25*6*2,96*12*1
825,654.483,1627,0,0,0.81446,0.90723,112,25*6*1,96*4*1
826,2105.7,6024,0,0,0.982832,0.991416,201,25*3*7,96*6*3
827,1215.54,3548,0,0,0.927736,0.963868,175,25*6*2,96*12*1
828,942.425,2440,0,0,0.836724,0.918362,139,25*3*3,96*6*1
829,331.023,650,0,0,0.844805,0.922403,52,25*3*1,48*2*1
830,439.089,813,0,0,0.75167,0.875835,74,25*3*1,96*2*1
831,766.623,1775,1,0,0.801241,0.900621,128,25*6*1,96*6*1
832,15.4767,0,0,0,0,0,0,1*1*1,1*1*1
833,556.273,1627,1,0,0.958253,0.979126,104,25*6*1,96*4*1
834,67.0633,0,0,0,0,0,0,1*1*1,1*1*1
835,390.07,814,1,0,0.84613,0.923065,69,25*3*1,96*2*1
836,77.9217,0,0,0,0,0,0,1*1*1,1*1*1
837,0,0,0,0,0,0,0,1*1*1,1*1*1
838,97.4795,42,0,0,0.951482,0.975741,4,5*1*1,6*1*1
839,32.8934,0,0,0,0,0,0,1*1*1,1*1*1
840,0,0,0,0,0,0,0,1*1*1,1*1*1
841,0,0,0,0,0,0,0,1*1*1,1*1*1
842,89.3188,11,0,0,0.956126,0.978063,2,1*1*1,3*1*1
843,67.7659,0,0,0,0,0,0,1*1*1,1*1*1
844,968.147,2440,0,0,0.814494,0.907247,139,25*3*3,96*6*1
845,425.6,813,0,0,0.775493,0.887747,72,25*3*1,96*2*1
846,2.36164,0,0,0,0,0,0,1*1*1,1*1*1
847,906.169,2440,0,0,0.870202,0.935101,138,25*3*3,96*6*1
848,2502.52,7091,0,0,0.901252,0.950626,203,25*6*4,96*12*2
849,1692.48,4877,0,0,0.825741,0.91287,189,25*6*3,96*12*1
850,3114.04,8477,0,0,0.810924,0.905462,212,25*6*5,96*12*2
851,15827.6,14604,0,0,0.264895,0.632447,218,25*6*9,96*12*3
852,20025.5,14605,1,0,0.209366,0.604683,218,25*6*9,96*12*3
853,15686.9,14605,1,0,0.267271,0.633635,218,25*6*9,96*12*3
854,15776.6,14605,1,0,0.265751,0.632876,218,25*6*9,96*12*3
855,19814.1,14605,1,0,0.211599,0.6058,218,25*6*9,96*12*3
856,12412.2,14605,1,0,0.337785,0.668892,218,25*6*9,96*12*3
857,15864.7,14605,1,0,0.264275,0.632138,218,25*6*9,96*12*3
858,25208.8,14605,1,0,0.166317,0.583158,218,25*6*9,96*12*3
859,20132.6,14605,1,0,0.208252,0.604126,218,25*6*9,96*12*3
860,15862.7,14605,1,0,0.264309,0.632154,218,25*6*9,96*12*3
861,15804.5,14605,1,0,0.265282,0.632641,218,25*6*9,96*12*3
862,15841,14605,1,0,0.264671,0.632335,218,25*6*9,96*12*3
863,19976.8,14605,1,0,0.209876,0.604938,218,25*6*9,96*12*3
864,9825.35,14605,1,0,0.426718,0.713359,218,25*6*9,96*12*3
865,19889.8,14605,1,0,0.210794,0.605397,218,25*6*9,96*12*3
866,25063.8,14605,1,0,0.167279,0.58364,218,25*6*9,96*12*3
867,15713.4,14605,1,0,0.26682,0.63341,218,25*6*9,96*12*3
868,12747.8,14605,1,0,0.328892,0.664446,218,25*6*9,96*12*3
869,15760.8,14605,1,0,0.266018,0.633009,218,25*6*9,96*12*3
870,24917.5,14605,1,0,0.168261,0.584131,218,25*6*9,96*12*3
871,20204.4,14605,1,0,0.207512,0.603756,218,25*6*9,96*12*3
872,25118.5,14605,1,0,0.166915,0.583457,218,25*6*9,96*12*3
873,12521.5,14605,1,0,0.334836,0.667418,218,25*6*9,96*12*3
874,12504.5,14605,1,0,0.335291,0.667646,218,25*6*9,96*12*3
875,12603.5,14605,1,0,0.332658,0.666329,218,25*6*9,96*12*3
876,15813.8,14605,1,0,0.265126,0.632563,218,25*6*9,96*12*3
877,12686.7,14605,1,0,0.330476,0.665238,218,25*6*9,96*12*3
878,12541.5,14605,1,0,0.334302,0.667151,218,25*6*9,96*12*3
879,15851,14605,1,0,0.264504,0.632252,218,25*6*9,96*12*3
880,12591.9,14605,1,0,0.332964,0.666482,218,25*6*9,96*12*3
881,10071.4,14605,1,0,0.416293,0.708146,218,25*6*9,96*12*3
882,12672.7,14605,1,0,0.330841,0.665421,218,25*6*9,96*12*3
883,16055.1,14605,1,0,0.261141,0.630571,218,25*6*9,96*12*3
884,15675.6,14605,1,0,0.267463,0.633732,218,25*6*9,96*12*3
885,4975.34,14605,1,0,0.842686,0.921343,218,25*6*9,96*12*3
886,16012.6,14605,1,0,0.261834,0.630917,218,25*6*9,96*12*3
887,3930.27,12034,1,0,0.92944,0.96472,216,25*6*7,96*12*3
888,0,0,0,0,0,0,0,1*1*1,1*1*1
889,39.6493,0,0,0,0,0,0,1*1*1,1*1*1
890,323.676,650,0,0,0.863981,0.931991,49,25*3*1,48*2*1
891,286.116,501,1,0,0.8355,0.91775,44,25*2*1,48*2*1
892,137.294,61,0,0,0.813218,0.906609,8,5*1*1,24*1*1
893,374.106,813,0,0,0.882237,0.941118,67,25*3*1,96*2*1
894,1946.18,4877,0,0,0.718099,0.85905,190,25*6*3,96*12*1
895,786.344,1775,1,0,0.781147,0.890573,131,25*6*1,96*6*1
896,9996.24,14604,0,0,0.419423,0.709711,218,25*6*9,96*12*3
897,1604.53,4242,0,0,0.827813,0.913906,187,25*3*5,96*12*1
898,19903,14604,0,0,0.210654,0.605327,218,25*6*9,96*12*3
899,19903.1,14605,1,0,0.210653,0.605327,218,25*6*9,96*12*3
900,12648.7,14605,1,0,0.331469,0.665734,218,25*6*9,96*12*3
901,2009.44,4877,0,0,0.695492,0.847746,197,25*6*3,96*12*1
902,8550.78,14604,0,0,0.490324,0.745162,218,25*6*9,96*12*3
903,15960.2,14605,1,0,0.262694,0.631347,218,25*6*9,96*12*3
904,16035.6,14605,1,0,0.261459,0.630729,218,25*6*9,96*12*3
905,20384.8,14605,1,0,0.205675,0.602838,218,25*6*9,96*12*3
906,12818.2,14605,1,0,0.327086,0.663543,218,25*6*9,96*12*3
907,1988.5,4877,0,0,0.702816,0.851408,196,25*6*3,96*12*1
908,0,0,0,0,0,0,0,1*1*1,1*1*1
909,220.302,250,0,0,0.716516,0.858258,26,25*1*1,48*1*1
910,258.668,434,1,0,0.859209,0.929605,35,25*2*1,32*2*1
911,1919.11,4877,0,0,0.728228,0.864114,190,25*6*3,96*12*1
912,0,0,0,0,0,0,0,1*1*1,1*1*1
913,410.292,814,1,0,0.804427,0.902214,72,25*3*1,96*2*1
914,268.432,501,1,0,0.890542,0.945271,39,25*2*1,48*2*1
915,250.284,434,1,0,0.887991,0.943996,32,25*2*1,32*2*1
916,211.863,250,0,0,0.745057,0.872528,24,25*1*1,48*1*1
917,1252.69,3548,0,0,0.900223,0.950111,175,25*6*2,96*12*1
918,1394.47,3549,1,0,0.808694,0.904347,178,25*6*2,96*12*1
919,1340.18,3549,1,0,0.841454,0.920727,177,25*6*2,96*12*1
920,420.786,813,0,0,0.784365,0.892183,72,25*3*1,96*2*1
921,37.7889,0,0,0,0,0,0,1*1*1,1*1*1
922,838.96,1775,1,0,0.732156,0.866078,134,25*6*1,96*6*1
923,0,0,0,0,0,0,0,1*1*1,1*1*1
924,619.971,1627,1,0,0.859798,0.929899,109,25*6*1,96*4*1
925,133.837,61,0,0,0.834224,0.917112,8,5*1*1,24*1*1
926,159.273,217,0,0,0.885586,0.942793,9,25*1*1,32*1*1
927,133.972,61,0,0,0.833383,0.916692,8,5*1*1,24*1*1
928,0,0,0,0,0,0,0,1*1*1,1*1*1
929,0,0,0,0,0,0,0,1*1*1,1*1*1
930,0,0,0,0,0,0,0,1*1*1,1*1*1
931,179.938,217,0,0,0.783881,0.891941,19,25*1*1,32*1*1
932,0,0,0,0,0,0,0,1*1*1,1*1*1
933,287.714,500,1,0,0.83086,0.91543,44,25*2*1,48*2*1
934,0,0,0,0,0,0,0,1*1*1,1*1*1
935,112.788,53,0,0,0.878196,0.939098,6,5*1*1,12*1*1
936,511.939,1115,0,0,0.854594,0.927297,90,25*2*2,96*3*1
937,516.596,1116,1,0,0.84689,0.923445,93,25*2*2,96*3*1
938,0,0,0,0,0,0,0,1*1*1,1*1*1
939,525.734,1116,1,0,0.83217,0.916085,96,25*2*2,96*3*1
940,444.004,813,0,0,0.743349,0.871675,74,25*3*1,96*2*1
941,256.307,434,1,0,0.867124,0.933562,35,25*2*1,32*2*1
942,199.133,250,0,0,0.792686,0.896343,24,25*1*1,48*1*1
943,399.806,814,1,0,0.825525,0.912763,72,25*3*1,96*2*1
944,202.294,251,1,0,0.7803,0.89015,24,25*1*1,48*1*1
945,160.39,217,1,0,0.879419,0.939709,9,25*1*1,32*1*1
946,0,0,0,0,0,0,0,1*1*1,1*1*1
947,39.7743,0,0,0,0,0,0,1*1*1,1*1*1
948,383.87,813,1,0,0.859796,0.929898,69,25*3*1,96*2*1
949,334.73,650,0,0,0.835449,0.917725,55,25*3*1,48*2*1
950,184.398,251,1,0,0.856029,0.928014,20,25*1*1,48*1*1
951,477.221,1115,0,0,0.916766,0.958383,77,25*2*2,96*3*1
952,380.29,814,1,0,0.86789,0.933945,69,25*3*1,96*2*1
953,114.606,53,0,0,0.864265,0.932133,6,5*1*1,12*1*1
954,455.777,1115,0,0,0.959899,0.97995,76,25*2*2,96*3*1
955,0,0,0,0,0,0,0,1*1*1,1*1*1
956,194.659,250,0,0,0.810905,0.905453,22,25*1*1,48*1*1
957,642.644,1627,1,0,0.829464,0.914732,111,25*6*1,96*4*1
958,569.736,1628,1,0,0.935609,0.967804,106,25*6*1,96*4*1
959,933.013,2440,0,0,0.845165,0.922583,139,25*3*3,96*6*1
960,3270.48,8477,0,0,0.772134,0.886067,214,25*6*5,96*12*2
961,5267.75,14604,0,0,0.795909,0.897955,218,25*6*9,96*12*3
962,16064.1,14605,1,0,0.260995,0.630498,218,25*6*9,96*12*3
963,6099.28,14605,1,0,0.687401,0.8437,218,25*6*9,96*12*3
964,15922,14605,1,0,0.263324,0.631662,218,25*6*9,96*12*3
965,635.949,1627,0,0,0.838196,0.919098,110,25*6*1,96*4*1
966,10255.7,14604,0,0,0.408812,0.704406,218,25*6*9,96*12*3
967,8178.02,14605,1,0,0.512673,0.756336,218,25*6*9,96*12*3
968,1405.63,3548,0,0,0.802274,0.901137,178,25*6*2,96*12*1
969,16225,14604,0,0,0.258407,0.629203,218,25*6*9,96*12*3
970,2462.33,7091,0,0,0.915962,0.957981,203,25*6*4,96*12*2
971,20207.4,14604,0,0,0.207481,0.60374,218,25*6*9,96*12*3
972,12753.8,14605,1,0,0.328737,0.664369,218,25*6*9,96*12*3
973,3348.91,8477,0,0,0.754051,0.877026,214,25*6*5,96*12*2
974,3195.33,8477,1,0,0.790294,0.895147,213,25*6*5,96*12*2
975,4101.85,12033,0,0,0.890562,0.945281,216,25*6*7,96*12*3
976,2781.98,7091,0,0,0.810718,0.905359,203,25*6*4,96*12*2
977,3406.06,8478,1,0,0.741399,0.8707,214,25*6*5,96*12*2
978,1731.23,4877,0,0,0.807258,0.903629,189,25*6*3,96*12*1
979,1395.09,3549,1,0,0.808335,0.904167,178,25*6*2,96*12*1
980,1915.88,4877,0,0,0.729456,0.864728,190,25*6*3,96*12*1
981,2506.04,7091,0,0,0.899986,0.949993,203,25*6*4,96*12*2
982,3609.8,10630,0,0,0.937199,0.968599,215,25*6*6,96*12*3
983,4171.75,12033,0,0,0.87564,0.93782,216,25*6*7,96*12*3
984,12876.6,14605,1,0,0.325602,0.662801,218,25*6*9,96*12*3
985,1224.9,3548,0,0,0.920647,0.960323,175,25*6*2,96*12*1
986,2154.42,6024,0,0,0.960607,0.980303,202,25*3*7,96*6*3
987,2801.71,7091,0,0,0.805008,0.902504,203,25*6*4,96*12*2
988,6306.45,14604,0,0,0.664819,0.83241,218,25*6*9,96*12*3
989,2393.03,7091,0,0,0.942487,0.971244,203,25*6*4,96*12*2
990,926.941,2440,0,0,0.850701,0.925351,138,25*3*3,96*6*1
991,786.117,1774,0,0,0.781372,0.890686,131,25*6*1,96*6*1
992,620.397,1627,1,0,0.859208,0.929604,109,25*6*1,96*4*1
993,479.538,1116,1,0,0.912336,0.956168,77,25*2*2,96*3*1
994,772.404,1775,1,0,0.795244,0.897622,129,25*6*1,96*6*1
995,1354.52,3548,0,0,0.832546,0.916273,177,25*6*2,96*12*1
996,785.664,1774,0,0,0.781823,0.890911,131,25*6*1,96*6*1
997,775.993,1775,1,0,0.791566,0.895783,129,25*6*1,96*6*1
998,2702.1,7091,0,0,0.834684,0.917342,203,25*6*4,96*12*2
999,1786.88,4877,0,0,0.782117,0.891059,190,25*6*3,96*12*1
1000,2377.59,7091,0,0,0.948608,0.974304,203,25*6*4,96*12*2
1001,2133.84,6024,0,0,0.969871,0.984936,201,25*3*7,96*6*3
1002,3306.5,8477,0,0,0.763723,0.881861,214,25*6*5,96*12*2
1003,3370.86,8477,1,0,0.749141,0.874571,214,25*6*5,96*12*2
1004,2744.73,7091,0,0,0.82172,0.91086,203,25*6*4,96*12*2
1005,15955.2,14604,0,0,0.262776,0.631388,218,25*6*9,96*12*3
1006,15959.7,14605,1,0,0.262702,0.631351,218,25*6*9,96*12*3
1007,20655,14605,1,0,0.202985,0.601492,218,25*6*9,96*12*3
1008,5425.21,14605,1,0,0.772809,0.886404,218,25*6*9,96*12*3
1009,5342.3,14605,1,0,0.784802,0.892401,218,25*6*9,96*12*3
1010,15888.2,14605,1,0,0.263885,0.631942,218,25*6*9,96*12*3
1011,6130.27,14605,1,0,0.683926,0.841963,218,25*6*9,96*12*3
1012,6214.67,14605,1,0,0.674638,0.837319,218,25*6*9,96*12*3
1013,6138.53,14605,1,0,0.683006,0.841503,218,25*6*9,96*12*3
1014,15960.9,14605,1,0,0.262683,0.631341,218,25*6*9,96*12*3
1015,16004.3,14605,1,0,0.26197,0.630985,218,25*6*9,96*12*3
1016,9976.83,14605,1,0,0.420239,0.710119,218,25*6*9,96*12*3
1017,7753.92,14605,1,0,0.540714,0.770357,218,25*6*9,96*12*3
1018,16528.8,14605,1,0,0.253657,0.626829,218,25*6*9,96*12*3
1019,7954,14605,1,0,0.527112,0.763556,218,25*6*9,96*12*3
1020,13009.8,14605,1,0,0.322269,0.661134,218,25*6*9,96*12*3
1021,7965.84,14605,1,0,0.526329,0.763164,218,25*6*9,96*12*3
1022,8230.74,14605,1,0,0.509389,0.754695,218,25*6*9,96*12*3
1023,8016.68,14605,1,0,0.522991,0.761495,218,25*6*9,96*12*3
1024,7595.88,14605,1,0,0.551964,0.775982,218,25*6*9,96*12*3
1025,7886.1,14605,1,0,0.531651,0.765825,218,25*6*9,96*12*3
1026,10368.9,14605,1,0,0.404349,0.702174,218,25*6*9,96*12*3
1027,6671.46,14605,1,0,0.628446,0.814223,218,25*6*9,96*12*3
1028,8184.97,14605,1,0,0.512238,0.756119,218,25*6*9,96*12*3
1029,6364.07,14605,1,0,0.6588,0.8294,218,25*6*9,96*12*3
1030,5420.74,14605,1,0,0.773446,0.886723,218,25*6*9,96*12*3
1031,2013.1,4877,0,0,0.694228,0.847114,197,25*6*3,96*12*1
1032,1615.65,4243,1,0,0.822115,0.911057,188,25*3*5,96*12*1
1033,2156.01,6024,0,0,0.959898,0.979949,202,25*3*7,96*6*3
1034,2706.48,7091,0,0,0.833333,0.916667,203,25*6*4,96*12*2
1035,5334.62,14604,0,0,0.785932,0.892966,218,25*6*9,96*12*3
1036,5601.31,14605,1,0,0.748512,0.874256,218,25*6*9,96*12*3
1037,19868.8,14605,1,0,0.211017,0.605508,218,25*6*9,96*12*3
1038,3333.67,8477,0,0,0.757498,0.878749,214,25*6*5,96*12*2
1039,6387.88,14604,0,0,0.656345,0.828172,218,25*6*9,96*12*3
1040,19760.4,14605,1,0,0.212174,0.606087,218,25*6*9,96*12*3
1041,12568.3,14605,1,0,0.333589,0.666795,218,25*6*9,96*12*3
1042,13024.6,14605,1,0,0.321902,0.660951,218,25*6*9,96*12*3
1043,6430.29,14605,1,0,0.652016,0.826008,218,25*6*9,96*12*3
1044,12683.8,14605,1,0,0.330552,0.665276,218,25*6*9,96*12*3
1045,12626.6,14605,1,0,0.332049,0.666025,218,25*6*9,96*12*3
1046,8119.78,14605,1,0,0.51635,0.758175,218,25*6*9,96*12*3
1047,2205.53,6024,0,0,0.938346,0.969173,202,25*3*7,96*6*3
1048,724.299,1774,0,0,0.848061,0.924031,122,25*6*1,96*6*1
1049,0,0,0,0,0,0,0,1*1*1,1*1*1
1050,25.1509,0,0,0,0,0,0,1*1*1,1*1*1
1051,0,0,0,0,0,0,0,1*1*1,1*1*1
1052,246.955,433,0,0,0.899962,0.949981,29,25*2*1,32*2*1
1053,426.72,813,0,0,0.773458,0.886729,74,25*3*1,96*2*1
1054,863.721,1775,1,0,0.711167,0.855584,136,25*6*1,96*6*1
1055,899.918,2440,1,0,0.876247,0.938123,138,25*3*3,96*6*1
1056,247.535,433,0,0,0.897853,0.948926,29,25*2*1,32*2*1
1057,278.249,500,0,0,0.859123,0.929561,42,25*2*1,48*2*1
1058,1194.92,3548,0,0,0.943745,0.971873,175,25*6*2,96*12*1
1059,1681.84,4877,0,0,0.830965,0.915482,189,25*6*3,96*12*1
1060,2331.17,6024,0,0,0.887773,0.943887,202,25*3*7,96*6*3
1061,3737.62,10630,0,0,0.905148,0.952574,215,25*6*6,96*12*3
1062,5099.09,14604,0,0,0.822235,0.911117,218,25*6*9,96*12*3
1063,6418.42,14605,1,0,0.653222,0.826611,218,25*6*9,96*12*3
1064,4401.39,13356,0,0,0.891264,0.945632,217,25*6*8,96*12*3
1065,1635.25,4242,0,0,0.812261,0.906131,188,25*3*5,96*12*1
1066,2003.8,4877,0,0,0.69745,0.848725,197,25*6*3,96*12*1
1067,750.34,1775,1,0,0.818629,0.909314,126,25*6*1,96*6*1
1068,1773.28,4878,1,0,0.788116,0.894058,190,25*6*3,96*12*1
1069,156.401,217,0,0,0.901848,0.950924,9,25*1*1,32*1*1
1070,156.04,217,1,0,0.903935,0.951967,9,25*1*1,32*1*1
1071,1197.18,3548,0,0,0.941964,0.970982,175,25*6*2,96*12*1
1072,326.605,650,0,0,0.856233,0.928117,49,25*3*1,48*2*1
1073,0,0,0,0,0,0,0,1*1*1,1*1*1
1074,364.721,813,0,0,0.904938,0.952469,67,25*3*1,96*2*1
1075,0,0,0,0,0,0,0,1*1*1,1*1*1
1076,67.8955,0,0,0,0,0,0,1*1*1,1*1*1
1077,788.052,1775,1,0,0.779454,0.889727,131,25*6*1,96*6*1
1078,550.291,1627,1,0,0.968669,0.984335,102,25*6*1,96*4*1
1079,308.581,650,0,0,0.906245,0.953123,47,25*3*1,48*2*1
1080,820.76,1774,0,0,0.748392,0.874196,133,25*6*1,96*6*1
1081,398.31,814,1,0,0.828626,0.914313,72,25*3*1,96*2*1
1082,428.809,814,1,0,0.76969,0.884845,74,25*3*1,96*2*1
1083,651.546,1627,1,0,0.818131,0.909066,111,25*6*1,96*4*1
1084,3172.24,8477,0,0,0.796046,0.898023,213,25*6*5,96*12*2
1085,4962.98,14604,0,0,0.844785,0.922392,218,25*6*9,96*12*3
1086,5568.25,14605,1,0,0.752956,0.876478,218,25*6*9,96*12*3
1087,1590.81,4242,0,0,0.834952,0.917476,187,25*3*5,96*12*1
1088,16159.7,14604,0,0,0.259451,0.629725,218,25*6*9,96*12*3
1089,1950.3,4877,0,0,0.716582,0.858291,190,25*6*3,96*12*1
1090,19838.6,14604,0,0,0.211338,0.605669,218,25*6*9,96*12*3
1091,2630.83,7091,0,0,0.857296,0.928648,203,25*6*4,96*12*2
1092,2528.28,7092,1,0,0.892069,0.946034,203,25*6*4,96*12*2
1093,3054.01,8478,1,0,0.826864,0.913432,211,25*6*5,96*12*2
1094,4199.5,12033,0,0,0.869854,0.934927,216,25*6*7,96*12*3
1095,3302.78,8477,0,0,0.764583,0.882292,214,25*6*5,96*12*2
1096,3281.65,8477,1,0,0.769506,0.884753,214,25*6*5,96*12*2
1097,2165.35,6024,0,0,0.955758,0.977879,202,25*3*7,96*6*3
1098,3821.95,12034,1,0,0.955782,0.977891,216,25*6*7,96*12*3
1099,4569.44,13356,0,0,0.858486,0.929243,217,25*6*8,96*12*3
1100,3668.78,10630,0,0,0.922132,0.961066,215,25*6*6,96*12*3
1101,2887.04,7091,0,0,0.781215,0.890608,203,25*6*4,96*12*2
1102,4901.31,14604,0,0,0.855414,0.927707,218,25*6*9,96*12*3
1103,4510.21,13357,1,0,0.86976,0.93488,217,25*6*8,96*12*3
1104,4370.18,13356,1,0,0.897629,0.948814,217,25*6*8,96*12*3
1105,2902.86,7091,0,0,0.776958,0.888479,203,25*6*4,96*12*2
1106,1819.17,4877,0,0,0.768235,0.884117,190,25*6*3,96*12*1
1107,3435.4,8477,0,0,0.735067,0.867534,214,25*6*5,96*12*2
1108,3967.11,12033,0,0,0.920809,0.960404,216,25*6*7,96*12*3
1109,3914.97,12034,1,0,0.933072,0.966536,216,25*6*7,96*12*3
1110,2827.38,7091,0,0,0.7977,0.89885,203,25*6*4,96*12*2
1111,3907.26,12033,0,0,0.934913,0.967457,216,25*6*7,96*12*3
1112,6775.53,14605,1,0,0.618793,0.809396,218,25*6*9,96*12*3
1113,5443.63,14605,1,0,0.770194,0.885097,218,25*6*9,96*12*3
1114,5467.13,14605,1,0,0.766883,0.883442,218,25*6*9,96*12*3
1115,2498.17,7091,0,0,0.902821,0.95141,203,25*6*4,96*12*2
1116,1894.11,4877,0,0,0.73784,0.86892,190,25*6*3,96*12*1
1117,290.829,500,0,0,0.821961,0.91098,44,25*2*1,48*2*1
1118,1952.92,4877,0,0,0.715621,0.85781,190,25*6*3,96*12*1
1119,96.1519,42,0,0,0.96462,0.98231,4,5*1*1,6*1*1
1120,368.004,813,0,0,0.896865,0.948433,67,25*3*1,96*2*1
1121,440.451,814,1,0,0.749346,0.874673,74,25*3*1,96*2*1
1122,296.632,501,1,0,0.805881,0.90294,46,25*2*1,48*2*1
1123,970.644,2440,0,0,0.812399,0.906199,139,25*3*3,96*6*1
1124,1209.3,3548,0,0,0.932523,0.966261,175,25*6*2,96*12*1
1125,564.389,1627,0,0,0.944473,0.972236,105,25*6*1,96*4*1
1126,2357.33,7091,0,0,0.95676,0.97838,203,25*6*4,96*12*2
1127,1510.92,4242,0,0,0.8791,0.93955,183,25*3*5,96*12*1
1128,1329.15,3548,0,0,0.848437,0.924218,176,25*6*2,96*12*1
1129,203.793,250,0,0,0.77456,0.88728,24,25*1*1,48*1*1
1130,385.012,814,1,0,0.857246,0.928623,69,25*3*1,96*2*1
1131,957.99,2440,0,0,0.82313,0.911565,139,25*3*3,96*6*1
1132,0,0,0,0,0,0,0,1*1*1,1*1*1
1133,638.217,1627,0,0,0.835217,0.917609,110,25*6*1,96*4*1
1134,0,0,0,0,0,0,0,1*1*1,1*1*1
1135,656.224,1627,1,0,0.812299,0.906149,112,25*6*1,96*4*1
1136,222.293,250,1,0,0.710099,0.855049,26,25*1*1,48*1*1
1137,315.798,651,1,0,0.885534,0.942767,48,25*3*1,48*2*1
1138,7.51072,0,0,0,0,0,0,1*1*1,1*1*1
1139,168.618,217,0,0,0.836506,0.918253,12,25*1*1,32*1*1
1140,71.0135,0,0,0,0,0,0,1*1*1,1*1*1
1141,178.865,217,1,0,0.788584,0.894292,17,25*1*1,32*1*1
1142,360.485,751,1,0,0.888386,0.944193,65,25*3*1,48*3*1
1143,34.11,0,0,0,0,0,0,1*1*1,1*1*1
1144,1061.97,2602,0,0,0.913915,0.956957,166,25*3*3,96*4*2
1145,629.909,1627,0,0,0.846233,0.923117,110,25*6*1,96*4*1
1146,264.813,501,1,0,0.902712,0.951356,39,25*2*1,48*2*1
1147,1557.56,4242,0,0,0.852776,0.926388,185,25*3*5,96*12*1
1148,2404.24,7091,0,0,0.938093,0.969046,203,25*6*4,96*12*2
1149,2062.99,4877,0,0,0.677439,0.83872,199,25*6*3,96*12*1
1150,3109.99,8477,0,0,0.81198,0.90599,212,25*6*5,96*12*2
1151,15910.2,14604,0,0,0.26352,0.63176,218,25*6*9,96*12*3
1152,20172.3,14605,1,0,0.207842,0.603921,218,25*6*9,96*12*3
1153,15983.5,14605,1,0,0.262311,0.631156,218,25*6*9,96*12*3
1154,15664.6,14605,1,0,0.267651,0.633826,218,25*6*9,96*12*3
1155,20214.3,14605,1,0,0.20741,0.603705,218,25*6*9,96*12*3
1156,12884.5,14605,1,0,0.325403,0.662701,218,25*6*9,96*12*3
1157,16423.4,14605,1,0,0.255285,0.627643,218,25*6*9,96*12*3
1158,24982.2,14605,1,0,0.167825,0.583913,218,25*6*9,96*12*3
1159,19674.5,14605,1,0,0.213101,0.60655,218,25*6*9,96*12*3
1160,16063,14605,1,0,0.261013,0.630506,218,25*6*9,96*12*3
1161,16146.7,14605,1,0,0.25966,0.62983,218,25*6*9,96*12*3
1162,16246.1,14605,1,0,0.258071,0.629036,218,25*6*9,96*12*3
1163,19988.8,14605,1,0,0.20975,0.604875,218,25*6*9,96*12*3
1164,10249.2,14605,1,0,0.409071,0.704535,218,25*6*9,96*12*3
1165,20291.2,14605,1,0,0.206624,0.603312,218,25*6*9,96*12*3
1166,25090.2,14605,1,0,0.167103,0.583552,218,25*6*9,96*12*3
1167,15580.9,14605,1,0,0.269089,0.634545,218,25*6*9,96*12*3
1168,12581.9,14605,1,0,0.333229,0.666614,218,25*6*9,96*12*3
1169,15933.2,14605,1,0,0.263139,0.63157,218,25*6*9,96*12*3
1170,25353,14605,1,0,0.165371,0.582685,218,25*6*9,96*12*3
1171,20369.1,14605,1,0,0.205834,0.602917,218,25*6*9,96*12*3
1172,25287.9,14605,1,0,0.165797,0.582898,218,25*6*9,96*12*3
1173,12482.2,14605,1,0,0.33589,0.667945,218,25*6*9,96*12*3
1174,12813.4,14605,1,0,0.327208,0.663604,218,25*6*9,96*12*3
1175,12682.1,14605,1,0,0.330596,0.665298,218,25*6*9,96*12*3
1176,16263.9,14605,1,0,0.257789,0.628894,218,25*6*9,96*12*3
1177,12351.7,14605,1,0,0.339439,0.66972,218,25*6*9,96*12*3
1178,12396.3,14605,1,0,0.338218,0.669109,218,25*6*9,96*12*3
1179,16038.6,14605,1,0,0.26141,0.630705,218,25*6*9,96*12*3
1180,12756.1,14605,1,0,0.328678,0.664339,218,25*6*9,96*12*3
1181,10539.9,14605,1,0,0.397788,0.698894,218,25*6*9,96*12*3
1182,12904.9,14605,1,0,0.324888,0.662444,218,25*6*9,96*12*3
1183,15769.7,14605,1,0,0.265867,0.632934,218,25*6*9,96*12*3
1184,16219.7,14605,1,0,0.258491,0.629246,218,25*6*9,96*12*3
1185,5168.01,14605,1,0,0.81127,0.905635,218,25*6*9,96*12*3
1186,16291.9,14605,1,0,0.257346,0.628673,218,25*6*9,96*12*3
1187,3660.29,10631,1,0,0.924271,0.962136,215,25*6*6,96*12*3
1188,0,0,0,0,0,0,0,1*1*1,1*1*1
1189,446.643,1115,0,0,0.97953,0.989765,76,25*2*2,96*3*1
1190,132.942,61,0,0,0.83984,0.91992,8,5*1*1,24*1*1
1191,252.873,433,0,0,0.8789,0.93945,33,25*2*1,32*2*1
1192,139.665,61,0,0,0.799413,0.899706,8,5*1*1,24*1*1
1193,609.431,1627,0,0,0.874668,0.937334,109,25*6*1,96*4*1
1194,2219.08,6024,0,0,0.932616,0.966308,202,25*3*7,96*6*3
1195,1083.48,2828,0,0,0.981698,0.990849,169,25*2*5,96*4*2
1196,10164.8,14604,0,0,0.412468,0.706234,218,25*6*9,96*12*3
1197,1574.6,4242,0,0,0.843548,0.921774,186,25*3*5,96*12*1
1198,19668.5,14604,0,0,0.213166,0.606583,218,25*6*9,96*12*3
1199,20107.9,14605,1,0,0.208508,0.604254,218,25*6*9,96*12*3
1200,12873.6,14605,1,0,0.325678,0.662839,218,25*6*9,96*12*3
1201,1749.48,4877,0,0,0.798837,0.899419,189,25*6*3,96*12*1
1202,7907.71,14604,0,0,0.530198,0.765099,218,25*6*9,96*12*3
1203,15741.3,14605,1,0,0.266347,0.633174,218,25*6*9,96*12*3
1204,15797.1,14605,1,0,0.265406,0.632703,218,25*6*9,96*12*3
1205,20412.9,14605,1,0,0.205392,0.602696,218,25*6*9,96*12*3
1206,12576.5,14605,1,0,0.333372,0.666686,218,25*6*9,96*12*3
1207,1604.29,4242,0,0,0.827936,0.913968,187,25*3*5,96*12*1
1208,0,0,0,0,0,0,0,1*1*1,1*1*1
1209,0,0,0,0,0,0,0,1*1*1,1*1*1
1210,117.469,57,0,0,0.878955,0.939478,7,5*1*1,16*1*1
1211,1984.46,4877,0,0,0.704247,0.852123,196,25*6*3,96*12*1
1212,730.274,1775,1,0,0.841123,0.920561,123,25*6*1,96*6*1
1213,0,0,0,0,0,0,0,1*1*1,1*1*1
1214,629.57,1627,1,0,0.846689,0.923345,110,25*6*1,96*4*1
1215,499.701,1116,1,0,0.875524,0.937762,84,25*2*2,96*3*1
1216,293.91,500,0,0,0.813344,0.906672,44,25*2*1,48*2*1
1217,1159.71,3253,0,0,0.919282,0.959641,172,25*6*2,96*4*2
1218,1855.64,4877,0,0,0.753136,0.876568,190,25*6*3,96*12*1
1219,1319.5,3549,1,0,0.854642,0.927321,176,25*6*2,96*12*1
1220,229.153,250,0,0,0.688841,0.844421,26,25*1*1,48*1*1
1221,700.68,1775,1,0,0.876648,0.938324,121,25*6*1,96*6*1
1222,821.165,1775,1,0,0.748023,0.874011,133,25*6*1,96*6*1
1223,250.186,434,1,0,0.888339,0.94417,32,25*2*1,32*2*1
1224,376.987,813,0,0,0.875494,0.937747,69,25*3*1,96*2*1
1225,53.2052,0,0,0,0,0,0,1*1*1,1*1*1
1226,0,0,0,0,0,0,0,1*1*1,1*1*1
1227,341.432,651,1,0,0.81905,0.909525,57,25*3*1,48*2*1
1228,365.757,813,0,0,0.902375,0.951188,67,25*3*1,96*2*1
1229,390.202,814,1,0,0.845844,0.922922,69,25*3*1,96*2*1
1230,0,0,0,0,0,0,0,1*1*1,1*1*1
1231,0,0,0,0,0,0,0,1*1*1,1*1*1
1232,676.427,1627,1,0,0.788038,0.894019,116,25*6*1,96*4*1
1233,211.906,250,0,0,0.744906,0.872453,24,25*1*1,48*1*1
1234,122.434,57,0,0,0.843311,0.921656,7,5*1*1,16*1*1
1235,220.302,250,0,0,0.716516,0.858258,26,25*1*1,48*1*1
1236,409.156,814,1,0,0.806661,0.90333,72,25*3*1,96*2*1
1237,365.359,814,1,0,0.903358,0.951679,67,25*3*1,96*2*1
1238,177.602,217,1,0,0.794192,0.897096,17,25*1*1,32*1*1
1239,169.182,217,1,0,0.833718,0.916859,13,25*1*1,32*1*1
1240,197.452,250,0,0,0.799435,0.899717,24,25*1*1,48*1*1
1241,0,0,0,0,0,0,0,1*1*1,1*1*1
1242,479.775,1115,0,0,0.911886,0.955943,77,25*2*2,96*3*1
1243,448.027,1116,1,0,0.976504,0.988252,76,25*2*2,96*3*1
1244,330.691,650,0,0,0.845653,0.922827,52,25*3*1,48*2*1
1245,357.704,752,1,0,0.895293,0.947647,63,25*3*1,48*3*1
1246,555.876,1627,1,0,0.958937,0.979468,104,25*6*1,96*4*1
1247,547.3,1627,1,0,0.973963,0.986982,102,25*6*1,96*4*1
1248,336.133,651,1,0,0.831962,0.915981,55,25*3*1,48*2*1
1249,12.3406,0,0,0,0,0,0,1*1*1,1*1*1
1250,94.4406,42,0,0,0.982099,0.991049,4,5*1*1,6*1*1
1251,461.186,1115,0,0,0.948641,0.974321,77,25*2*2,96*3*1
1252,0,0,0,0,0,0,0,1*1*1,1*1*1
1253,225.233,250,0,0,0.70083,0.850415,26,25*1*1,48*1*1
1254,94.3636,42,0,0,0.9829,0.99145,4,5*1*1,6*1*1
1255,343.261,650,0,0,0.814686,0.907343,59,25*3*1,48*2*1
1256,606.955,1627,0,0,0.878236,0.939118,109,25*6*1,96*4*1
1257,196.357,250,1,0,0.803893,0.901946,24,25*1*1,48*1*1
1258,393.63,814,1,0,0.838478,0.919239,71,25*3*1,96*2*1
1259,1167.01,3253,0,0,0.913531,0.956766,172,25*6*2,96*4*2
1260,2856.76,7091,0,0,0.789496,0.894748,203,25*6*4,96*12*2
1261,5307.31,14604,0,0,0.789976,0.894988,218,25*6*9,96*12*3
1262,16083.4,14605,1,0,0.260682,0.630341,218,25*6*9,96*12*3
1263,6452.81,14605,1,0,0.64974,0.82487,218,25*6*9,96*12*3
1264,16334.4,14605,1,0,0.256676,0.628338,218,25*6*9,96*12*3
1265,788.606,1774,0,0,0.778906,0.889453,131,25*6*1,96*6*1
1266,10570.4,14604,0,0,0.396641,0.69832,218,25*6*9,96*12*3
1267,7903.32,14605,1,0,0.530492,0.765246,218,25*6*9,96*12*3
1268,1585.11,4242,0,0,0.837954,0.918977,187,25*3*5,96*12*1
1269,16082.3,14604,0,0,0.2607,0.63035,218,25*6*9,96*12*3
1270,2484.51,7091,0,0,0.907785,0.953892,203,25*6*4,96*12*2
1271,20410.6,14604,0,0,0.205415,0.602708,218,25*6*9,96*12*3
1272,12841.2,14605,1,0,0.3265,0.66325,218,25*6*9,96*12*3
1273,3096.52,8477,0,0,0.815512,0.907756,212,25*6*5,96*12*2
1274,3468.91,8477,1,0,0.727966,0.863983,214,25*6*5,96*12*2
1275,3898.94,12033,0,0,0.936908,0.968454,216,25*6*7,96*12*3
1276,2693.85,7091,0,0,0.83724,0.91862,203,25*6*4,96*12*2
1277,3249.73,8478,1,0,0.777065,0.888532,214,25*6*5,96*12*2
1278,1329.07,3548,0,0,0.848488,0.924244,176,25*6*2,96*12*1
1279,1230.67,3549,1,0,0.91633,0.958165,175,25*6*2,96*12*1
1280,1989.65,4877,0,0,0.70241,0.851205,196,25*6*3,96*12*1
1281,2858.78,7091,0,0,0.788938,0.894469,203,25*6*4,96*12*2
1282,3875.38,12033,0,0,0.942604,0.971302,216,25*6*7,96*12*3
1283,4334.48,13357,1,0,0.905022,0.952511,217,25*6*8,96*12*3
1284,12595.5,14604,0,0,0.332869,0.666434,218,25*6*9,96*12*3
1285,1221.06,3548,0,0,0.923542,0.961771,175,25*6*2,96*12*1
1286,2057.81,4877,0,0,0.679144,0.839572,199,25*6*3,96*12*1
1287,2546.61,7091,0,0,0.885648,0.942824,203,25*6*4,96*12*2
1288,6811.99,14604,0,0,0.615481,0.80774,218,25*6*9,96*12*3
1289,2946.38,8477,0,0,0.857069,0.928534,206,25*6*5,96*12*2
1290,1447.18,3548,0,0,0.77924,0.88962,178,25*6*2,96*12*1
1291,334.69,650,0,0,0.835549,0.917775,55,25*3*1,48*2*1
1292,1385.94,3548,0,0,0.813672,0.906836,178,25*6*2,96*12*1
1293,795.325,1774,0,0,0.772326,0.886163,132,25*6*1,96*6*1
1294,878.578,1775,1,0,0.699141,0.849571,136,25*6*1,96*6*1
1295,1488.51,4243,1,0,0.892335,0.946168,182,25*3*5,96*12*1
1296,841.806,1774,0,0,0.729681,0.864841,134,25*6*1,96*6*1
1297,744.788,1775,1,0,0.824731,0.912366,125,25*6*1,96*6*1
1298,2529.38,7091,0,0,0.891681,0.94584,203,25*6*4,96*12*2
1299,2437.81,7092,1,0,0.925175,0.962587,203,25*6*4,96*12*2
1300,2235.11,6024,0,0,0.925928,0.962964,202,25*3*7,96*6*3
1301,2138.39,6024,1,0,0.967808,0.983904,201,25*3*7,96*6*3
1302,3218.19,8477,0,0,0.78468,0.89234,213,25*6*5,96*12*2
1303,3108.55,8477,1,0,0.812356,0.906178,212,25*6*5,96*12*2
1304,2690.69,7091,0,0,0.838224,0.919112,203,25*6*4,96*12*2
1305,15963,14604,0,0,0.262648,0.631324,218,25*6*9,96*12*3
1306,16317.8,14605,1,0,0.256937,0.628469,218,25*6*9,96*12*3
1307,20157,14605,1,0,0.208,0.604,218,25*6*9,96*12*3
1308,5101.56,14605,1,0,0.821837,0.910918,218,25*6*9,96*12*3
1309,4844.47,13356,0,0,0.809748,0.904874,217,25*6*8,96*12*3
1310,16292.9,14604,0,0,0.25733,0.628665,218,25*6*9,96*12*3
1311,6272.56,14605,1,0,0.668411,0.834206,218,25*6*9,96*12*3
1312,6696.27,14605,1,0,0.626117,0.813059,218,25*6*9,96*12*3
1313,6429.27,14605,1,0,0.652119,0.82606,218,25*6*9,96*12*3
1314,16146.6,14605,1,0,0.259661,0.629831,218,25*6*9,96*12*3
1315,16208.6,14605,1,0,0.258668,0.629334,218,25*6*9,96*12*3
1316,10514.6,14605,1,0,0.398746,0.699373,218,25*6*9,96*12*3
1317,7880.82,14605,1,0,0.532007,0.766003,218,25*6*9,96*12*3
1318,15982.9,14605,1,0,0.262321,0.63116,218,25*6*9,96*12*3
1319,8189.28,14605,1,0,0.511968,0.755984,218,25*6*9,96*12*3
1320,12786.9,14605,1,0,0.327886,0.663943,218,25*6*9,96*12*3
1321,8064.45,14605,1,0,0.519893,0.759946,218,25*6*9,96*12*3
1322,8084.63,14605,1,0,0.518595,0.759298,218,25*6*9,96*12*3
1323,7951.48,14605,1,0,0.527279,0.76364,218,25*6*9,96*12*3
1324,8123.31,14605,1,0,0.516126,0.758063,218,25*6*9,96*12*3
1325,7786.76,14605,1,0,0.538433,0.769217,218,25*6*9,96*12*3
1326,10294.7,14605,1,0,0.407263,0.703631,218,25*6*9,96*12*3
1327,6505.01,14605,1,0,0.644526,0.822263,218,25*6*9,96*12*3
1328,8232.59,14605,1,0,0.509275,0.754637,218,25*6*9,96*12*3
1329,6471.99,14605,1,0,0.647815,0.823907,218,25*6*9,96*12*3
1330,5101.35,14605,1,0,0.821871,0.910935,218,25*6*9,96*12*3
1331,1839.91,4877,0,0,0.759575,0.879788,190,25*6*3,96*12*1
1332,1647.47,4243,1,0,0.806236,0.903118,188,25*3*5,96*12*1
1333,1923.75,4877,0,0,0.726472,0.863236,190,25*6*3,96*12*1
1334,2628.16,7091,0,0,0.858167,0.929083,203,25*6*4,96*12*2
1335,5339.56,14604,0,0,0.785205,0.892603,218,25*6*9,96*12*3
1336,5355.11,14605,1,0,0.782925,0.891463,218,25*6*9,96*12*3
1337,20476.9,14605,1,0,0.20475,0.602375,218,25*6*9,96*12*3
1338,3169.64,8477,0,0,0.796699,0.89835,213,25*6*5,96*12*2
1339,6038.78,14604,0,0,0.694288,0.847144,218,25*6*9,96*12*3
1340,20322.5,14605,1,0,0.206306,0.603153,218,25*6*9,96*12*3
1341,12668.6,14605,1,0,0.330948,0.665474,218,25*6*9,96*12*3
1342,12924.9,14605,1,0,0.324385,0.662193,218,25*6*9,96*12*3
1343,6479.19,14605,1,0,0.647095,0.823547,218,25*6*9,96*12*3
1344,12349.7,14605,1,0,0.339494,0.669747,218,25*6*9,96*12*3
1345,12571,14605,1,0,0.333518,0.666759,218,25*6*9,96*12*3
1346,8145.81,14605,1,0,0.5147,0.75735,218,25*6*9,96*12*3
1347,2241.64,6024,0,0,0.92323,0.961615,202,25*3*7,96*6*3
1348,917.595,2440,0,0,0.859366,0.929683,138,25*3*3,96*6*1
1349,514.316,1115,0,0,0.850644,0.925322,93,25*2*2,96*3*1
1350,279.225,500,0,0,0.85612,0.92806,42,25*2*1,48*2*1
1351,251.448,433,0,0,0.883881,0.94194,32,25*2*1,32*2*1
1352,490.149,1115,0,0,0.892586,0.946293,78,25*2*2,96*3*1
1353,0,0,0,0,0,0,0,1*1*1,1*1*1
1354,477.558,1116,1,0,0.916119,0.95806,77,25*2*2,96*3*1
1355,727.753,1774,0,0,0.844036,0.922018,122,25*6*1,96*6*1
1356,454.081,1116,1,0,0.963484,0.981742,76,25*2*2,96*3*1
1357,269.201,500,0,0,0.887998,0.943999,41,25*2*1,48*2*1
1358,1138.53,3253,0,0,0.936383,0.968191,172,25*6*2,96*4*2
1359,1868.01,4877,0,0,0.748149,0.874075,190,25*6*3,96*12*1
1360,1878.69,4878,1,0,0.743896,0.871948,190,25*6*3,96*12*1
1361,4351.87,13356,0,0,0.901406,0.950703,217,25*6*8,96*12*3
1362,5137.31,14604,0,0,0.816118,0.908059,218,25*6*9,96*12*3
1363,6516.58,14605,1,0,0.643382,0.821691,218,25*6*9,96*12*3
1364,4148.49,12033,0,0,0.880549,0.940275,216,25*6*7,96*12*3
1365,1919.16,4877,0,0,0.728209,0.864105,190,25*6*3,96*12*1
1366,2291.86,6024,0,0,0.903,0.9515,202,25*3*7,96*6*3
1367,635.905,1627,0,0,0.838254,0.919127,110,25*6*1,96*4*1
1368,1605.99,4242,0,0,0.82706,0.91353,187,25*3*5,96*12*1
1369,0,0,0,0,0,0,0,1*1*1,1*1*1
1370,394.356,813,0,0,0.836934,0.918467,71,25*3*1,96*2*1
1371,764.364,1775,1,0,0.803609,0.901805,128,25*6*1,96*6*1
1372,97.7432,42,0,0,0.948915,0.974458,4,5*1*1,6*1*1
1373,284.984,500,0,0,0.838819,0.91941,44,25*2*1,48*2*1
1374,405.341,813,0,0,0.814253,0.907126,72,25*3*1,96*2*1
1375,351.245,752,1,0,0.911757,0.955878,63,25*3*1,48*3*1
1376,612.627,1627,1,0,0.870105,0.935053,109,25*6*1,96*4*1
1377,465.018,1115,0,0,0.940824,0.970412,77,25*2*2,96*3*1
1378,774.529,1775,1,0,0.793063,0.896531,129,25*6*1,96*6*1
1379,491.655,1115,0,0,0.889852,0.944926,80,25*2*2,96*3*1
1380,331.673,650,0,0,0.84315,0.921575,53,25*3*1,48*2*1
1381,335.808,651,1,0,0.832768,0.916384,55,25*3*1,48*2*1
1382,528.931,1183,0,0,0.903899,0.951949,98,25*2*2,96*4*1
1383,1103.69,3253,1,0,0.965942,0.982971,170,25*6*2,96*4*2
1384,3039.98,8477,0,0,0.83068,0.91534,211,25*6*5,96*12*2
1385,4830.47,13356,0,0,0.812095,0.906047,217,25*6*8,96*12*3
1386,5047.86,14604,0,0,0.83058,0.91529,218,25*6*9,96*12*3
1387,919.927,2440,0,0,0.857188,0.928594,138,25*3*3,96*6*1
1388,16353,14604,0,0,0.256384,0.628192,218,25*6*9,96*12*3
1389,1969.53,4877,0,0,0.709586,0.854793,194,25*6*3,96*12*1
1390,19922,14604,0,0,0.210453,0.605227,218,25*6*9,96*12*3
1391,2572.53,7091,0,0,0.876724,0.938362,203,25*6*4,96*12*2
1392,2368.15,7092,1,0,0.952389,0.976194,203,25*6*4,96*12*2
1393,3029.44,8478,1,0,0.83357,0.916785,211,25*6*5,96*12*2
1394,4245.58,12033,0,0,0.860412,0.930206,216,25*6*7,96*12*3
1395,3524.73,8477,0,0,0.716438,0.858219,214,25*6*5,96*12*2
1396,3717.95,10630,0,0,0.909937,0.954968,215,25*6*6,96*12*3
1397,1866.6,4877,0,0,0.748714,0.874357,190,25*6*3,96*12*1
1398,4196.62,12033,0,0,0.870451,0.935225,216,25*6*7,96*12*3
1399,4252.37,12034,1,0,0.859039,0.929519,216,25*6*7,96*12*3
1400,3258.97,8477,0,0,0.774861,0.887431,214,25*6*5,96*12*2
1401,2545.55,7091,0,0,0.886017,0.943008,203,25*6*4,96*12*2
1402,5198.27,14604,0,0,0.806547,0.903274,218,25*6*9,96*12*3
1403,4229.66,12034,1,0,0.863651,0.931825,216,25*6*7,96*12*3
1404,3882.95,12034,1,0,0.940767,0.970383,216,25*6*7,96*12*3
1405,2558.77,7091,0,0,0.881439,0.94072,203,25*6*4,96*12*2
1406,2098.34,6024,0,0,0.98628,0.99314,201,25*3*7,96*6*3
1407,3593.33,10630,0,0,0.941494,0.970747,215,25*6*6,96*12*3
1408,4118.84,12033,0,0,0.886888,0.943444,216,25*6*7,96*12*3
1409,3963.86,12034,1,0,0.921564,0.960782,216,25*6*7,96*12*3
1410,2757.55,7091,0,0,0.8179,0.90895,203,25*6*4,96*12*2
1411,4291.01,12033,0,0,0.851303,0.925652,216,25*6*7,96*12*3
1412,6400.3,14605,1,0,0.655071,0.827535,218,25*6*9,96*12*3
1413,5004.05,14605,1,0,0.837851,0.918926,218,25*6*9,96*12*3
1414,5372.82,14605,1,0,0.780344,0.890172,218,25*6*9,96*12*3
1415,2660.59,7091,0,0,0.847707,0.923853,203,25*6*4,96*12*2
1416,1851.78,4877,0,0,0.754706,0.877353,190,25*6*3,96*12*1
1417,481.371,1116,1,0,0.908862,0.954431,77,25*2*2,96*3*1
1418,2237.11,6024,0,0,0.9251,0.96255,202,25*3*7,96*6*3
1419,419.941,813,0,0,0.785944,0.892972,72,25*3*1,96*2*1
1420,298.642,651,1,0,0.936405,0.968203,47,25*3*1,48*2*1
1421,148.33,61,0,0,0.752714,0.876357,8,5*1*1,24*1*1
1422,330.182,650,0,0,0.846957,0.923479,52,25*3*1,48*2*1
1423,869.077,1774,0,0,0.706784,0.853392,136,25*6*1,96*6*1
1424,1314.08,3549,1,0,0.858167,0.929083,176,25*6*2,96*12*1
1425,937.923,2440,0,0,0.840741,0.92037,139,25*3*3,96*6*1
1426,2193.99,6024,0,0,0.943281,0.971641,202,25*3*7,96*6*3
1427,1137.68,3253,0,0,0.937082,0.968541,172,25*6*2,96*4*2
1428,1822.16,4877,0,0,0.766974,0.883487,190,25*6*3,96*12*1
1429,195.297,250,0,0,0.808256,0.904128,22,25*1*1,48*1*1
1430,287.654,501,1,0,0.831033,0.915517,44,25*2*1,48*2*1
1431,528.144,1183,0,0,0.905246,0.952623,98,25*2*2,96*4*1
1432,0,0,0,0,0,0,0,1*1*1,1*1*1
1433,512.231,1116,1,0,0.854107,0.927053,90,25*2*2,96*3*1
1434,0,0,0,0,0,0,0,1*1*1,1*1*1
1435,198.026,250,0,0,0.797118,0.898559,24,25*1*1,48*1*1
1436,367.489,814,1,0,0.898122,0.949061,67,25*3*1,96*2*1
1437,145.351,61,0,0,0.768141,0.88407,8,5*1*1,24*1*1
1438,299.787,650,0,0,0.932829,0.966414,47,25*3*1,48*2*1
1439,141.483,61,0,0,0.789141,0.89457,8,5*1*1,24*1*1
1440,471.944,1115,0,0,0.927017,0.963508,77,25*2*2,96*3*1
1441,433.542,814,1,0,0.761287,0.880644,74,25*3*1,96*2*1
1442,34.5325,0,0,0,0,0,0,1*1*1,1*1*1
1443,541.878,1183,0,0,0.882302,0.941151,101,25*2*2,96*4*1
1444,1378.08,3549,1,0,0.818312,0.909156,178,25*6*2,96*12*1
1445,661.479,1627,0,0,0.805846,0.902923,113,25*6*1,96*4*1
1446,70.2251,0,0,0,0,0,0,1*1*1,1*1*1
1447,1372.53,3548,0,0,0.821621,0.910811,177,25*6*2,96*12*1
1448,2763.21,7091,0,0,0.816225,0.908112,203,25*6*4,96*12*2
1449,1565.86,4242,0,0,0.848256,0.924128,186,25*3*5,96*12*1
1450,3412.79,8477,1,0,0.739937,0.869969,214,25*6*5,96*12*2
1451,15778.1,14604,0,0,0.265726,0.632863,218,25*6*9,96*12*3
1452,20407.9,14605,1,0,0.205443,0.602721,218,25*6*9,96*12*3
1453,16097.4,14605,1,0,0.260455,0.630228,218,25*6*9,96*12*3
1454,15842.8,14605,1,0,0.264641,0.63232,218,25*6*9,96*12*3
1455,20135.9,14605,1,0,0.208218,0.604109,218,25*6*9,96*12*3
1456,12913.9,14605,1,0,0.324662,0.662331,218,25*6*9,96*12*3
1457,16002,14605,1,0,0.262008,0.631004,218,25*6*9,96*12*3
1458,25152.1,14605,1,0,0.166692,0.583346,218,25*6*9,96*12*3
1459,20220.9,14605,1,0,0.207342,0.603671,218,25*6*9,96*12*3
1460,16137.7,14605,1,0,0.259805,0.629902,218,25*6*9,96*12*3
1461,16046.1,14605,1,0,0.261288,0.630644,218,25*6*9,96*12*3
1462,15309.3,14605,1,0,0.273863,0.636931,218,25*6*9,96*12*3
1463,20018.8,14605,1,0,0.209436,0.604718,218,25*6*9,96*12*3
1464,10464.9,14605,1,0,0.400639,0.70032,218,25*6*9,96*12*3
1465,20209.7,14605,1,0,0.207457,0.603729,218,25*6*9,96*12*3
1466,25351.4,14605,1,0,0.165381,0.582691,218,25*6*9,96*12*3
1467,16058.4,14605,1,0,0.261088,0.630544,218,25*6*9,96*12*3
1468,12734,14605,1,0,0.329248,0.664624,218,25*6*9,96*12*3
1469,16410.2,14605,1,0,0.25549,0.627745,218,25*6*9,96*12*3
1470,25758.4,14605,1,0,0.162768,0.581384,218,25*6*9,96*12*3
1471,20025.1,14605,1,0,0.20937,0.604685,218,25*6*9,96*12*3
1472,25345.6,14605,1,0,0.165419,0.58271,218,25*6*9,96*12*3
1473,13080.6,14605,1,0,0.320524,0.660262,218,25*6*9,96*12*3
1474,12908.2,14605,1,0,0.324805,0.662403,218,25*6*9,96*12*3
1475,12888.1,14605,1,0,0.325312,0.662656,218,25*6*9,96*12*3
1476,15714.6,14605,1,0,0.2668,0.6334,218,25*6*9,96*12*3
1477,12460.4,14605,1,0,0.336478,0.668239,218,25*6*9,96*12*3
1478,12863.5,14605,1,0,0.325934,0.662967,218,25*6*9,96*12*3
1479,16175.5,14605,1,0,0.259198,0.629599,218,25*6*9,96*12*3
1480,12478.1,14605,1,0,0.336001,0.668,218,25*6*9,96*12*3
1481,10013,14605,1,0,0.418721,0.70936,218,25*6*9,96*12*3
1482,12825.4,14605,1,0,0.326902,0.663451,218,25*6*9,96*12*3
1483,16405.3,14605,1,0,0.255567,0.627783,218,25*6*9,96*12*3
1484,15700.7,14605,1,0,0.267036,0.633518,218,25*6*9,96*12*3
1485,5212.19,14605,1,0,0.804393,0.902197,218,25*6*9,96*12*3
1486,16065.2,14605,1,0,0.260977,0.630489,218,25*6*9,96*12*3
1487,3982.07,12034,1,0,0.91735,0.958675,216,25*6*7,96*12*3
1488,71.3969,0,0,0,0,0,0,1*1*1,1*1*1
1489,404.066,813,0,0,0.816822,0.908411,72,25*3*1,96*2*1
1490,483.953,1115,0,0,0.904013,0.952007,77,25*2*2,96*3*1
1491,484.355,1116,1,0,0.903263,0.951632,77,25*2*2,96*3*1
1492,423.791,813,0,0,0.778804,0.889402,72,25*3*1,96*2*1
1493,623.869,1627,1,0,0.854426,0.927213,110,25*6*1,96*4*1
1494,2267.57,6024,0,0,0.912673,0.956337,202,25*3*7,96*6*3
1495,774.219,1774,0,0,0.79338,0.89669,129,25*6*1,96*6*1
1496,10293.6,14604,0,0,0.407306,0.703653,218,25*6*9,96*12*3
1497,1729.51,4877,0,0,0.808061,0.904031,189,25*6*3,96*12*1
1498,20213.3,14604,0,0,0.20742,0.60371,218,25*6*9,96*12*3
1499,20175.6,14605,1,0,0.207808,0.603904,218,25*6*9,96*12*3
1500,12976.8,14605,1,0,0.323088,0.661544,218,25*6*9,96*12*3
1501,1531.85,4242,0,0,0.867089,0.933544,184,25*3*5,96*12*1
1502,7453.11,14604,0,0,0.562537,0.781268,218,25*6*9,96*12*3
1503,15652,14605,1,0,0.267867,0.633933,218,25*6*9,96*12*3
1504,15838.5,14605,1,0,0.264713,0.632356,218,25*6*9,96*12*3
1505,19061.9,14605,1,0,0.219949,0.609975,218,25*6*9,96*12*3
1506,12755.6,14605,1,0,0.328691,0.664345,218,25*6*9,96*12*3
1507,1574.17,4242,0,0,0.843778,0.921889,186,25*3*5,96*12*1
1508,0,0,0,0,0,0,0,1*1*1,1*1*1
1509,101.877,47,0,0,0.931025,0.965512,5,5*1*1,8*1*1
1510,238.555,433,0,0,0.931651,0.965825,28,25*2*1,32*2*1
1511,1738.6,4877,0,0,0.803836,0.901918,189,25*6*3,96*12*1
1512,372.136,814,1,0,0.886907,0.943453,67,25*3*1,96*2*1
1513,245.24,434,1,0,0.906255,0.953128,28,25*2*1,32*2*1
1514,683.274,1627,0,0,0.780141,0.89007,117,25*6*1,96*4*1
1515,0,0,0,0,0,0,0,1*1*1,1*1*1
1516,0,0,0,0,0,0,0,1*1*1,1*1*1
1517,1613.39,4242,0,0,0.823267,0.911633,188,25*3*5,96*12*1
1518,2021.13,4877,0,0,0.69147,0.845735,198,25*6*3,96*12*1
1519,1740.61,4878,1,0,0.802908,0.901454,189,25*6*3,96*12*1
1520,0,0,0,0,0,0,0,1*1*1,1*1*1
1521,116.768,57,0,0,0.884232,0.942116,7,5*1*1,16*1*1
1522,166.356,217,0,0,0.84788,0.92394,10,25*1*1,32*1*1
1523,0,0,0,0,0,0,0,1*1*1,1*1*1
1524,620.212,1627,1,0,0.859464,0.929732,109,25*6*1,96*4*1
1525,177.327,217,1,0,0.795423,0.897712,17,25*1*1,32*1*1
1526,253.856,434,1,0,0.875496,0.937748,33,25*2*1,32*2*1
1527,438.13,813,0,0,0.753315,0.876658,74,25*3*1,96*2*1
1528,0,0,0,0,0,0,0,1*1*1,1*1*1
1529,45.4251,0,0,0,0,0,0,1*1*1,1*1*1
1530,0,0,0,0,0,0,0,1*1*1,1*1*1
1531,0,0,0,0,0,0,0,1*1*1,1*1*1
1532,0,0,0,0,0,0,0,1*1*1,1*1*1
1533,150.62,217,1,0,0.936463,0.968231,9,25*1*1,32*1*1
1534,41.4484,0,0,0,0,0,0,1*1*1,1*1*1
1535,0,0,0,0,0,0,0,1*1*1,1*1*1
1536,0,0,0,0,0,0,0,1*1*1,1*1*1
1537,0,0,0,0,0,0,0,1*1*1,1*1*1
1538,0,0,0,0,0,0,0,1*1*1,1*1*1
1539,262.83,434,1,0,0.845604,0.922802,37,25*2*1,32*2*1
1540,667.122,1627,0,0,0.799029,0.899515,115,25*6*1,96*4*1
1541,144.978,61,0,0,0.770117,0.885058,8,5*1*1,24*1*1
1542,265.562,500,0,0,0.900166,0.950083,39,25*2*1,48*2*1
1543,410.506,813,0,0,0.804008,0.902004,72,25*3*1,96*2*1
1544,248.833,434,1,0,0.893169,0.946585,30,25*2*1,32*2*1
1545,681.083,1627,0,0,0.782651,0.891325,116,25*6*1,96*4*1
1546,117.126,57,0,0,0.881529,0.940765,7,5*1*1,16*1*1
1547,199.762,250,0,0,0.79019,0.895095,24,25*1*1,48*1*1
1548,119.357,57,0,0,0.865052,0.932526,7,5*1*1,16*1*1
1549,0,0,0,0,0,0,0,1*1*1,1*1*1
1550,0,0,0,0,0,0,0,1*1*1,1*1*1
1551,577.567,1627,0,0,0.922923,0.961462,106,25*6*1,96*4*1
1552,0,0,0,0,0,0,0,1*1*1,1*1*1
1553,556.684,1627,1,0,0.957545,0.978773,104,25*6*1,96*4*1
1554,0,0,0,0,0,0,0,1*1*1,1*1*1
1555,436.79,814,1,0,0.755626,0.877813,74,25*3*1,96*2*1
1556,0,0,0,0,0,0,0,1*1*1,1*1*1
1557,0,0,0,0,0,0,0,1*1*1,1*1*1
1558,624.484,1627,1,0,0.853585,0.926792,110,25*6*1,96*4*1
1559,1050.5,2440,0,0,0.750643,0.875321,165,25*3*3,96*6*1
1560,3103.54,8477,0,0,0.813668,0.906834,212,25*6*5,96*12*2
1561,4718.09,13356,0,0,0.831438,0.915719,217,25*6*8,96*12*3
1562,15259.5,14604,0,0,0.274757,0.637378,218,25*6*9,96*12*3
1563,6724.39,14605,1,0,0.623499,0.811749,218,25*6*9,96*12*3
1564,15977.7,14605,1,0,0.262406,0.631203,218,25*6*9,96*12*3
1565,1209,3548,0,0,0.932754,0.966377,175,25*6*2,96*12*1
1566,9686.95,14604,0,0,0.432814,0.716407,218,25*6*9,96*12*3
1567,8720.5,14605,1,0,0.480781,0.74039,218,25*6*9,96*12*3
1568,1935.59,4877,0,0,0.722028,0.861014,190,25*6*3,96*12*1
1569,15180,14604,0,0,0.276196,0.638098,218,25*6*9,96*12*3
1570,2816.13,7091,0,0,0.800886,0.900443,203,25*6*4,96*12*2
1571,20602.6,14604,0,0,0.203501,0.601751,218,25*6*9,96*12*3
1572,12179.6,14605,1,0,0.344235,0.672118,218,25*6*9,96*12*3
1573,3541.96,10630,0,0,0.955149,0.977575,215,25*6*6,96*12*3
1574,3363.31,8477,0,0,0.750823,0.875411,214,25*6*5,96*12*2
1575,3974.24,12033,0,0,0.919157,0.959578,216,25*6*7,96*12*3
1576,2473.81,7091,0,0,0.911711,0.955856,203,25*6*4,96*12*2
1577,3353.67,8478,1,0,0.752981,0.876491,214,25*6*5,96*12*2
1578,1980.91,4877,0,0,0.705509,0.852755,195,25*6*3,96*12*1
1579,1435.45,3549,1,0,0.785607,0.892804,178,25*6*2,96*12*1
1580,1884.18,4877,0,0,0.741728,0.870864,190,25*6*3,96*12*1
1581,3087.63,8477,0,0,0.81786,0.90893,212,25*6*5,96*12*2
1582,3378.55,8477,1,0,0.747436,0.873718,214,25*6*5,96*12*2
1583,4301.24,12033,0,0,0.849278,0.924639,216,25*6*7,96*12*3
1584,12049.5,14605,1,0,0.347952,0.673976,218,25*6*9,96*12*3
1585,625.071,1627,0,0,0.852783,0.926392,110,25*6*1,96*4*1
1586,2173.02,6024,0,0,0.952384,0.976192,202,25*3*7,96*6*3
1587,3307.09,8477,0,0,0.763587,0.881793,214,25*6*5,96*12*2
1588,6469.68,14604,0,0,0.648046,0.824023,218,25*6*9,96*12*3
1589,2152.94,6025,1,0,0.961267,0.980633,202,25*3*7,96*6*3
1590,1033.12,2440,0,0,0.76327,0.881635,161,25*3*3,96*6*1
1591,546.8,1627,0,0,0.974854,0.987427,102,25*6*1,96*4*1
1592,760.848,1775,1,0,0.807323,0.903661,128,25*6*1,96*6*1
1593,1150.71,3253,0,0,0.926471,0.963236,172,25*6*2,96*4*2
1594,1483.41,4242,0,0,0.895403,0.947702,181,25*3*5,96*12*1
1595,1846.34,4877,0,0,0.75693,0.878465,190,25*6*3,96*12*1
1596,792.485,1775,1,0,0.775094,0.887547,132,25*6*1,96*6*1
1597,43.7316,0,0,0,0,0,0,1*1*1,1*1*1
1598,2518.01,7091,0,0,0.895707,0.947854,203,25*6*4,96*12*2
1599,2244.93,6024,0,0,0.921877,0.960939,202,25*3*7,96*6*3
1600,2313.23,6024,1,0,0.894658,0.947329,202,25*3*7,96*6*3
1601,2978.58,8477,0,0,0.847803,0.923902,209,25*6*5,96*12*2
1602,3704.18,10630,0,0,0.91332,0.95666,215,25*6*6,96*12*3
1603,3842.7,12033,0,0,0.950621,0.97531,216,25*6*7,96*12*3
1604,1907.48,4877,0,0,0.732668,0.866334,190,25*6*3,96*12*1
1605,16435.6,14604,0,0,0.255096,0.627548,218,25*6*9,96*12*3
1606,16234.8,14605,1,0,0.258251,0.629125,218,25*6*9,96*12*3
1607,19615.5,14605,1,0,0.213742,0.606871,218,25*6*9,96*12*3
1608,4847.39,13356,0,0,0.80926,0.90463,217,25*6*8,96*12*3
1609,4579.71,13356,1,0,0.856561,0.92828,217,25*6*8,96*12*3
1610,15894.4,14605,1,0,0.263782,0.631891,218,25*6*9,96*12*3
1611,6120.98,14605,1,0,0.684964,0.842482,218,25*6*9,96*12*3
1612,6659.26,14605,1,0,0.629597,0.814798,218,25*6*9,96*12*3
1613,6120.95,14605,1,0,0.684967,0.842484,218,25*6*9,96*12*3
1614,15882.8,14605,1,0,0.263974,0.631987,218,25*6*9,96*12*3
1615,16472.4,14605,1,0,0.254526,0.627263,218,25*6*9,96*12*3
1616,10227.3,14605,1,0,0.409947,0.704973,218,25*6*9,96*12*3
1617,8120.05,14605,1,0,0.516333,0.758167,218,25*6*9,96*12*3
1618,16244.8,14605,1,0,0.258092,0.629046,218,25*6*9,96*12*3
1619,7789.32,14605,1,0,0.538256,0.769128,218,25*6*9,96*12*3
1620,12516.3,14605,1,0,0.334975,0.667488,218,25*6*9,96*12*3
1621,7930.32,14605,1,0,0.528686,0.764343,218,25*6*9,96*12*3
1622,8152.17,14605,1,0,0.514299,0.757149,218,25*6*9,96*12*3
1623,7957.25,14605,1,0,0.526897,0.763448,218,25*6*9,96*12*3
1624,7757.67,14605,1,0,0.540452,0.770226,218,25*6*9,96*12*3
1625,8241.72,14605,1,0,0.508711,0.754355,218,25*6*9,96*12*3
1626,9771.85,14605,1,0,0.429054,0.714527,218,25*6*9,96*12*3
1627,7142.14,14605,1,0,0.58703,0.793515,218,25*6*9,96*12*3
1628,7792.92,14605,1,0,0.538008,0.769004,218,25*6*9,96*12*3
1629,5741.6,14605,1,0,0.730223,0.865112,218,25*6*9,96*12*3
1630,4141.92,12033,0,0,0.881946,0.940973,216,25*6*7,96*12*3
1631,2887.05,7091,0,0,0.781213,0.890606,203,25*6*4,96*12*2
1632,1582.09,4242,0,0,0.839554,0.919777,187,25*3*5,96*12*1
1633,2635.4,7091,0,0,0.855809,0.927905,203,25*6*4,96*12*2
1634,2757.91,7092,1,0,0.817793,0.908897,203,25*6*4,96*12*2
1635,4802.37,13356,0,0,0.816847,0.908423,217,25*6*8,96*12*3
1636,5347.52,14604,0,0,0.784036,0.892018,218,25*6*9,96*12*3
1637,20385.6,14605,1,0,0.205667,0.602834,218,25*6*9,96*12*3
1638,3083.11,8477,0,0,0.819059,0.90953,212,25*6*5,96*12*2
1639,6336.67,14604,0,0,0.661649,0.830824,218,25*6*9,96*12*3
1640,19514.3,14605,1,0,0.21485,0.607425,218,25*6*9,96*12*3
1641,13003.9,14605,1,0,0.322415,0.661207,218,25*6*9,96*12*3
1642,12352.1,14605,1,0,0.339428,0.669714,218,25*6*9,96*12*3
1643,6289.46,14605,1,0,0.666615,0.833308,218,25*6*9,96*12*3
1644,12510.3,14605,1,0,0.335136,0.667568,218,25*6*9,96*12*3
1645,12352.9,14605,1,0,0.339406,0.669703,218,25*6*9,96*12*3
1646,8239.32,14605,1,0,0.508859,0.754429,218,25*6*9,96*12*3
1647,2231.93,6024,0,0,0.927247,0.963623,202,25*3*7,96*6*3
1648,921.417,2440,0,0,0.855801,0.927901,138,25*3*3,96*6*1
1649,765.947,1774,0,0,0.801948,0.900974,128,25*6*1,96*6*1
1650,720.232,1775,1,0,0.85285,0.926425,122,25*6*1,96*6*1
1651,73.5151,0,0,0,0,0,0,1*1*1,1*1*1
1652,958.976,2440,1,0,0.822283,0.911142,139,25*3*3,96*6*1
1653,0,0,0,0,0,0,0,1*1*1,1*1*1
1654,0,0,0,0,0,0,0,1*1*1,1*1*1
1655,222.894,250,0,0,0.708184,0.854092,26,25*1*1,48*1*1
1656,631.732,1627,1,0,0.843791,0.921896,110,25*6*1,96*4*1
1657,0,0,0,0,0,0,0,1*1*1,1*1*1
1658,1760.12,4877,0,0,0.794008,0.897004,189,25*6*3,96*12*1
1659,1175.46,3253,0,0,0.906964,0.953482,172,25*6*2,96*4*2
1660,1585.97,4242,0,0,0.8375,0.91875,187,25*3*5,96*12*1
1661,3581.65,10630,0,0,0.944565,0.972282,215,25*6*6,96*12*3
1662,6187.04,14604,0,0,0.67765,0.838825,218,25*6*9,96*12*3
1663,7019.61,14605,1,0,0.597277,0.798638,218,25*6*9,96*12*3
1664,4577.22,13356,0,0,0.857027,0.928513,217,25*6*8,96*12*3
1665,1295.19,3548,0,0,0.870683,0.935342,176,25*6*2,96*12*1
1666,1409.96,3549,1,0,0.79981,0.899905,178,25*6*2,96*12*1
1667,1044.02,2440,0,0,0.755302,0.877651,164,25*3*3,96*6*1
1668,1531.39,4242,0,0,0.867349,0.933675,184,25*3*5,96*12*1
1669,256.774,433,0,0,0.865547,0.932774,35,25*2*1,32*2*1
1670,482.945,1115,0,0,0.9059,0.95295,77,25*2*2,96*3*1
1671,578.295,1627,1,0,0.921761,0.960881,106,25*6*1,96*4*1
1672,51.7029,0,0,0,0,0,0,1*1*1,1*1*1
1673,0,0,0,0,0,0,0,1*1*1,1*1*1
1674,0,0,0,0,0,0,0,1*1*1,1*1*1
1675,0,0,0,0,0,0,0,1*1*1,1*1*1
1676,105.832,47,0,0,0.896232,0.948116,5,5*1*1,8*1*1
1677,8.59027,0,0,0,0,0,0,1*1*1,1*1*1
1678,493.265,1115,0,0,0.886947,0.943474,80,25*2*2,96*3*1
1679,409.315,814,1,0,0.806347,0.903174,72,25*3*1,96*2*1
1680,330.409,651,1,0,0.846375,0.923188,52,25*3*1,48*2*1
1681,0,0,0,0,0,0,0,1*1*1,1*1*1
1682,766.88,1774,0,0,0.800973,0.900486,128,25*6*1,96*6*1
1683,822.826,1775,1,0,0.746513,0.873256,133,25*6*1,96*6*1
1684,2671.81,7091,0,0,0.844147,0.922073,203,25*6*4,96*12*2
1685,6022.47,14604,0,0,0.696168,0.848084,218,25*6*9,96*12*3
1686,4226.78,12034,1,0,0.864239,0.93212,216,25*6*7,96*12*3
1687,1276.51,3548,0,0,0.883424,0.941712,175,25*6*2,96*12*1
1688,15514.2,14604,0,0,0.270246,0.635123,218,25*6*9,96*12*3
1689,2543.19,7091,0,0,0.886839,0.943419,203,25*6*4,96*12*2
1690,20169.8,14604,0,0,0.207868,0.603934,218,25*6*9,96*12*3
1691,2165.56,6025,1,0,0.955665,0.977833,202,25*3*7,96*6*3
1692,2361.7,7091,0,0,0.95499,0.977495,203,25*6*4,96*12*2
1693,3875.52,12033,0,0,0.94257,0.971285,216,25*6*7,96*12*3
1694,3898.64,12034,1,0,0.936981,0.96849,216,25*6*7,96*12*3
1695,3513.31,8477,0,0,0.718767,0.859383,214,25*6*5,96*12*2
1696,2378.39,7091,0,0,0.948289,0.974144,203,25*6*4,96*12*2
1697,2055.81,4877,0,0,0.679805,0.839903,199,25*6*3,96*12*1
1698,4116.2,12033,0,0,0.887457,0.943728,216,25*6*7,96*12*3
1699,4674.41,13357,1,0,0.839208,0.919604,217,25*6*8,96*12*3
1700,3014.58,8477,0,0,0.837679,0.918839,210,25*6*5,96*12*2
1701,2611.23,7091,0,0,0.863731,0.931865,203,25*6*4,96*12*2
1702,4819.27,13356,0,0,0.813982,0.906991,217,25*6*8,96*12*3
1703,4366.1,13356,1,0,0.898468,0.949234,217,25*6*8,96*12*3
1704,4510.11,13357,1,0,0.869779,0.93489,217,25*6*8,96*12*3
1705,3317.31,8477,0,0,0.761234,0.880617,214,25*6*5,96*12*2
1706,1554.08,4242,1,0,0.854686,0.927343,185,25*3*5,96*12*1
1707,2393.84,7091,0,0,0.942168,0.971084,203,25*6*4,96*12*2
1708,3734.29,10630,0,0,0.905955,0.952978,215,25*6*6,96*12*3
1709,4442.39,13356,0,0,0.883038,0.941519,217,25*6*8,96*12*3
1710,1848.69,4877,0,0,0.755968,0.877984,190,25*6*3,96*12*1
1711,3520.24,8477,0,0,0.717352,0.858676,214,25*6*5,96*12*2
1712,6800.41,14604,0,0,0.616529,0.808265,218,25*6*9,96*12*3
1713,5594.8,14605,1,0,0.749383,0.874692,218,25*6*9,96*12*3
1714,5400.78,14605,1,0,0.776305,0.888152,218,25*6*9,96*12*3
1715,2006.34,4877,0,0,0.696567,0.848283,197,25*6*3,96*12*1
1716,1131.81,3253,0,0,0.941943,0.970971,172,25*6*2,96*4*2
1717,975.545,2440,0,0,0.808317,0.904159,139,25*3*3,96*6*1
1718,1747.99,4878,1,0,0.799518,0.899759,189,25*6*3,96*12*1
1719,0,0,0,0,0,0,0,1*1*1,1*1*1
1720,0,0,0,0,0,0,0,1*1*1,1*1*1
1721,529.581,1183,0,0,0.902789,0.951395,98,25*2*2,96*4*1
1722,1090.02,2828,0,0,0.975808,0.987904,169,25*2*5,96*4*2
1723,1046.11,2440,0,0,0.753793,0.876896,164,25*3*3,96*6*1
1724,941.979,2440,1,0,0.837121,0.91856,139,25*3*3,96*6*1
1725,977.604,2441,1,0,0.806615,0.903307,140,25*3*3,96*6*1
1726,2358.43,7091,0,0,0.956314,0.978157,203,25*6*4,96*12*2
1727,1051.51,2440,0,0,0.749922,0.874961,165,25*3*3,96*6*1
1728,137.689,61,0,0,0.810885,0.905443,8,5*1*1,24*1*1
1729,462.848,1115,0,0,0.945235,0.972617,77,25*2*2,96*3*1
1730,533.268,1184,1,0,0.896547,0.948274,98,25*2*2,96*4*1
1731,1068.44,2602,0,0,0.90838,0.95419,166,25*3*3,96*4*2
1732,153.007,217,0,0,0.921853,0.960927,9,25*1*1,32*1*1
1733,398.196,813,1,0,0.828863,0.914432,72,25*3*1,96*2*1
1734,497.162,1115,0,0,0.879995,0.939997,84,25*2*2,96*3*1
1735,958.045,2440,1,0,0.823082,0.911541,139,25*3*3,96*6*1
1736,0,0,0,0,0,0,0,1*1*1,1*1*1
1737,0,0,0,0,0,0,0,1*1*1,1*1*1
1738,0,0,0,0,0,0,0,1*1*1,1*1*1
1739,0,0,0,0,0,0,0,1*1*1,1*1*1
1740,334.165,650,0,0,0.836862,0.918431,55,25*3*1,48*2*1
1741,1049.62,2440,0,0,0.751272,0.875636,164,25*3*3,96*6*1
1742,318.693,650,0,0,0.87749,0.938745,48,25*3*1,48*2*1
1743,768.928,1774,0,0,0.798839,0.89942,129,25*6*1,96*6*1
1744,1180.7,3549,1,0,0.955111,0.977556,175,25*6*2,96*12*1
1745,1124.7,3253,1,0,0.947897,0.973949,171,25*6*2,96*4*2
1746,0,0,0,0,0,0,0,1*1*1,1*1*1
1747,1001.89,2440,0,0,0.787062,0.893531,155,25*3*3,96*6*1
1748,2060.01,4878,1,0,0.678419,0.83921,199,25*6*3,96*12*1
1749,1685.63,4878,1,0,0.829097,0.914548,189,25*6*3,96*12*1
1750,2796.95,7091,0,0,0.806378,0.903189,203,25*6*4,96*12*2
1751,15838.1,14604,0,0,0.264719,0.63236,218,25*6*9,96*12*3
1752,20275.8,14605,1,0,0.206781,0.60339,218,25*6*9,96*12*3
1753,15508.9,14605,1,0,0.270338,0.635169,218,25*6*9,96*12*3
1754,16593.7,14605,1,0,0.252665,0.626333,218,25*6*9,96*12*3
1755,19486.7,14605,1,0,0.215154,0.607577,218,25*6*9,96*12*3
1756,12161.4,14605,1,0,0.344751,0.672375,218,25*6*9,96*12*3
1757,15271.9,14605,1,0,0.274534,0.637267,218,25*6*9,96*12*3
1758,25193.5,14605,1,0,0.166418,0.583209,218,25*6*9,96*12*3
1759,19616.1,14605,1,0,0.213735,0.606868,218,25*6*9,96*12*3
1760,15185,14605,1,0,0.276105,0.638052,218,25*6*9,96*12*3
1761,16321.9,14605,1,0,0.256873,0.628436,218,25*6*9,96*12*3
1762,15704.8,14605,1,0,0.266966,0.633483,218,25*6*9,96*12*3
1763,19740.3,14605,1,0,0.21239,0.606195,218,25*6*9,96*12*3
1764,10009.5,14605,1,0,0.418867,0.709434,218,25*6*9,96*12*3
1765,20506.9,14605,1,0,0.204451,0.602225,218,25*6*9,96*12*3
1766,25139.9,14605,1,0,0.166773,0.583386,218,25*6*9,96*12*3
1767,15834.1,14605,1,0,0.264786,0.632393,218,25*6*9,96*12*3
1768,12361.5,14605,1,0,0.33917,0.669585,218,25*6*9,96*12*3
1769,16285.1,14605,1,0,0.257453,0.628727,218,25*6*9,96*12*3
1770,25436.6,14605,1,0,0.164827,0.582414,218,25*6*9,96*12*3
1771,19915.9,14605,1,0,0.210518,0.605259,218,25*6*9,96*12*3
1772,24709.5,14605,1,0,0.169678,0.584839,218,25*6*9,96*12*3
1773,13508.4,14605,1,0,0.310374,0.655187,218,25*6*9,96*12*3
1774,13114.9,14605,1,0,0.319686,0.659843,218,25*6*9,96*12*3
1775,13001.4,14605,1,0,0.322477,0.661238,218,25*6*9,96*12*3
1776,15278.2,14605,1,0,0.27442,0.63721,218,25*6*9,96*12*3
1777,12030.9,14605,1,0,0.34849,0.674245,218,25*6*9,96*12*3
1778,13240.2,14605,1,0,0.316661,0.65833,218,25*6*9,96*12*3
1779,16112.6,14605,1,0,0.260209,0.630105,218,25*6*9,96*12*3
1780,12868.8,14605,1,0,0.3258,0.6629,218,25*6*9,96*12*3
1781,9997.93,14605,1,0,0.419352,0.709676,218,25*6*9,96*12*3
1782,13547.2,14605,1,0,0.309485,0.654742,218,25*6*9,96*12*3
1783,15422.9,14605,1,0,0.271846,0.635923,218,25*6*9,96*12*3
1784,15684.7,14605,1,0,0.267308,0.633654,218,25*6*9,96*12*3
1785,4670.52,13356,0,0,0.839906,0.919953,217,25*6*8,96*12*3
1786,15525.1,14604,0,0,0.270056,0.635028,218,25*6*9,96*12*3
1787,4052.45,12034,1,0,0.901418,0.950709,216,25*6*7,96*12*3
1788,597.703,1627,0,0,0.891831,0.945915,109,25*6*1,96*4*1
1789,345.714,751,1,0,0.926344,0.963172,61,25*3*1,48*3*1
1790,140.798,61,0,0,0.79298,0.89649,8,5*1*1,24*1*1
1791,128.156,57,1,0,0.805659,0.902829,7,5*1*1,16*1*1
1792,0,0,0,0,0,0,0,1*1*1,1*1*1
1793,293.243,500,0,0,0.815194,0.907597,44,25*2*1,48*2*1
1794,1587.39,4242,0,0,0.836751,0.918375,187,25*3*5,96*12*1
1795,1304.62,3548,0,0,0.86439,0.932195,176,25*6*2,96*12*1
1796,9835.32,14604,0,0,0.426285,0.713143,218,25*6*9,96*12*3
1797,1655.42,4242,0,0,0.802364,0.901182,188,25*3*5,96*12*1
1798,20195.9,14604,0,0,0.207599,0.6038,218,25*6*9,96*12*3
1799,20402.4,14605,1,0,0.205498,0.602749,218,25*6*9,96*12*3
1800,13189.4,14605,1,0,0.31788,0.65894,218,25*6*9,96*12*3
