329.439
335.837
402.958
439.889
470.066
497.198
507.81
529.016
540.069
555.763
573.542
590.88
606.045
613.575
628.304
639.437
651.108
656.341
671.03
682.211
695.832
708.419
714.182
718.419
723.554
731.639
734.938
741.558
747.276
748.445
752.62
752.575
762.727
763.896
760.154
765.327
760.187
759.851
765.057
761.297
759.626
760.711
761.068
764.598
763.663
761.75
761.356
755.506
754.428
749.437
744.161
737.443
734.399
730.726
726.842
724.487
722.907
723.12
723.558
727.091
729.853
731.002
735.975
738.371
741.252
746.267
750.957
752.5
756.661
759.664
758.624
762.295
765.422
768.743
773.457
774.137
777.487
779.858
783.155
783.71
786.013
789.546
795.64
794.474
796.295
798.528
801.69
804.222
804.923
810.535
810.548
813.577
817.514
816.388
818.453
821.061
825.355
826.862
827.761
832.31
834.342
835.373
838.586
841.131
841.685
843.775
844.827
848.058
850.371
851.918
853.552
853.775
855.56
857.603
857.141
858.773
860.323
863.387
863.906
865.028
865.113
868.351
865.058
866.472
868.141
866.822
867.742
868.447
867.411
868.082
868.578
865.534
872.532
873.279
876.532
878.314
880.241
880.678
882.052
883.792
885.785
886.136
885.706
888.845
891.086
891.473
894.274
893.868
893.909
892.891
894.646
895.048
900.286
899.688
898.914
902.544
902.384
901.936
904.938
906.736
906.558
907.878
907.941
909.658
909.71
908.572
912.512
912.615
913.817
915.143
916.239
917.963
917.076
914.584
919.402
921.556
921.701
923.665
924.207
921.604
923.523
925.767
926.406
928.573
926.456
929.746
931.641
931.496
932.537
933.411
936.004
938.495
938.895
938.072
940.177
941.533
942.613
940.843
944.414
943.018
945.444
945.02
946.589
946.816
947.413
946.955
947.148
948.931
949.631
950.46
949.475
948.395
953.173
954.254
949.467
951.773
949.287
952.431
952.999
953.268
951.622
950.441
954.225
951.897
952.217
954.015
958.072
956.339
958.456
958.36
958.917
957.918
957.147
958.934
958.533
957.409
961.742
958.76
959.451
961.325
960.725
960.994
961.673
964.508
964.334
966.87
964.775
964.645
966.904
968.028
963.265
966.135
965.924
966.154
966.406
963.767
962.41
966.307
963.98
963.469
968.496
964.223
966.784
967.977
967.424
969.269
968.853
967.909
967.279
972.357
968.647
970.175
969.102
970.939
975.174
973.382
967.968
970.74
971.65
972.344
968.873
969.835
969.985
973.943
972.668
971.546
970.543
973.624
973.54
974.056
973.206
973.503
973.282
972.263
966.002
966.747
966.609
970.921
966.983
962.088
961.626
967.752
970.095
969.925
966.851
964.716
968.789
964.381
966.096
962.373
961.102
962.456
960.771
960.898
961.402
964.002
963.257
964.791
963.036
962.676
962.935
961.379
956.813
957.887
957.191
960.459
954.86
954.45
956.031
952.803
949.719
954.541
954.977
951.819
950.576
949.958
952.279
950.587
952.221
949.995
949.739
949.711
949.455
949.219
949.594
947.363
949.319
950.989
945.846
949.781
947.47
948.884
947.765
949.16
948.717
949.168
946.434
949.036
944.088
946.018
945.927
945.99
944.648
944.822
943.489
944.291
941.166
939.664
937.797
936.803
936.86
937.498
936.663
936.595
936.688
935.997
932.204
929.721
931.877
930.171
929.815
931.524
926.55
929.689
930.128
930.536
925.149
925.267
925.099
924.72
922.345
921.739
921.085
918.429
915.21
917.333
915.416
917.02
913.669
913.388
910.381
911.508
911.652
912.39
909.908
910.401
908.204
906.484
902.775
902.089
899.394
900.146
898.527
892.909
895.245
888.056
891.692
889.422
889.505
890.887
888.491
891.036
890.364
887.298
883.382
888.479
887.557
884.005
888.604
882.64
885.811
881.167
880.398
877.863
876.958
876.145
874.1
871.737
870.098
863.073
866.279
864.613
866.779
863.717
857.716
857.463
852.298
851.747
849.891
846.848
842.189
839.941
843.862
840.825
838.33
837.225
830.884
830.83
829.827
826.41
827.881
821.626
822.211
821.938
821.378
815.772
811.035
810.848
807.406
804.419
805.819
804.369
796.327
798.451
794.405
790.853
781.465
778.639
775.875
771.917
767.48
756.716
757.807
757.555
745.939
741.047
736.383
738.687
741.185
734.012
725.551
716.077
720.851
703.254
704.93
702.665
699.538
700.013
696.59
695.166
667.304
673.461
643.951
651.431
645.393
648.303
643.402
637.457
638.211
593.103
604.91
603.474
590.653
576.05
587.614
587.446
601.686
595.073
584.692
574.37
562.893
557.45
574.491
586.287
579.096
562.315
556.256
548.998
547.851
531.815
529.787
532.785
535.273
532.724
523.472
526.787
510.937
500.906
489.832
462.876
414.787
387.175
398.327
384.99
372.077
355.284
338.566
316.812
284.204
266.627
258.043
220.513
171.375
96.2779
0

