329.439
335.837
402.958
439.889
470.066
497.198
507.81
529.016
540.069
555.763
573.542
590.88
606.045
613.575
628.304
639.437
651.108
656.341
671.03
682.211
695.832
708.419
714.182
718.419
723.554
731.639
734.938
741.558
747.276
748.445
752.62
752.575
762.727
763.896
760.154
765.327
760.187
759.851
765.057
761.297
759.626
760.711
761.068
764.598
763.663
761.75
761.356
755.506
754.428
749.437
744.161
737.443
734.399
730.726
726.842
724.487
722.907
723.12
723.558
727.091
729.853
731.002
735.975
738.371
741.252
746.267
750.957
752.5
756.661
759.664
758.624
762.295
765.422
768.743
773.457
774.137
777.487
779.858
783.155
783.71
786.013
789.546
795.64
794.474
796.295
798.528
801.69
804.222
804.923
810.535
810.548
813.577
817.514
816.388
818.453
821.061
825.355
826.862
827.761
832.31
834.342
835.373
838.586
841.131
841.685
843.775
844.827
848.058
850.371
851.918
853.552
853.775
855.56
857.603
857.141
858.773
860.323
863.387
863.906
865.028
865.113
868.351
865.058
866.472
868.141
866.822
867.742
868.447
867.411
868.082
868.578
865.534
872.532
873.279
876.532
878.314
880.241
880.678
882.052
883.792
885.785
886.136
885.706
888.845
891.086
891.473
894.274
893.868
893.909
892.891
894.646
895.048
900.286
899.688
898.914
902.544
902.384
901.936
904.938
906.736
906.558
907.878
907.941
909.658
909.71
908.572
912.512
912.615
913.817
915.143
916.239
917.963
917.076
914.584
919.402
921.556
921.701
923.665
924.207
921.604
923.523
925.767
926.406
928.573
926.456
929.746
931.641
931.496
932.537
933.411
936.004
938.495
938.895
938.072
940.177
941.533
942.613
940.843
944.414
943.018
945.444
945.02
946.589
946.816
947.413
946.955
947.148
948.931
949.631
950.46
949.475
948.395
953.173
954.254
949.467
951.773
949.287
952.431
952.999
953.268
951.622
950.441
954.225
951.897
952.217
954.015
958.072
956.339
958.456
958.36
958.917
957.918
957.147
958.934
958.533
957.409
961.742
958.76
959.451
961.325
960.725
960.994
961.673
964.508
964.334
966.87
964.775
964.645
966.904
968.028
963.265
966.135
965.924
966.154
966.406
963.767
962.41
966.307
963.98
963.469
968.496
964.223
966.784
967.977
967.424
969.269
968.853
967.909
967.279
972.357
968.647
970.175
969.102
970.939
975.174
973.382
967.968
970.74
971.65
972.344
968.873
969.835
969.985
973.943
972.668
971.546
970.543
973.624
973.54
974.056
973.206
973.503
973.282
972.263
966.002
966.747
966.609
970.921
966.983
962.088
961.626
967.752
970.095
969.925
966.851
964.716
968.789
964.381
966.096
962.373
961.102
962.456
960.771
960.898
961.402
964.002
963.257
964.791
963.036
962.676
962.935
961.379
956.813
957.887
957.191
960.459
954.86
954.45
956.031
952.803
949.719
954.541
954.977
951.819
950.576
949.958
952.279
950.587
952.221
949.995
949.739
949.711
949.455
949.219
949.594
947.363
949.319
950.989
945.846
949.781
947.47
948.884
947.765
949.16
948.717
949.168
946.434
949.036
944.088
946.018
945.927
945.99
944.648
944.822
943.489
944.291
941.166
939.664
937.797
936.803
936.86
937.498
936.663
936.595
936.688
935.997
932.204
929.721
931.877
930.171
929.815
931.524
926.55
929.689
930.128
930.536
925.149
925.267
925.099
924.72
922.345
921.739
921.085
918.429
915.21
917.333
915.416
917.02
913.669
913.388
910.381
911.508
911.652
912.39
909.908
910.401
908.204
906.484
902.775
902.089
899.394
900.146
898.527
892.909
895.245
888.056
891.692
889.422
889.505
890.887
888.491
891.036
890.364
887.298
883.382
888.479
887.557
884.005
888.604
882.64
885.811
881.167
880.398
877.863
876.958
876.145
874.1
871.737
870.098
863.073
866.279
864.613
866.779
863.717
857.716
857.463
852.298
851.747
849.891
846.848
842.189
839.941
843.862
840.825
838.33
837.225
830.884
830.83
829.827
826.41
827.881
821.626
822.211
821.938
821.378
815.772
811.035
810.848
807.406
804.419
805.819
804.369
796.327
798.451
794.405
790.853
781.465
778.639
775.875
771.917
767.48
756.716
757.807
757.555
745.939
741.047
736.383
738.687
741.185
734.012
725.551
716.077
720.851
703.254
704.93
702.665
699.538
700.013
696.59
695.166
667.304
673.461
643.951
651.431
645.393
648.303
643.402
637.457
638.211
593.103
604.91
603.474
590.653
576.05
587.614
587.446
601.686
595.073
584.692
574.37
562.893
557.45
574.491
586.287
579.096
562.315
556.256
548.998
547.851
531.815
529.787
532.785
535.273
532.724
523.472
526.787
510.937
500.906
489.832
462.876
414.787
387.175
398.327
384.99
372.077
355.284
338.566
316.812
284.204
266.627
258.043
220.513
171.375
96.2779
0
0
0
0
0
0
0
0
0
0
0
0
0
0
0
0
0
0
0
0
0
0
0
0
0
0
0
0
0
0
0
0
0
0
0
0
0
0
0
0
0
0
0
0
0
0
0
0
0
0
0
0
0
0
0
0
0
0
0
0
0
0
0
0
0
0
0
0
0
0
0
0
0
0
0
0
0
0
0
0
0
0
0
0
0
0
0
0
0
0
0
0
0
0
0
0
0
0
0
0
0
0
0
0
0
0
0
0
0
0
0
0
0
0
0
0
0
0
0
0
0
0
0
0
0
0
0
0
0
0
0
0
0
0
0
0
0
0
0
0
0
0
0
0
0
0
0
0
0
0
0
0
0
0
0
0
0
0
0
0
0
0
0
0
0
0
0
0
0
0
0
0
0
0
0
0
0
0
0
0
0
0
0
0
0
0
0
0
0
0
0
0
0
0
0
0
0
0
0
0
0
0
0
0
0
0
0
0
0
0
0
0
0
0
0
0
0
0
0
0
0
0
0
0
0
0
0
0
0
0
0
0
0
0
0
0
0
0
0
0
0
0
0
0
0
0
0
0
0
0
0
0
0
0
0
0
0
0
0
0
0
0
0
0
0
0
0
0
0
0
0
0
0
0
0
0
0
0
0
0
0
0
0
0
0
0
0
0
0
0
0
0
0
0
0
0
0
0
0
0
0
0
0
0
0
0
0
0
0
0
0
0
0
0
0
0
0
0
0
0
0
0
0
0
0
0
0
0
0
0
0
0
0
0
0
0
0
0
0
0
0
0
0
0
0
0
0
0
0
0
0
0
0
0
0
0
0
0
0
0
0
0
0
0
0
0
0
0
0
0
0
0
0
0
0
0
0
0
0
0
0
0
0
0
0
0
0
0
0
0
0
0
0
0
0
0
0
0
0
0
0
0
0
0
0
0
0
0
0
0
0
0
0
0
0
0
0
0
0
0
0
0
0
0
0
0
0
0
0
0
0
0
0
0
0
0
0
0
0
0
0
0
0
0
0
0
0
0
0
0
0
0
0
0
0
0
0
0
0
0
0
0
0
0
0
0
0
0
0
0
0
0
0
0
0
0
0
0
0
0
0
0
0
0
0
0
0
0
0
0
0
0
0
0
0
0
0
0
0
0
0
0
0
0
0
0
0
0
0
0
0
0
0
0
0
0
0
0
0
0
0
0
0
0
0
0
0
0
0
0
0
0
0
0
0
0
0
0
0
0
0
0
0
0
0
0
0
0
0
0
0
0
0
0
0
0
0
0
0
0
0
0
0
0
0
0
0
0
0
0
0
0
0
0
0
0
0
0
0
0
0
0
0
0
0
0
0
0
0
0
0
0
0
0
0
0
0
0
0
0
0
0
0
0
0
0
0
0
0
0
0
0
0
0
0
0
0
0
0
0
0
0
0
0
0
0
0
0
0
0
0
0
0
0
0
0
0
0
0
0
0
0
0
0
0
0
0
0
0
0
0
0
0
0
0
0
0
0
0
0
0
0
0
0
0
0
0
0
0
0
0
0
0
0
0
0
0
0
0
0
0
0
0
0
0
0
0
0
0
0
0
0
0
0
0
0
0
0
0
0
0
0
0
0
0
0
0
0
0
0
0
0
0
0
0
0
0
0
0
0
0
0
0
0
0
0
0
0
0
0
0
0
0
0
0
0
0
0
0
0
0
0
0
0
0
0
0
0
0
0
0
0
0
0
0
0
0
0
0
0
0
0
0
0
0
0
0
0
0
0
0
0
0
0
0
0
0
0
0
0
0
0
0
0
0
0
0
0
0
0
0
0
0
0
0
0
0
0
0
0
0
0
0
0
0
0
0
0
0
0
0
0
0
0
0
0
0
0
0
0
0
0
0
0
0
0
0
0
0
0
0
0
0
0
0
0
0
0
0
0
0
0
0
0
0
0
0
0
0
0
0
0
0
0
0
0
0
0
0
0
0
0
0
0
0
0
0
0
0
0
0
0
0
0
0
0
0
0
0
0
0
0
0
0
0
0
0
0
0
0
0
0.262041
0
0
0
1.11054
0
0.283149
0
0
0.027877
0
2.71393
0.439434
0.151358
4.84406
0.608521
2.33291
6.68626
144.116
275.324
360.24
343.903
389.38
354.555
327.691
299.791
354.608
436.913
440.698
258.216
183.613
130.213
135.716
136.004
178.325
329.942
337.491
441.815
395.004
427.946
347.564
353.797
442.434
465.733
497.406
581.545
600.194
616.907
582.027
592.776
656.762
702.152
713.816
742.56
698.412
733.311
626.388
599.015
622.505
570.313
575.22
693.762
711.374
785.372
800.983
801.831
804.149
809.534
810.293
805.765
808.585
811.362
813.715
817.88
819.504
819.835
821.626
822.769
822.098
824.7
828.386
830.249
828.997
824.702
828.501
833.342
832.866
838.034
838.794
842.427
842.581
841.187
844.306
845.795
848.647
851.728
854.542
856.411
856.544
857.962
858.091
861.111
862.052
864.271
864.157
864.337
865.153
866.791
866.891
867.066
870.444
871.787
871.59
872.185
871.618
872.563
870.502
873.471
873.181
875.707
878.504
877.231
867.833
852.258
841.17
840.961
841.232
850.452
846.075
835.027
836.185
817.902
819.203
811.522
816.237
821.383
767.437
635.945
819.201
838.907
846.527
837.928
823.404
815.819
821.104
814.278
802.438
770.497
766.53
741.977
787.756
794.574
794.114
792.702
800.043
803.876
802.404
803.274
804.356
802.236
795.868
782.04
784.16
795.646
820.475
835.668
849.803
846.816
842.799
843.081
832.538
826.048
830.202
834.947
807.75
535.848
241.12
59.4128
0.668423
0.191838
0.401054
0
0
0.150821
0.211945
1.36754
0
0.610589
0
31.057
3.81843
202.441
286.433
200.109
0
9.96842
11.9146
23.8855
108.477
20.7974
181.862
66.3612
39.566
18.966
0
14.5059
141.853
55.7276
336.812
164.372
276.554
442.161
612.569
478.046
649.495
793.184
832.865
796.913
811.316
867.824
838.689
864.393
902.204
910.445
923.313
925.171
934.819
925.075
816.031
909.435
942.013
941.021
940.84
933.356
923.946
933.444
931.762
927.752
921.388
914.414
932.198
946.551
948.715
945.382
942.953
936.904
930.161
919.398
910.84
900.719
890.176
858.338
869.716
867.914
851.154
840.129
873.521
871.588
865.941
868.477
892.188
885.542
880.308
873.56
875.894
885.869
907.114
917.483
915.798
916.862
909.538
899.93
893.386
886.048
887.734
885.873
866.018
862.473
842.027
849.389
850.242
844.297
835.727
841.027
849.809
846.984
867.107
902.936
918.053
916.715
915.179
901.53
902.643
925.043
935.381
952.143
959.361
966.771
971.126
967.293
967.269
966.316
966.6
970.522
970.643
970.168
968.53
969.256
966.876
970.828
968.87
970.456
962.667
967.933
967.969
969.121
967.946
968.76
967.099
966.774
965.059
967.385
966.762
964.637
964.545
965.194
967.901
966.294
963.826
962.933
962.816
961.106
963.146
961.58
958.595
960.393
958.876
958.004
956.451
957.204
954.736
957.178
957.396
954.946
952.917
953.404
952.124
954.617
954.255
954.893
952.772
953.457
949.705
947.445
949.236
947.377
942.933
940.198
939.612
944.17
942.827
943.453
945.428
943.133
945.959
944.252
939.252
939.071
937.572
938.438
941.379
941.45
941.65
936.535
936.764
936.621
936.92
936.183
936.368
937.923
934.289
935.054
933.259
931.764
932.269
931.693
929.242
930.683
927.868
927.417
925.813
925.701
926.393
924.984
925.513
923.824
924.158
922.41
919.112
917.27
916.347
916.252
913.069
913.552
911.641
911.031
912.071
911.671
909.199
905.854
903.025
903.321
905.012
903.556
900.648
898.085
894.445
896.136
897.305
892.995
895.034
896.666
895.256
893.526
890.439
887.656
886.374
884.782
883.104
883.154
882.476
882.088
881.808
881.157
877.035
875.173
871.998
873.833
872.643
870.365
871.61
873.557
872.236
869.208
866.025
866.38
862.59
865.518
859.709
861.107
858.493
858.058
855.808
851.819
855.532
848.581
848.816
846.823
843.964
838.595
840.449
836.848
835.792
831.364
830.281
827.771
829.447
827.237
827.241
826.022
828.727
815.658
826.831
827.685
797.374
496.377
328.567
540.054
729.871
794.205
786.523
505.002
109.716
39.1228
70.0309
104.5
142.929
82.7158
210.089
292.334
155.64
0
0
0
0.658746
11.2357
56.7641
238.801
652.448
735.47
716.808
702.01
699.156
694.801
689.254
679.796
675.576
674.025
666.117
669.088
662.244
657.532
654.108
653.905
647.612
643.451
642.778
638.727
635.525
634.17
624.362
493.894
347.624
512.973
361.902
66.2856
0
24.082
375.935
585.826
577.231
566.705
553.094
539.845
527.718
512.198
495.341
483.699
474.317
452.675
441.147
427.117
414.377
386.654
305.243
134.356
7.63649
127.311
105.513
0
0
0
0
0
0
0
0
0
0
0
0
0
0
0
0
0
0
0
0
0
0
0
0
0
0
0
0
0
0
0
0
0
0
0
0
0
0
0
0
0
0
0
0
0
0
0
0
0
0
0
0
0
0
0
0
0
0
0
0
0
0
0
0
0
0
0
0
0
0
0
0
0
0
0
0
0
0
0
0
0
0
0
0
0
0
0
0
0
0
0
0
0
0
0
0
0
0
0
0
0
0
0
0
0
0
0
0
0
0
0
0
0
0
0
0
0
0
0
0
0
0
0
0
0
0
0
0
0
0
0
0
0
0
0
0
0
0
0
0
0
0
0
0
0
0
0
0
0
0
0
0
0
0
0
0
0
0
0
0
0
0
0
0
0
0
0
0
0
0
0
0
0
0
0
0
0
0
0
0
0
0
0
0
0
0
0
0
0
0
0
0
0
0
0
0
0
0
0
0
0
0
0
0
0
0
0
0
0
0
0
0
0
0
0
0
0
0
0
0
0
0
0
0
0
0
0
0
0
0
0
0
0
0
0
0
0
0
0
0
0
0
0
0
0
0
0
0
0
0
0
0
0
0
0
0
0
0
0
0
0
0
0
0
0
0
0
0
0
0
0
0
0
0
0
0
0
0
0
0
0
0
0
0
0
0
0
0
0
0
0
0
0
0
0
0
0
0
0
0
0
0
0
0
0
0
0
0
0
0
0
0
0
0
0
0
0
0
0
0
0
0
0
0
0
0
0
0
0
0
0
0
0
0
0
0
0
0
0
0
0
0
0
0
0
0
0
0
0
0
0
0
0
0
0
0
0
0
0
0
0
0
0
0
0
0
0
0
0
0
0
0
0
0
0
0
0
0
0
0
0
0
0
0
0
0
0
0
0
0
0
0
0
0
0
0
0
0
0
0
0
0
0
0
0
0
0
0
0
0
0
0
0
0
0
0
0
0
0
0
0
0
0
0
0
0
0
0
0
0
0
0
0
0
0
0
0
0
0
0
0
0
0
0
0
0
0
0
0
0
0
0
0
0
0
0
0
0
0
0
0
0
0
0
0
0
0
0
0
0
0
0
0
0
0
0
0
0
0
0
0
0
0
0
0
0
0
0
0
0
0
0
0
0
0
0
0
0
0
0
0
0
0
0
0
0
0
0
0
0
0
0
0
0
0
0
0
0
0
0
0
0
0
0
0
0
0
0
0
0
0
0
0
0
0
0
0
0
0
0
0
0
0
0
0
0
0
0
0
0
0
0
0
0
0
0
0
0
0
0
0
0
0
0
0
0
0
0
0
0
0
0
0
0
0
0
0
0
0
0
0
0
0
0
0
0
0
0
0
0
0
0
0
0
0
0
0
0
0
0
0
0
0
0
0
0
0
0
0
0
0
0
0
0
0
0
0
0
0
0
0
0
0
0
0
0
0
0
0
0
0
0
0
0
0
0
0
0
0
0
0
0
0
0
0
0
0
0
0
0
0
0
0
0
0
0
0
0
0
0
0
0
0
0
0
0
0
0
0
0
0
0
0
0
0
0
0
0
0
0
0
0
0
0
0
0
0
0
0
0
0
0
0
0
0
0
0
0
0
0
0
0
0
0
0
0
0
0
0
0
0
0
0
0
0
0
0
0
0
0
0
0
0
0
0
0
0
0
0
0
0
0
0
0
0
0
0
0
0
0
0
0
0
0
0
0
0
0
0
0
0
0
0
0
0
0
0
0
0
0
0
0
0
0
0
0
0
0
0
0
0
0
0
0
0
0
0
0
0
0
0
0
0
0
0
0
0
0
0
0
0
0
0
0
0
0
0
0
0
0
0
0
0
0
0
0
0
0
0
0
0
0
0
0
0
0
0
0
0
0
0
0
0
0
0
0
0
0
0
0
0
0
0
0
0
0
0
0
0
0
0
0
0
0
0
0
0
0
0
0
0
0
0
0
0
0
0
0
0
0
0
0
0
0
0
0
0
0
0
0
0
0
0
0
0
0
0
0
0
0
0
0
0
0
0
0
0
0
0
0
9.71917
234.451
273.067
306.113
319.712
324.235
332.889
351.685
371.495
399.983
415.723
427.136
441.587
457.82
465.507
468.12
476.237
492.723
507.514
517.491
517.282
517.666
519.691
530.613
545.029
551.783
553.866
550.285
552.342
547.347
531.097
522.101
516.547
520.896
530.544
515.666
519.937
521.723
508.401
523.241
538.42
536.426
548.898
547.323
547.173
550.205
566.937
576.859
565.634
550.232
542.558
559.682
559.831
547.318
562.635
569.114
564.049
579.693
568.377
562.597
580.621
581.464
588.366
591.984
598.599
615.493
605.002
590.915
586.742
570.342
588.199
594.319
597.813
628.344
636.137
637.459
640.446
615.418
588.704
576.496
569.99
591.036
589.459
597.838
623.429
628.754
656.726
690.058
695.057
698.813
701.969
702.432
703.132
709.789
721.72
733.329
742.576
741.725
743.341
745.143
744.584
732.734
730.179
735.376
741.641
743.996
743.619
745.254
742.199
734.08
729.117
737.025
732.325
723.713
726.79
726.754
734.944
733.644
730.026
729.439
707.257
714.655
735.05
748.043
736.186
718.26
738.558
744.624
741.37
745.062
737.645
742.216
746.835
753.969
760.858
763.086
761.361
752.737
758.866
754.883
766.795
770.718
753.652
747.215
762.697
766.851
776.447
778.598
781.626
777.778
784.442
780.015
771.368
783.973
779.098
778.704
766.319
783.598
791.462
791.173
773.982
781.334
768.955
769.398
775.62
804.331
787.175
803.656
814.489
803.738
799.903
769.923
769.794
778.938
771.041
772.534
772.453
783.66
806.24
817.076
810.846
816.93
824.693
834.067
820.071
818.117
810.394
814.144
781.928
803.987
801.419
792.795
785.918
800.634
805.701
814.399
837.411
828.913
838.443
844.157
839.678
842.775
855.173
852.41
846.144
833.745
826.578
832.933
806.311
806.065
805.856
833.486
842.736
847.125
845.13
845.863
829.53
824.82
808.852
827.622
869.404
880.498
881.013
864.21
863.352
853.36
831.018
841.301
824.271
828.922
835.522
834.031
822.078
849.845
846.277
847.162
871.546
867.534
877.676
896.123
903.519
892.581
898.018
898.214
904.114
910.171
905.611
892.419
904.438
906.222
896.864
861.63
871.74
867.855
864.797
850.035
857.656
833.337
838.042
842.25
865.42
868.969
890.071
892.04
878.257
889.481
897.647
871.361
858.338
855.208
865.672
871.526
872.224
872.565
881.648
867.796
888.94
897.602
899.452
896.222
894.229
861.5
827.42
826.915
715.435
770.522
796.067
837.091
853.447
875.874
867.83
866.302
866.339
857.661
862.109
873.315
892.558
908.017
886.332
906.899
914.301
897.15
872.492
892.987
919.181
927.732
929.131
931.535
935.191
927.773
902.897
921.587
900.705
894.716
911.862
899.857
926.992
890.526
882.889
891.361
872.081
868.505
868.519
840.642
862.492
862.344
904.936
925.328
929.875
933.79
937.124
940.986
944.914
948.422
944.678
942.572
942.856
942.607
942.264
943.682
942.056
941.696
946.881
948.284
945.137
942.567
938.706
927.137
925.407
922.069
910.25
909.69
908.162
892.396
901.321
905.764
909.574
908.893
913.732
908.9
910.795
916.122
926.392
920.083
908.618
911.827
920.319
912.559
889.488
920.462
930.239
935.327
936.989
930.79
934.919
933.602
929.806
932.05
934.466
934.141
934.085
932.298
929.208
926.756
922.127
925.59
924.592
927.474
918.119
914.701
922.233
920.878
916.52
912.875
914.221
918.656
912.047
906.46
898.108
897.116
896.758
894.369
885.981
880.841
897.148
900.715
898.076
892.975
896.245
896.619
902.612
893.943
873.756
870.146
886.752
885.549
880.892
887.525
889.239
882.934
881.401
885.805
878.452
871.893
859.896
848.45
847.1
855.61
833.827
838.01
824.159
818.689
794.045
804.053
784.915
764.593
747.338
737.568
768.641
788.835
793.212
804.649
792.227
799.037
810.914
815.393
822.614
815.11
808.773
809.07
791.101
800.687
772.924
759.599
771.088
781.928
792.126
808.452
805.249
800.823
771.305
766.949
761.752
770.437
787.544
768.035
734.875
697.834
710.791
730.165
737.171
740.15
729.482
721.574
681.651
719.21
715.303
720.103
711.822
702.626
700.76
715.782
708.479
695.509
673.689
638.472
662.673
660.909
664.883
695.833
673.58
671.488
665.74
673.497
667.767
670.194
668.158
657.137
642.225
644.491
660.395
671.1
677.553
667.053
674.669
680.799
661.213
650.292
654.311
634.073
619.596
630.267
615.127
600.493
597.074
603.421
605.48
578.252
564.13
577.698
602.898
625.018
627.289
625.932
623.155
621.707
615.86
608.112
602.756
600.323
584.645
587.594
574.115
492.598
328.505
227.728
241.815
322.533
418.94
466.824
469.414
451.143
467.929
435.439
372.158
341.168
365.791
363.06
359.363
349.739
328.943
306.441
283.168
252.981
113.311
178.99
76.3078
54.0549
29.6071
0
0
0
0
0
0
0
0
0
0
0
0
0
0
0
0
0
0
0
0
0
0
0
0
0
0
0
0
0
0
0
0
0
0
0
0
0
0
0
0
0
0
0
0
0
0
0
0
0
0
0
0
0
0
0
0
0
0
0
0
0
0
0
0
0
0
0
0
0
0
0
0
0
0
0
0
0
0
0
0
0
0
0
0
0
0
0
0
0
0
0
0
0
0
0
0
0
0
0
0
0
0
0
0
0
0
0
0
0
0
0
0
0
0
0
0
0
0
0
0
0
0
0
0
0
0
0
0
0
0
0
0
0
0
0
0
0
0
0
0
0
0
0
0
0
0
0
0
0
0
0
0
0
0
0
0
0
0
0
0
0
0
0
0
0
0
0
0
0
0
0
0
0
0
0
0
0
0
0
0
0
0
0
0
0
0
0
0
0
0
0
0
0
0
0
0
0
0
0
0
0
0
0
0
0
0
0
0
0
0
0
0
0
0
0
0
0
0
0
0
0
0
0
0
0
0
0
0
0
0
0
0
0
0
0
0
0
0
0
0
0
0
0
0
0
0
0
0
0
0
0
0
0
0
0
0
0
0
0
0
0
0
0
0
0
0
0
0
0
0
0
0
0
0
0
0
0
0
0
0
0
0
0
0
0
0
0
0
0
0
0
0
0
0
0
0
0
0
0
0
0
0
0
0
0
0
0
0
0
0
0
0
0
0
0
0
0
0
0
0
0
0
0
0
0
0
0
0
0
0
0
0
0
0
0
0
0
0
0
0
0
0
0
0
0
0
0
0
0
0
0
0
0
0
0
0
0
0
0
0
0
0
0
0
0
0
0
0
0
0
0
0
0
0
0
0
0
0
0
0
0
0
0
0
0
0
0
0
0
0
0
0
0
0
0
0
0
0
0
0
0
0
0
0
0
0
0
0
0
0
0
0
0
0
0
0
0
0
0
0
0
0
0
0
0
0
0
0
0
0
0
0
0
0
0
0
0
0
0
0
0
0
0
0
0
0
0
0
0
0
0
0
0
0
0
0
0
0
0
0
0
0
0
0
0
0
0
0
0
0
0
0
0
0
0
0
0
0
0
0
0
0
0
0
0
0
0
0
0
0
0
0
0
0
0
0
0
0
0
0
0
0
0
0
0
0
0
0
0
0
0
0
0
0
0
0
0
0
0
0
0
0
0
0
0
0
0
0
0
0
0
0
0
0
0
0
0
0
0
0
0
0
0
0
0
0
0
0
0
0
0
0
0
0
0
0
0
0
0
0
0
0
0
0
0
0
0
0
0
0
0
0
0
0
0
0
0
0
0
0
0
0
0
0
0
0
0
0
0
0
0
0
0
0
0
0
0
0
0
0
0
0
0
0
0
0
0
0
0
0
0
0
0
0
0
0
0
0
0
0
0
0
0
0
0
0
0
0
0
0
0
0
0
0
0
0
0
0
0
0
0
0
0
0
0
0
0
0
0
0
0
0
0
0
0
0
0
0
0
0
0
0
0
0
0
0
0
0
0
0
0
0
0
0
0
0
0
0
0
0
0
0
0
0
0
0
0
0
0
0
0
0
0
0
0
0
0
0
0
0
0
0
0
0
0
0
0
0
0
0
0
0
0
0
0
0
0
0
0
0
0
0
0
0
0
0
0
0
0
0
0
0
0
0
0
0
0
0
0
0
0
0
0
0
0
0
0
0
0
0
0
0
0
0
0
0
0
0
0
0
0
0
0
0
0
0
0
0
0
0
0
0
0
0
0
0
0
0
0
0
0
0
0
0
0
0
0
0
0
0
0
0
0
0
0
0
0
0
0
0
0
0
0
0
0
0
0
0
0
0
0
0
0
0
0
0
0
0
0
0
0
0
0
0
0
0
0
0
0
0
0
0
0
0
0
0
0
0
0
0
0
0
0
0
0
0
0
0
0
0
0
0
0
0
0
0
0
0
0
0
0
0
0
0
0
0
0
0
0
0
0
0
0
0
0
77.6144
175.31
113.851
225.775
247.295
268.364
300.706
313.405
330.316
350.869
366.084
379.784
399.096
416.923
426.707
439.915
450.676
467.398
484.506
493.843
506.647
519.492
537.21
547.362
556.906
564.032
569.989
578.147
583.428
585.788
594.413
599.65
606.035
608.185
613.801
618.959
623.274
623.285
628.265
633.474
635.323
643.313
649.158
657.12
659.98
663.61
671.693
676.53
683.111
687.499
689.591
696.21
697.2
704.68
708.923
712.28
718.156
722.025
728.628
729.055
733.561
736.101
741.043
746.445
746.42
750.274
754.169
756.173
759.879
762.611
768.637
769.794
771.456
773.019
776.168
782.223
782.256
787.226
790.697
792.22
797.402
797.081
799.502
800.785
804.656
805.966
808.243
810.897
813.931
815.727
819.444
821.961
822.084
821.799
827.253
829.138
830.058
833.892
833.774
835.902
838.586
841.222
843.976
844.124
846.648
849.902
850.574
853.703
856.447
855.036
857.076
858.774
862.402
863.903
863.828
867.714
869.036
870.283
872.702
872.624
876.575
876.878
877.952
879.167
880.802
882.312
884.796
885.584
887.454
887.671
890.426
891.827
893.262
895.909
897.358
896.728
898.325
900.021
901.538
905.501
905.774
907.49
907.94
907.123
910.163
909.391
911.146
911.511
914.722
915.019
915.351
917.104
918.351
918.783
920.424
920.298
920.617
921.976
922.863
923.345
921.671
923.981
926.236
926.526
927.428
928.307
928.361
930.08
932.88
931.893
932.66
933.697
934.024
935.268
935.322
935.035
934.327
936.113
936.689
938.162
940.451
940.775
941.205
942.329
943.116
940.932
944.987
946.951
943.057
946.422
947.323
948.66
947.468
946.701
946.768
947.807
948.171
950.87
949.59
949.597
950.234
950.713
951.235
953.365
950.88
951.837
954.408
953.459
955.084
952.159
956.473
956.172
957.673
958.165
954.76
958.197
959.908
959.104
960.088
963.78
963.335
962.455
964.177
963.048
966.666
962.824
965.543
963.898
963.344
964.374
965.32
966.709
964.917
963.03
962.877
963.785
965.56
964.409
963.64
967.31
969.163
969.477
966.862
970.783
963.921
962.404
964.102
967.595
969.372
966.686
967.174
970.506
969.141
970.611
970.778
970.604
972.501
970.635
972.882
970.113
970.521
972.942
970.993
971.712
970.475
972.084
969.115
969.739
968.909
972.973
973.159
973.972
970.944
971.551
971.237
971.019
971.672
971.388
970.735
967.083
967.01
965.842
969.503
970.023
972.769
968.602
969.709
964.601
965.391
971.852
968.581
967.891
971.25
967.492
968.635
971.919
971.86
969.193
970.208
972.279
971.804
972.084
970.039
969.401
968.62
970.515
968.715
965.53
965.598
967.885
961.766
966.364
961.568
964.991
962.682
961.567
960.513
964.404
964.867
962.089
964.947
962.748
959.207
960.917
960.455
963.297
955.747
958.929
957.897
959.994
962.974
958.101
960.299
960.897
958.805
957.914
956.976
956.25
955.9
955.809
956.768
953.655
955.839
952.214
956.235
955.787
954.122
953.58
956.627
953.325
954.769
953.23
951.396
951.572
949.521
949.193
950.525
948.142
950.057
949.827
949.31
943.597
942.929
944.923
945.097
946.307
943.143
946.182
941.43
941.177
942.115
941.329
939.121
939.322
937.684
937.749
937.746
934.167
936.749
935.598
934.127
931.363
933.199
934.399
935.742
930.877
927.868
929.753
930.093
928.122
929.361
924.359
927.015
925.515
928.656
921.936
923.601
920.967
923.808
920.632
923.025
922.923
922.175
924.423
919.307
918.149
916.052
916.466
913.63
913.61
908.478
911.133
910.489
911.382
908.224
904.721
909.523
907.851
905.948
906.636
903.769
906.192
901.686
902.786
899.636
900.135
896.905
895.782
894.436
893.367
892.09
890.124
892.103
889.416
886.554
887.105
887.437
884.418
882.322
880.152
876.618
876.47
875.712
874.214
874.567
873.674
867.282
867.304
868.317
863.69
863.745
863.829
862.331
858.916
859.423
855.601
853.486
852.96
852.039
854.325
851.002
850.145
847.038
845.619
846.141
842.587
839.433
839.48
841.302
837.54
834.936
834.705
829.244
827.615
827.143
824.34
819.736
820.497
815.7
814.314
812.824
814.169
809.093
808.67
802.806
802.571
800.69
799.294
795.111
792.641
795.548
791.947
788.143
786.288
781.086
780.39
777.035
770.946
768.349
769.048
767.258
760.88
760.932
757.264
753.485
753.149
751.792
744.559
741.101
733.218
734.45
725.467
724.95
719.548
713.172
705.768
703.052
696.065
692.356
691.259
683.514
679.052
674.763
670.117
665.232
663.38
654.341
647.36
647.196
645.784
643.723
637.75
630.01
619.681
607.299
601.253
607.231
602.819
594.816
588.566
578.76
568.964
550.519
535.313
522.378
511.389
497.092
486.616
469.536
460.38
441.8
425.782
406.573
378.63
370.783
359.554
342.333
324.463
304.733
276.866
236.672
106.96
186.734
80.4989
0
0
0
0
0
0
0
0
0
0
0
0
0
0
0
0
0
0
0
0
0
0
0
0
0
0
0
0
0
0
0
0
0
0
0
0
0
0
0
0
0
0
0
0
0
0
0
0
0
0
0
0
0
0
0
0
0
0
0
0
0
0
0
0
0
0
0
0
0
0
0
0
0
0
0
0
0
0
0
0
0
0
0
0
0
0
0
0
0
0
0
0
0
0
0
0
0
0
0
0
0
0
0
0
0
0
0
0
0
0
0
0
0
0
0
0
0
0
0
0
0
0
0
0
0
0
0
0
0
0
0
0
0
0
0
0
0
0
0
0
0
0
0
0
0
0
0
0
0
0
0
0
0
0
0
0
0
0
0
0
0
0
0
0
0
0
0
0
0
0
0
0
0
0
0
0
0
0
0
0
0
0
0
0
0
0
0
0
0
0
0
0
0
0
0
0
0
0
0
0
0
0
0
0
0
0
0
0
0
0
0
0
0
0
0
0
0
0
0
0
0
0
0
0
0
0
0
0
0
0
0
0
0
0
0
0
0
0
0
0
0
0
0
0
0
0
0
0
0
0
0
0
0
0
0
0
0
0
0
0
0
0
0
0
0
0
0
0
0
0
0
0
0
0
0
0
0
0
0
0
0
0
0
0
0
0
0
0
0
0
0
0
0
0
0
0
0
0
0
0
0
0
0
0
0
0
0
0
0
0
0
0
0
0
0
0
0
0
0
0
0
0
0
0
0
0
0
0
0
0
0
0
0
0
0
0
0
0
0
0
0
0
0
0
0
0
0
0
0
0
0
0
0
0
0
0
0
0
0
0
0
0
0
0
0
0
0
0
0
0
0
0
0
0
0
0
0
0
0
0
0
0
0
0
0
0
0
0
0
0
0
0
0
0
0
0
0
0
0
0
0
0
0
0
0
0
0
0
0
0
0
0
0
0
0
0
0
0
0
0
0
0
0
0
0
0
0
0
0
0
0
0
0
0
0
0
0
0
0
0
0
0
0
0
0
0
0
0
0
0
0
0
0
0
0
0
0
0
0
0
0
0
0
0
0
0
0
0
0
0
0
0
0
0
0
0
0
0
0
0
0
0
0
0
0
0
0
0
0
0
0
0
0
0
0
0
0
0
0
0
0
0
0
0
0
0
0
0
0
0
0
0
0
0
0
0
0
0
0
0
0
0
0
0
0
0
0
0
0
0
0
0
0
0
0
0
0
0
0
0
0
0
0
0
0
0
0
0
0
0
0
0
0
0
0
0
0
0
0
0
0
0
0
0
0
0
0
0
0
0
0
0
0
0
0
0
0
0
0
0
0
0
0
0
0
0
0
0
0
0
0
0
0
0
0
0
0
0
0
0
0
0
0
0
0
0
0
0
0
0
0
0
0
0
0
0
0
0
0
0
0
0
0
0
0
0
0
0
0
0
0
0
0
0
0
0
0
0
0
0
0
0
0
0
0
0
0
0
0
0
0
0
0
0
0
0
0
0
0
0
0
0
0
0
0
0
0
0
0
0
0
0
0
0
0
0
0
0
0
0
0
0
0
0
0
0
0
0
0
0
0
0
0
0
0
0
0
0
0
0
0
0
0
0
0
0
0
0
0
0
0
0
0
0
0
0
0
0
0
0
0
0
0
0
0
0
0
0
0
0
0
0
0
0
0
0
0
0
0
0
0
0
0
0
0
0
0
0
0
0
0
0
0
0
0
0
0
0
0
0
0
0
0
0
0
0
0
0
0
0
0
0
0
0
0
0
0
0
0
0
0
0
0
0
0
0
0
0
0
0
0
0
0
0
0
0
0
0
0
0
0
0
0
0
0
0
0
0
0
0
0
0
0
0
0
0
0
0
0
0
0
0
0
0
0
0
0
0
0
0
0
0
0
0
0
0
0
0
0
0
0
0
0
0
0
0
0
0
0
0
0
0
0
0
0
0
0
0
0
0
0
0
0
0
0
0
0
0
0
0
0
0
0
0
0
0
0
0
0
0.892576
106.985
10.5764
87.1013
0
103.927
269.747
350.888
372.022
192.269
399.383
411.184
423.744
444.979
456.263
468.125
480.974
489.344
503.865
516.319
526.453
539.602
545.389
550.738
558.654
563.323
572.594
576.002
582.247
587.756
593.135
598.059
598.462
606.51
608.847
612.473
616.106
619.641
624.544
632.909
637.385
645.054
645.821
653.953
657.314
663.874
668.603
672.376
678.215
682.006
682.735
689.925
695.167
696.788
703.462
707.226
712.065
713.96
719.674
723.392
723.054
729.598
731.568
735.21
737.159
740.69
745.224
748.696
750.627
753.637
756.824
760.075
763.922
764.437
767.053
768.495
772.1
774.416
776.834
780.337
783.89
787.095
788.987
790.518
793.447
795.399
797.851
799.919
803.746
806.134
807.303
811.996
812.233
814.784
816.61
819.359
819.627
821.111
823.914
826.471
828.807
831.495
832.612
835.708
836.922
838.493
840.725
841.122
845.966
848.039
849.555
851.039
851.995
854.564
856.596
859.281
860.854
862.204
863.654
865.193
866.995
867.426
868.658
868.889
871.837
873.491
874.857
874.399
877.886
880.344
880.129
883.268
883.954
884.17
886.305
885.215
885.884
886.888
887.27
890.83
889.361
891.052
892.456
895.414
895.959
898.088
898.922
899.918
900.793
900.736
903.562
904.415
906.042
904.915
908.354
906.744
907.939
907.602
907.768
909.497
911.067
912.483
910.989
911.815
913.384
913.613
915.6
915.144
916.683
916.733
915.962
919.211
917.837
917.932
915.564
918.603
918.098
920.93
921.47
921.034
920.949
921.983
923.334
924.052
924.326
925.534
927.029
926.298
928.982
928.128
926.221
931.437
933.022
932.83
934.543
933.444
934.467
933.919
933.258
935.377
934.868
934.406
934.873
935.973
936.773
939.452
937.433
940.298
937.77
936.502
935.399
935.257
938.261
937.626
937.193
940.936
940.406
940.164
937.944
938.851
941.552
942.077
942.329
943.236
943.712
941.334
942.55
941.208
944.919
944.68
943.213
945.37
944.999
942.66
945.038
945.761
946.231
944.774
946.708
945.061
945.337
943.372
946.876
943.382
942.382
939.341
941.565
942.844
945.85
946.022
948.434
942.779
947.03
943.337
944.732
946.775
942.107
950.057
945.215
944.861
946.031
946.818
946.925
945.674
943.762
946.226
945.644
945.431
948.109
949.154
947.683
947.932
947.133
946.758
944.772
947.327
947.938
948.237
947.342
947.525
946.998
944.502
942.939
940.979
940.405
938.287
938.721
934.926
930.102
933.067
931.469
935.572
933.797
934.228
935.058
937.008
938.487
942.103
942.638
939.142
940.492
943.039
939.109
938.56
939.232
938.789
935.103
937.645
936.887
934.843
935.267
935.893
937.072
938.062
936.758
935.202
931.32
936.365
935.667
936.808
934.923
936.073
935.998
935.383
935.146
932.689
932.414
933.553
932.444
929.428
932.136
928.146
928.469
926.969
928.674
927.617
926.261
928.372
927.881
925.111
922.91
921.523
922.804
922.647
922.026
922.897
924.547
921.927
923.482
921.297
922.356
921.857
922.96
921.296
916.744
919.969
920.656
919.603
916.833
921.308
919.677
917.303
915.42
914.346
915.819
916.417
916.262
913.84
916.516
914.167
915.64
913.648
916.562
912.102
912.758
911.171
913.781
912.682
911.564
909.078
909.765
908.996
909.201
904.393
909.28
906.894
906.305
903.632
904.557
904.508
900.126
901.15
900.805
900.248
897.886
898.759
898.307
894.261
896.587
893.452
893.471
890.359
888.679
892.59
889.881
889.921
883.626
887.707
883.94
886.43
881.287
880.759
875.779
876.507
876.31
876.222
875.068
876.042
876.023
872.582
872.655
870.054
868.159
867.975
867.52
866.571
863.582
863.02
863.511
863.422
862.094
859.645
857.035
856.826
852.725
850.801
853.054
849.624
844.974
846.649
841.029
840.781
838.582
838.344
832.942
831.368
826.025
825.631
831.02
822.751
825.31
824.512
824.178
826.068
826.272
825.454
816.911
814.263
813.393
814.329
813.419
814.718
812.082
804.288
796.824
796.34
800.714
798.356
797.104
795.44
795.926
795.746
791.09
786.107
786.324
787.749
787.9
785.971
781.277
782.224
775.229
779.529
772.825
773.612
773.789
770.064
768.084
766.282
761.665
761.949
755.044
754.994
750.866
747.337
745.423
743.491
746.008
740.972
735.754
736.844
734.356
732.776
730
727.263
726.908
721.08
712.706
713.186
710.039
706.328
702.108
699.667
691.699
686.742
684.065
676.265
653.988
652.063
660.352
651.143
644.668
639.523
631.519
625.743
617.07
619.36
616.275
607.214
609.71
605.006
595.717
588.431
580.927
562.374
558.79
559.307
554.793
552.97
548.564
538.655
530.391
515.077
504.592
489.974
474.695
465.162
451.106
440.258
426.609
408.181
391.798
376.598
352.99
335.285
317.356
300.988
278.108
259.113
234.588
202.251
98.3491
147.719
55.6938
0
0
0
0
0
0
0
0
0
0
0
0
0
0
0
0
0
0
0
0
0
0
0
0
0
0
0
0
0
0
0
0
0
0
0
0
0
0
0
0
0
0
0
0
0
0
0
0
0
0
0
0
0
0
0
0
0
0
0
0
0
0
0
0
0
0
0
0
0
0
0
0
0
0
0
0
0
0
0
0
0
0
0
0
0
0
0
0
0
0
0
0
0
0
0
0
0
0
0
0
0
0
0
0
0
0
0
0
0
0
0
0
0
0
0
0
0
0
0
0
0
0
0
0
0
0
0
0
0
0
0
0
0
0
0
0
0
0
0
0
0
0
0
0
0
0
0
0
0
0
0
0
0
0
0
0
0
0
0
0
0
0
0
0
0
0
0
0
0
0
0
0
0
0
0
0
0
0
0
0
0
0
0
0
0
0
0
0
0
0
0
0
0
0
0
0
0
0
0
0
0
0
0
0
0
0
0
0
0
0
0
0
0
0
0
0
0
0
0
0
0
0
0
0
0
0
0
0
0
0
0
0
0
0
0
0
0
0
0
0
0
0
0
0
0
0
0
0
0
0
0
0
0
0
0
0
0
0
0
0
0
0
0
0
0
0
0
0
0
0
0
0
0
0
0
0
0
0
0
0
0
0
0
0
0
0
0
0
0
0
0
0
0
0
0
0
0
0
0
0
0
0
0
0
0
0
0
0
0
0
0
0
0
0
0
0
0
0
0
0
0
0
0
0
0
0
0
0
0
0
0
0
0
0
0
0
0
0
0
0
0
0
0
0
0
0
0
0
0
0
0
0
0
0
0
0
0
0
0
0
0
0
0
0
0
0
0
0
0
0
0
0
0
0
0
0
0
0
0
0
0
0
0
0
0
0
0
0
0
0
0
0
0
0
0
0
0
0
0
0
0
0
0
0
0
0
0
0
0
0
0
0
0
0
0
0
0
0
0
0
0
0
0
0
0
0
0
0
0
0
0
0
0
0
0
0
0
0
0
0
0
0
0
0
0
0
0
0
0
0
0
0
0
0
0
0
0
0
0
0
0
0
0
0
0
0
0
0
0
0
0
0
0
0
0
0
0
0
0
0
0
0
0
0
0
0
0
0
0
0
0
0
0
0
0
0
0
0
0
0
0
0
0
0
0
0
0
0
0
0
0
0
0
0
0
0
0
0
0
0
0
0
0
0
0
0
0
0
0
0
0
0
0
0
0
0
0
0
0
0
0
0
0
0
0
0
0
0
0
0
0
0
0
0
0
0
0
0
0
0
0
0
0
0
0
0
0
0
0
0
0
0
0
0
0
0
0
0
0
0
0
0
0
0
0
0
0
0
0
0
0
0
0
0
0
0
0
0
0
0
0
0
0
0
0
0
0
0
0
0
0
0
0
0
0
0
0
0
0
0
0
0
0
0
0
0
0
0
0
0
0
0
0
0
0
0
0
0
0
0
0
0
0
0
0
0
0
0
0
0
0
0
0
0
0
0
0
0
0
0
0
0
0
0
0
0
0
0
0
0
0
0
0
0
0
0
0
0
0
0
0
0
0
0
0
0
0
0
0
0
0
0
0
0
0
0
0
0
0
0
0
0
0
0
0
0
0
0
0
0
0
0
0
0
0
0
0
0
0
0
0
0
0
0
0
0
0
0
0
0
0
0
0
0
0
0
0
0
0
0
0
0
0
0
0
0
0
0
0
0
0
0
0
0
0
0
0
0
0
0
0
0
0
0
0
0
0
0
0
0
0
0
0
0
0
0
0
0
0
0
0
0
0
0
0
0
0
0
0
0
0
0
0
0
0
0
0
0
0
0
0
0
0
0
0
0
0
0
0
0
0
0
0
0
0
0
0
0
0
0
0
0
0
0
0
0
0
0
0
0
0
0
0
0
0
0
0
0
0
0
0
0
0
0
0
0
0
0
0
0
0
0
0
0
0
0
0
0
0
0
0
0
0
0
0
0
0
0
0
0
0
0
0
0
0
4.7175
47.5269
72.0429
94.7206
89.8866
215.015
233.201
247.559
260.44
276.907
297.359
311.056
325.291
337.36
353.626
369.853
383.529
394.105
412.299
424.551
431.727
443.606
456.786
466.612
476.869
480.506
488.172
488.105
496.987
505.075
510.99
514.951
521.191
526.823
532.313
531.421
541.431
541.818
548.364
552.501
558.623
568.946
574.696
581.511
586.086
589.994
595.814
602.555
612.654
618.587
621.776
625.877
631.534
635.163
643.611
647.065
649.658
659.702
662.695
666.018
666.531
671.58
680.031
681.542
684.566
689.485
691.423
696.288
699.423
701.019
704.317
705.983
709.486
712.409
717.208
719.328
720.881
724.917
728.229
733.087
735.726
740.03
743.93
746.048
750.094
753.994
758.465
759.647
763.444
765.947
768.187
768.962
771.365
774.875
778.102
779.591
783.572
785.783
785.589
787.025
789.036
788.126
787.153
791.025
792.423
794.665
796.817
798.112
800.596
801.521
801.99
805.229
807.944
810.939
812.482
813.102
811.89
812.261
814.568
815.753
815.838
818.016
819.439
821.356
824.317
825.816
827.966
826.967
829.253
829.501
833.883
834.554
834.482
837.979
839.736
839.674
844.196
847.239
848.963
851.072
851.088
850.641
850.982
850.202
849.727
851.853
852.542
852.563
855.422
855.048
856.661
858.379
860.011
858.663
861.685
863.535
861.523
861.847
864.097
863.796
866.335
867.098
867.662
868.663
868.419
866.804
865.499
867.933
863.302
861.807
863.192
862.842
861.13
860.916
868.318
871.026
873.381
871.906
872.75
871.898
874.644
875.295
874.615
874.89
873.124
873.056
877.467
875.467
875.431
875.692
874.029
879.881
880.104
879.034
883.052
879.898
884.014
886.45
888.121
885.858
886.68
889.457
889.217
889.252
886.956
890.645
890.42
890.813
891.52
891.689
890.969
892.596
895.582
894.12
895.061
896.066
893.528
891.599
896.323
892.871
892.546
891.854
892.84
891.644
891.435
891.063
892.14
894.552
892.04
890.83
892.886
893.476
887.921
894.712
894.249
894.022
895.781
896.014
900
895.551
891.175
890.446
885.801
887.896
890.152
886.924
888.729
893.54
890.223
889.536
893.265
891.13
889.354
884.097
884.748
885.071
887.635
884.461
886.004
886.093
889.938
891.67
891.747
888.247
889.557
890.189
886.853
885.499
887.587
886.745
889.551
890.557
890.969
890.653
888.811
887.053
884.093
882.849
882.187
878.964
880.672
882.321
881.197
877.573
876.469
876.209
876.071
875.312
876.624
876.887
872.007
869.212
866.002
861.812
864.916
863.509
865.641
865.338
862.426
862.023
858.174
852.716
854.127
850.615
851.499
849.203
847.671
848.62
847.045
851.334
852.948
847.992
840.13
841.928
843.318
841.649
840.748
839.059
834.387
837.675
839.389
838.248
841.121
841.501
837.777
834.141
834.928
832.134
833.137
833.314
838.065
835.745
829.274
830.007
827.987
828.877
830.641
825.756
826.557
825.205
828.257
831.722
824.326
823.203
819.704
819.012
820.488
821.375
818.862
818.24
815.576
813.827
808.625
808.548
811.182
815.474
813.334
814.675
810.686
811.597
808.968
809.152
813.551
815.162
812.414
820.577
819.798
818.197
820.806
818.279
813.723
812.493
812.584
805.184
802.622
804.265
800.295
808.974
810.457
809.149
809.68
813.307
811.579
812.259
812.95
812.185
811.931
813.015
814.415
813.485
813.15
809.729
808.093
811.339
811.39
810.86
809.92
807.08
803.527
806.714
803.013
800.414
794.578
794.909
792.915
788.751
783.039
786.029
785.126
783.253
777.399
776.889
777.618
781.771
778.226
775.362
772.198
771.345
768.229
765.346
764.93
760.585
760.552
761.65
761.32
754.03
755.078
753.456
752.484
747.476
745.745
743.78
745.508
742.367
744.345
747.08
743.96
743.838
742.166
745.952
736.455
735.861
734.375
737.76
734.183
738.331
738.769
734.32
735
736.569
738.004
739.807
738.152
738.624
742.391
744.314
741.082
737.644
737.368
735.79
738.338
737.708
739.311
739.927
742.598
744.359
741.093
736.235
737.821
730.937
728.504
721.24
722.947
720.4
718.038
713.378
710.331
707.065
707.95
702.284
703.183
695.034
684.301
665.658
661.352
650.326
657.957
671.316
650.133
638.588
640.021
641.687
663.725
659.907
659.575
652.207
648.184
657.203
649.898
636.097
630.727
620.731
612.363
607.315
595.868
586.441
592.435
600.405
590.136
591.727
589.167
585.822
577.173
559.145
544.319
545.607
539.626
534.844
530.675
524.898
516.498
520.35
520.015
500.508
463.599
413.334
372.071
388.777
410.533
418.492
437.047
438.455
428.194
426.729
428.891
427.827
414.746
407.141
407.55
408.958
399.091
386.801
378.505
366.277
355.47
344.209
334.402
311.599
300.065
282.306
273.026
259.272
253.178
239.514
222.149
109.396
181.569
86.7478
77.1476
0
0
0
0
0
0
0
0
0
0
0
0
0
0
0
0
0
0
0
0
0
0
0
0
0
0
0
0
0
0
0
0
0
0
0
0
0
0
0
0
0
0
0
0
0
0
0
0
0
0
0
0
0
0
0
0
0
0
0
0
0
0
0
0
0
0
0
0
0
0
0
0
0
0
0
0
0
0
0
0
0
0
0
0
0
0
0
0
0
0
0
0
0
0
0
0
0
0
0
0
0
0
0
0
0
0
0
0
0
0
0
0
0
0
0
0
0
0
0
0
0
0
0
0
0
0
0
0
0
0
0
0
0
0
0
0
0
0
0
0
0
0
0
0
0
0
0
0
0
0
0
0
0
0
0
0
0
0
0
0
0
0
0
0
0
0
0
0
0
0
0
0
0
0
0
0
0
0
0
0
0
0
0
0
0
0
0
0
0
0
0
0
0
0
0
0
0
0
0
0
0
0
0
0
0
0
0
0
0
0
0
0
0
0
0
0
0
0
0
0
0
0
0
0
0
0
0
0
0
0
0
0
0
0
0
0
0
0
0
0
0
0
0
0
0
0
0
0
0
0
0
0
0
0
0
0
0
0
0
0
0
0
0
0
0
0
0
0
0
0
0
0
0
0
0
0
0
0
0
0
0
0
0
0
0
0
0
0
0
0
0
0
0
0
0
0
0
0
0
0
0
0
0
0
0
0
0
0
0
0
0
0
0
0
0
0
0
0
0
0
0
0
0
0
0
0
0
0
0
0
0
0
0
0
0
0
0
0
0
0
0
0
0
0
0
0
0
0
0
0
0
0
0
0
0
0
0
0
0
0
0
0
0
0
0
0
0
0
0
0
0
0
0
0
0
0
0
0
0
0
0
0
0
0
0
0
0
0
0
0
0
0
0
0
0
0
0
0
0
0
0
0
0
0
0
0
0
0
0
0
0
0
0
0
0
0
0
0
0
0
0
0
0
0
0
0
0
0
0
0
0
0
0
0
0
0
0
0
0
0
0
0
0
0
0
0
0
0
0
0
0
0
0
0
0
0
0
0
0
0
0
0
0
0
0
0
0
0
0
0
0
0
0
0
0
0
0
0
0
0
0
0
0
0
0
0
0
0
0
0
0
0
0
0
0
0
0
0
0
0
0
0
0
0
0
0
0
0
0
0
0
0
0
0
0
0
0
0
0
0
0
0
0
0
0
0
0
0
0
0
0
0
0
0
0
0
0
0
0
0
0
0
0
0
0
0
0
0
0
0
0
0
0
0
0
0
0
0
0
0
0
0
0
0
0
0
0
0
0
0
0
0
0
0
0
0
0
0
0
0
0
0
0
0
0
0
0
0
0
0
0
0
0
0
0
0
0
0
0
0
0
0
0
0
0
0
0
0
0
0
0
0
0
0
0
0
0
0
0
0
0
0
0
0
0
0
0
0
0
0
0
0
0
0
0
0
0
0
0
0
0
0
0
0
0
0
0
0
0
0
0
0
0
0
0
0
0
0
0
0
0
0
0
0
0
0
0
0
0
0
0
0
0
0
0
0
0
0
0
0
0
0
0
0
0
0
0
0
0
0
0
0
0
0
0
0
0
0
0
0
0
0
0
0
0
0
0
0
0
0
0
0
0
0
0
0
0
0
0
0
0
0
0
0
0
0
0
0
0
0
0
0
0
0
0
0
0
0
0
0
0
0
0
0
0
0
0
0
0
0
0
0
0
0
0
0
0
0
0
0
0
0
0
0
0
0
0
0
0
0
0
0
0
0
0
0
0
0
0
0
0
0
0
0
0
0
0
0
0
0
0
0
0
0
0
0
0
0
0
0
0
0
0
0
0
0
0
0
0
0
0
0
0
0
0
0
0
0
0
0
0
0
0
0
0
0
0
0
0
0
0
0
0
0
0
0
0
0
0
0
0
0
0
0
0
0
0
0
0
0
0
0
0
0
0
0
0
0
0
0
0
0
0
0
0
0
0
0
0
0
0
0
0
0
0
0
0
0
0
0
0
0
0
0
0
0
0
0
0
0
0
0
0
0
0.032566
0.683945
0
0
1.49012
1.12584
0.04408
0
0
0
0
1.30526
0
0
0
0
0
0
0
0
0
0
0
0
0
0
0
0
0
0
0
0
0
0
0
0
0
0
0
0
0
0
0
0
0
0
0
0
0
0
0
0
0
0
0
0
0
0
0
0
0
0
0.089263
0.16874
0
0
0.607294
0
0
1.07213
0
0
0
0
0
0
0
0
0
0
0
0
0
0
0
0
0
0
0
0
0
0
0
0
0
0
0
0
0
0
0
0
0
0
0
0
0
0
0
0.446292
76.2207
354.25
407.088
456.034
457.478
459.3
481.425
497.079
504.057
511.296
515.43
497.231
526.209
490.478
498.879
506.454
514.284
531.768
565.551
582.205
552.444
539.501
512.857
510.666
481.875
468.893
363.611
323.754
437.738
492.296
499.261
484.035
482.796
502.981
533.241
539.125
516.797
484.827
462.951
520.147
495.881
517.138
503.124
425.119
436.898
470.255
503.256
520.213
532.536
574.159
597.539
591.848
552.103
544.351
573.636
580.783
566.079
593.583
566.283
533.83
535.798
543.785
431.581
29.3586
0
0.259869
31.4653
289.328
548.601
480.021
243.993
8.79503
0
0
0
0
45.66
166.75
121.169
5.66659
359.566
123.93
439.534
436.091
442.367
458.336
288.095
525.577
574.359
516.873
555.667
463.227
406.034
408.551
424.696
288.226
221.837
145.112
344.954
453.157
482.714
495.931
375.808
487.42
192.567
335.739
370.584
250.176
472.552
436.582
422.718
531.834
565.996
532.463
481.423
226.936
268.172
422.868
528.029
573.355
570.229
548.109
555.374
564.175
474.28
510.156
580.195
531.829
501.879
568.463
548.84
561.048
592.356
579.539
583.442
540.31
554.716
565.439
613.735
646.17
660.874
663.226
658.612
647.75
645.443
638.498
605.48
548.106
522.718
585.572
613.149
625.877
623.453
618.296
626.503
623.803
604.59
592.009
600.825
625.41
629.29
606.748
599.673
627.268
638.374
625.8
618.812
626.281
633.759
640.315
626.032
604.286
588.482
557.845
567.632
603.5
638.686
651.723
626.693
597.923
598.907
610.404
630.314
637.666
624.386
575.48
605.958
604.118
591.183
590.295
591.235
592.781
589.042
591.479
591.207
624.311
646.184
636.387
608.172
606.857
578.75
590.915
605.826
624.441
619.475
607.808
612.383
618.349
594.965
556.446
397.936
537.865
594.271
608.959
571.379
566.118
572.028
553.283
585.712
616.711
638.208
630.734
631.738
622.285
614.766
598.916
598.542
607.046
612.26
613.149
610.038
619.324
624.231
631.031
619.608
623.231
623.931
588.015
573.539
590.131
603.248
612.347
601.55
589.989
579.525
587.615
594.715
604.085
600.819
592.482
604.317
592.469
578.503
596.774
605.569
602.521
583.754
558.345
582.034
597.916
598.511
607.608
597.978
588.013
591.633
614.919
612.783
594.863
602.225
585.56
596.908
594.63
600.77
616.955
609.559
618.189
612.556
618.413
612.676
597.584
595.821
602.315
615.886
587.39
597.197
587.073
572.568
589.858
575.049
577.881
579.4
594.79
603.482
594.334
591.303
591.661
584.124
591.155
583.741
561.255
544.114
554.256
558.06
543.851
551.459
567.604
551.863
564.944
550.071
543.452
528.756
541.321
514.018
546.973
536.692
536.899
524.768
513.712
486.312
504.914
520.111
525.769
520.241
523.331
526.016
476.502
461.746
450.784
467.192
475.168
459.646
450.849
403.671
382.683
396.342
440.65
426.414
371.446
415.904
397.884
428.206
217.468
128.046
117.392
333.171
383.051
378.663
390.93
428.568
427.891
419.607
403.665
408.447
416.134
414.014
416.089
421.665
408.797
383.392
396.735
382.573
355.088
347.437
369.71
351.208
365.394
376.028
362.898
374.561
369.637
352.362
352.167
351.131
357.46
347.571
334.37
354.205
365.448
361.273
349.003
341.565
338.73
328.747
331.104
328.803
302.665
287.228
264.928
246.242
260.981
268.94
275.051
277.4
273.597
251.148
245.28
257.472
252.89
232.553
198.928
197.831
201.414
195.015
177.487
169.84
61.0288
81.0841
131.373
146.96
154.933
156.321
154.098
141.021
137.78
127.719
121.502
108.491
111.859
109.306
40.1181
50.7876
39.667
0
0
0
0
0
0
0
0
0
0
0
0
0
0
0
0
0
0
0
0
0
0
0
0
0
0
0
0
0
0
0
0
0
0
0
0
0
0
0
0
0
0
0
0
0
0
0
0
0
0
0
0
0
0
0
0
0
0
0
0
0
0
0
0
0
0
0
0
0
0
0
0
0
0
0
0
0
0
0
0
0
0
0
0
0
0
0
0
0
0
0
0
0
0
0
0
0
0
0
0
0
0
0
0
0
0
0
0
0
0
0
0
0
0
0
0
0
0
0
0
0
0
0
0
0
0
0
0
0
0
0
0
0
0
0
0
0
0
0
0
0
0
0
0
0
0
0
0
0
0
0
0
0
0
0
0
0
0
0
0
0
0
0
0
0
0
0
0
0
0
0
0
0
0
0
0
0
0
0
0
0
0
0
0
0
0
0
0
0
0
0
0
0
0
0
0
0
0
0
0
0
0
0
0
0
0
0
0
0
0
0
0
0
0
0
0
0
0
0
0
0
0
0
0
0
0
0
0
0
0
0
0
0
0
0
0
0
0
0
0
0
0
0
0
0
0
0
0
0
0
0
0
0
0
0
0
0
0
0
0
0
0
0
0
0
0
0
0
0
0
0
0
0
0
0
0
0
0
0
0
0
0
0
0
0
0
0
0
0
0
0
0
0
0
0
0
0
0
0
0
0
0
0
0
0
0
0
0
0
0
0
0
0
0
0
0
0
0
0
0
0
0
0
0
0
0
0
0
0
0
0
0
0
0
0
0
0
0
0
0
0
0
0
0
0
0
0
0
0
0
0
0
0
0
0
0
0
0
0
0
0
0
0
0
0
0
0
0
0
0
0
0
0
0
0
0
0
0
0
0
0
0
0
0
0
0
0
0
0
0
0
0
0
0
0
0
0
0
0
0
0
0
0
0
0
0
0
0
0
0
0
0
0
0
0
0
0
0
0
0
0
0
0
0
0
0
0
0
0
0
0
0
0
0
0
0
0
0
0
0
0
0
0
0
0
0
0
0
0
0
0
0
0
0
0
0
0
0
0
0
0
0
0
0
0
0
0
0
0
0
0
0
0
0
0
0
0
0
0
0
0
0
0
0
0
0
0
0
0
0
0
0
0
0
0
0
0
0
0
0
0
0
0
0
0
0
0
0
0
0
0
0
0
0
0
0
0
0
0
0
0
0
0
0
0
0
0
0
0
0
0
0
0
0
0
0
0
0
0
0
0
0
0
0
0
0
0
0
0
0
0
0
0
0
0
0
0
0
0
0
0
0
0
0
0
0
0
0
0
0
0
0
0
0
0
0
0
0
0
0
0
0
0
0
0
0
0
0
0
0
0
0
0
0
0
0
0
0
0
0
0
0
0
0
0
0
0
0
0
0
0
0
0
0
0
0
0
0
0
0
0
0
0
0
0
0
0
0
0
0
0
0
0
0
0
0
0
0
0
0
0
0
0
0
0
0
0
0
0
0
0
0
0
0
0
0
0
0
0
0
0
0
0
0
0
0
0
0
0
0
0
0
0
0
0
0
0
0
0
0
0
0
0
0
0
0
0
0
0
0
0
0
0
0
0
0
0
0
0
0
0
0
0
0
0
0
0
0
0
0
0
0
0
0
0
0
0
0
0
0
0
0
0
0
0
0
0
0
0
0
0
0
0
0
0
0
0
0
0
0
0
0
0
0
0
0
0
0
0
0
0
0
0
0
0
0
0
0
0
0
0
0
0
0
0
0
0
0
0
0
0
0
0
0
0
0
0
0
0
0
0
0
0
0
0
0
0
0
0
0
0
0
0
0
0
0
0
0
0
0
0
0
0
0
0
0
0
0
0
0
0
0
0
0
0
0
0
0
0
0
0
0
0
0
0
0
0
0
0
0
0
0
0
0
0
0
0
0
0
0
0
0
0
0
0
0
0
0
0
0
0
0
0
0
0
0
0
0
0
0
0
0
0
0
0
0
0
0
0
0
0
0
0
0
0
0
0
0
0
0
0
0
0
0
0
0
0
0
0
0
0
0
0
0
0
0
70.7545
0
0
10.4603
233.925
243.295
154.642
299.777
318.171
339.639
176.44
365.909
383.826
397.961
414.96
433.528
446.266
461.714
476.959
488.696
495.593
507.819
516.237
522.431
523.16
521.05
522.247
528.644
535.253
537.014
544.229
546.814
551.25
558.862
564.516
567.843
572.423
569.929
572.923
575.687
583.21
588.56
598.015
605.693
609.217
615.596
614.277
617.69
619.926
624.28
626.854
628.89
630.776
634.795
639.729
642.716
646.528
651.767
655.94
656.083
659.514
666.486
669.128
675.832
678.936
682.171
678.228
679.116
681.913
685.894
683.59
680.222
680.388
684.695
687.977
697.69
707.215
715.589
724.121
729.772
730.078
724.137
726.733
733.46
737.896
739.291
743.271
745.226
750.809
757.269
759.495
760.395
764.225
763.397
769.363
776.664
781.824
785.394
788.14
791.185
793.818
797.109
797.27
798.486
793.051
794.172
791.963
788.03
787.035
783.345
784.878
786.694
789.285
791.279
794.767
798.48
799.943
804.273
805.916
811.693
814.038
811.542
810.201
806.966
801.13
810.823
816.765
818.085
818.74
821.578
823.277
825.741
830.278
833.487
841.183
847.036
843.565
835.39
829.232
846.984
855.787
856.481
854.211
858.886
861.399
861.538
866.36
872.345
873.899
871.017
869.717
871.423
871.396
876.763
875.65
875.222
876.225
877.105
875.345
875.814
877.032
876.086
869.254
881.36
881.836
883.73
885.909
885.549
877.478
883.735
879.551
883.51
885.368
889.505
888.549
884.244
885.55
880.824
875.664
878.478
883.221
886.197
885.427
887.119
888.027
890.344
895.045
887.605
896.054
898.214
899.979
894.359
895.573
898.616
892.406
886.422
880.941
878.401
892.101
893.884
892.937
886.448
863.609
852.531
848.778
870.615
875.953
857.145
866.506
864.011
836.682
843.604
832.412
826.782
843.977
845.263
855.982
875.832
875.277
877.261
881.597
878.678
886.156
879.703
876.469
872.921
883.603
881.034
877.196
883.743
878.703
889.832
887.147
887.751
887.577
882.061
884.935
885.209
881.518
863.462
849.114
887.531
889.195
889.677
886.067
883.91
817.86
822.034
815.037
892.665
875.375
835.376
832.514
831.443
832.973
835.109
814.307
760.273
753.721
797.467
849.132
827.903
847.254
838.584
844.141
825.905
819.202
848.648
855.001
840.738
738.467
836.434
862.151
862.951
874.916
876.751
864.258
870.244
860.935
872.167
877.453
865.556
875.164
891.365
871.01
844.982
833.778
864.705
872.844
787.982
829.004
802.194
815.977
832.9
823.978
819.529
797.482
826.027
811.303
727.178
745.396
771.38
756.801
731.428
740.723
689.98
732.036
727.182
688.917
697.698
699.531
723.503
720.165
697.357
708.101
685.635
671.376
645.868
641.911
689.847
736.214
793.98
810.959
792.844
778.861
810.83
825.302
846.101
847.505
872.523
902.474
905.04
894.627
905.414
903.372
876.538
878.059
895.922
905.439
911.227
900.492
859.767
837.984
875.155
887.985
872.092
834.814
814.153
856.809
847.314
841.909
856.331
883.801
893.598
902.574
901.079
899.826
898.04
898.624
901.54
909.396
910.602
911.683
908.773
904.862
908.552
908.452
906.811
907.416
907.005
904.13
902.675
904.984
901.356
903.095
903.567
902.993
902.501
890.944
897.976
899.931
899.867
899.617
899.307
896.538
896.988
892.425
892.03
874.712
877.81
885.739
881.542
887.646
889.833
891.913
892.857
892.148
891.067
887.356
878.098
883.653
880.578
877.819
846.502
867.896
885.611
884.997
881.766
879.511
870.355
879.327
882.414
874.079
874.327
874.175
877.521
876.929
879.965
877.12
875.84
871.297
871.753
830.905
857.917
803.954
791.86
793.84
764.165
730.271
675.544
660.537
634.111
526.6
629.047
688.743
714.027
649.944
555.483
637.312
625.327
509.288
612.376
684.022
606.334
536.249
545.258
674.359
708.411
772.194
813.862
808.144
774.376
754.719
668.366
705.206
724.663
654.274
466.906
498.662
582.735
536.367
625.491
702.879
740.209
676.55
694.791
736.76
730.567
723.784
765.01
745.799
688.45
572.309
522.967
475.316
487.714
586.087
559.531
552.63
545.055
501.692
475.311
463.827
437.966
473.347
539.511
493.519
382.368
334.76
305.608
276.235
258.121
285.64
276.165
229.581
235.208
210.158
182.428
172.622
147.246
140.46
112.928
87.1624
66.8478
55.4247
56.5393
71.5259
83.4761
85.814
76.014
63.1271
61.4229
80.1194
99.9413
87.223
53.8032
54.0059
111.404
186.751
177.342
144.384
109.792
89.0702
54.5413
31.9012
30.2311
39.0471
19.6936
49.5066
51.7287
69.4758
77.1226
69.8132
79.6567
111.13
162.685
207.88
198.328
159.539
147.38
151.273
231.309
336.121
350.916
297.75
266.298
269.635
340.416
398.468
413.847
373.066
290.935
201.696
185.637
248.521
330.579
357.544
337.033
312.062
291.659
268.36
232.551
206.077
164.722
128.58
5.60929
48.9952
0
0
0
0
0
0
0
0
0
0
0
0
0
0
0
0
0
0
0
0
0
0
0
0
0
0
0
0
0
0
0
0
0
0
0
0
0
0
0
0
0
0
0
0
0
0
0
0
0
0
0
0
0
0
0
0
0
0
0
0
0
0
0
0
0
0
0
0
0
0
0
0
0
0
0
0
0
0
0
0
0
0
0
0
0
0
0
0
0
0
0
0
0
0
0
0
0
0
0
0
0
0
0
0
0
0
0
0
0
0
0
0
0
0
0
0
0
0
0
0
0
0
0
0
0
0
0
0
0
0
0
0
0
0
0
0
0
0
0
0
0
0
0
0
0
0
0
0
0
0
0
0
0
0
0
0
0
0
0
0
0
0
0
0
0
0
0
0
0
0
0
0
0
0
0
0
0
0
0
0
0
0
0
0
0
0
0
0
0
0
0
0
0
0
0
0
0
0
0
0
0
0
0
0
0
0
0
0
0
0
0
0
0
0
0
0
0
0
0
0
0
0
0
0
0
0
0
0
0
0
0
0
0
0
0
0
0
0
0
0
0
0
0
0
0
0
0
0
0
0
0
0
0
0
0
0
0
0
0
0
0
0
0
0
0
0
0
0
0
0
0
0
0
0
0
0
0
0
0
0
0
0
0
0
0
0
0
0
0
0
0
0
0
0
0
0
0
0
0
0
0
0
0
0
0
0
0
0
0
0
0
0
0
0
0
0
0
0
0
0
0
0
0
0
0
0
0
0
0
0
0
0
0
0
0
0
0
0
0
0
0
0
0
0
0
0
0
0
0
0
0
0
0
0
0
0
0
0
0
0
0
0
0
0
0
0
0
0
0
0
0
0
0
0
0
0
0
0
0
0
0
0
0
0
0
0
0
0
0
0
0
0
0
0
0
0
0
0
0
0
0
0
0
0
0
0
0
0
0
0
0
0
0
0
0
0
0
0
0
0
0
0
0
0
0
0
0
0
0
0
0
0
0
0
0
0
0
0
0
0
0
0
0
0
0
0
0
0
0
0
0
0
0
0
0
0
0
0
0
0
0
0
0
0
0
0
0
0
0
0
0
0
0
0
0
0
0
0
0
0
0
0
0
0
0
0
0
0
0
0
0
0
0
0
0
0
0
0
0
0
0
0
0
0
0
0
0
0
0
0
0
0
0
0
0
0
0
0
0
0
0
0
0
0
0
0
0
0
0
0
0
0
0
0
0
0
0
0
0
0
0
0
0
0
0
0
0
0
0
0
0
0
0
0
0
0
0
0
0
0
0
0
0
0
0
0
0
0
0
0
0
0
0
0
0
0
0
0
0
0
0
0
0
0
0
0
0
0
0
0
0
0
0
0
0
0
0
0
0
0
0
0
0
0
0
0
0
0
0
0
0
0
0
0
0
0
0
0
0
0
0
0
0
0
0
0
0
0
0
0
0
0
0
0
0
0
0
0
0
0
0
0
0
0
0
0
0
0
0
0
0
0
0
0
0
0
0
0
0
0
0
0
0
0
0
0
0
0
0
0
0
0
0
0
0
0
0
0
0
0
0
0
0
0
0
0
0
0
0
0
0
0
0
0
0
0
0
0
0
0
0
0
0
0
0
0
0
0
0
0
0
0
0
0
0
0
0
0
0
0
0
0
0
0
0
0
0
0
0
0
0
0
0
0
0
0
0
0
0
0
0
0
0
0
0
0
0
0
0
0
0
0
0
0
0
0
0
0
0
0
0
0
0
0
0
0
0
0
0
0
0
0
0
0
0
0
0
0
0
0
0
0
0
0
0
0
0
0
0
0
0
0
0
0
0
0
0
0
0
0
0
0
0
0
0
0
0
0
0
0
0
0
0
0
0
0
0
0
0
0
0
0
0
0
0
0
0
0
0
0
0
0
0
0
0
0
0
0
0
0
0
0
0
0
0
0
0
0
0
0
0
0
0
0
0
0
0
0
0
0
0
0
0
0
0
0
0
0
0
0
0
0
8.7101
202.159
212.15
243.669
263.215
293.79
305.37
328.518
342.205
367.356
383.2
390.82
408.07
419.916
441.981
452.87
458.699
475.496
485.152
498.413
514.365
530.989
536.042
546.315
562.515
563.169
568.306
575.843
576.379
584.714
590.842
594.261
596.862
600.454
606.891
608.369
606.443
617.333
620.119
626.448
631.302
634.289
638.082
642.33
644.941
651.202
657.386
664.325
670.812
672.5
676.215
682.316
688.376
689.304
692.126
695.021
697.357
702.493
705.088
708.523
715.405
718.846
723.926
726.535
730.421
734.823
736.43
741.396
741.963
745.64
747.67
752.201
753.831
756.034
760.312
762.004
761.697
766.487
768.445
772.956
773.969
776.547
778.127
784.221
786.377
789.047
789.5
792.488
795.694
796.495
798.647
798.201
802.04
804.215
805.748
807.565
809.588
813.332
813.658
815.072
817.642
821.089
822.556
824.485
826.068
830.226
830.819
832.568
833.624
836.235
838.898
838.784
840.672
841.016
842.762
844.002
846.642
849.082
848.924
850.283
853.214
855.227
857.456
858.253
861.717
862.999
862.903
864.413
865.6
864.769
865
866.498
867.739
870.823
871.093
871.646
873.532
873.288
877.41
877.71
880.561
880.682
885.429
884.607
883.566
886.32
887.195
890.195
892.838
893.447
893.757
895.409
894.677
894.625
896.953
898.331
897.69
900.601
900.867
901.875
902.781
905.918
905.29
904.422
904.86
907.693
907.053
909.513
908.398
909.644
909.546
911.326
910.061
909.833
910.164
912.707
911.007
911.707
912.353
916.396
918.05
918.475
916.413
918.812
921.251
921.735
922.286
920.77
921.292
921.654
922.6
925.705
925.688
922.09
922.719
929.516
931.063
928.27
929.337
929.932
930.944
929.137
929.752
927.927
928.318
930.276
927.531
933.884
932.511
933.659
934.132
935.078
937.314
935
937.638
939.08
940.324
937.47
938.505
937.525
935.333
939.179
941.852
939.12
936.29
938.859
939.681
939.705
942.275
944.046
945.032
944.174
949.447
945.918
946.98
948.016
945.764
944.84
947.921
949.414
950.011
951.498
947.091
950.564
948.326
946.769
951.751
949.334
949.843
950.147
950.492
952.469
947.209
953.541
948.848
949.777
952.917
955.263
958.509
954.891
952.257
953.27
953.521
953.536
955.852
956.189
952.326
950.521
952.101
953.573
955.784
955.283
954.564
952.913
953.904
955.256
952.885
956.829
955.607
954.854
953.548
953.933
954.402
956.243
955.987
955.269
950.347
956.632
952.965
951.036
954.868
953.636
954.062
950.305
954.115
953.401
951.194
950.23
952.402
949.945
949.504
950.868
953.364
952.494
952.177
950.835
951.89
952.368
952.983
949.831
951.647
946.088
949.999
947.369
947.526
947.99
946.399
947.554
944.801
944.345
946.403
947.723
945.77
946.075
946.466
947.021
945.563
941.405
942.093
941.153
941.86
941.924
941.069
940.844
939.975
937.879
937.249
939.851
942.37
940.261
938.896
936.279
937.831
932.599
935.669
938.704
936.838
934.997
935.38
936.375
933.802
934.114
935.001
934.184
934.834
933.983
935.412
931.202
931.179
932.989
934.21
932.448
929.263
929.39
928.84
921.979
923.191
918.544
921.628
921.537
918.503
917.224
918.658
921.244
918.398
916.998
917.264
914.464
912.116
914.394
914.228
917.116
913.893
912.792
914.251
915.163
913.919
911.59
911.915
910.734
910.312
913.268
910.775
907.941
908.37
905.461
902.761
901.271
903.036
899.715
901.518
900.501
900.947
899.764
901.372
897.609
894.617
895.032
896.783
894.551
895.594
894.436
892.794
887.503
888.541
890.865
884.334
882.527
885.624
882.381
884.563
883.321
881.211
878.925
880.477
878.827
874.916
875.784
874.068
872.09
875.309
876.298
871.221
868.149
868.145
869.112
867.319
864.205
867.374
863.506
860.008
860.407
856.235
855.86
853.427
855.364
853.919
854.852
850.794
850.294
844.876
843.471
843.503
841.279
840.873
842.107
838.365
834.349
834.55
834.121
834.414
831.548
829.484
827.12
824.263
824.688
825.567
818.132
821.567
818.698
813.027
808.456
810.625
810.26
803.366
801.316
801.664
798.409
789.85
793.639
789.833
789.139
782.535
784.484
784.428
783.392
776.11
775.224
774.047
771.679
769.308
766.897
763.754
760.166
762.306
756.468
754.685
750.67
750.67
745.882
744.616
742.247
738.441
732.727
731.791
726.581
720.437
718.952
719.774
716.663
706.624
706.469
702.696
701.284
695.081
689.663
687.888
685.883
680.323
676.642
669.581
668.732
667.709
663.209
657.16
654.586
650.614
641.499
633.888
627.706
627.968
623.399
621.615
617.39
617.912
609.018
603.413
597.248
592.558
585.479
582.882
574.832
569.897
564.411
552.845
541.255
530.62
517.775
509.299
501.236
482.801
418.767
311.778
236.154
193.695
221.219
257.902
169.721
0
0
0
0
0
0
0
0
0
0
0
0
0
0
0
0
0
0
0
0
0
0
0
0
0
0
0
0
0
0
0
0
0
0
0
0
0
0
0
0
0
0
0
0
0
0
0
0
0
0
0
0
0
0
0
0
0
0
0
0
0
0
0
0
0
0
0
0
0
0
0
0
0
0
0
0
0
0
0
0
0
0
0
0
0
0
0
0
0
0
0
0
0
0
0
0
0
0
0
0
0
0
0
0
0
0
0
0
0
0
0
0
0
0
0
0
0
0
0
0
0
0
0
0
0
0
0
0
0
0
0
0
0
0
0
0
0
0
0
0
0
0
0
0
0
0
0
0
0
0
0
0
0
0
0
0
0
0
0
0
0
0
0
0
0
0
0
0
0
0
0
0
0
0
0
0
0
0
0
0
0
0
0
0
0
0
0
0
0
0
0
0
0
0
0
0
0
0
0
0
0
0
0
0
0
0
0
0
0
0
0
0
0
0
0
0
0
0
0
0
0
0
0
0
0
0
0
0
0
0
0
0
0
0
0
0
0
0
0
0
0
0
0
0
0
0
0
0
0
0
0
0
0
0
0
0
0
0
0
0
0
0
0
0
0
0
0
0
0
0
0
0
0
0
0
0
0
0
0
0
0
0
0
0
0
0
0
0
0
0
0
0
0
0
0
0
0
0
0
0
0
0
0
0
0
0
0
0
0
0
0
0
0
0
0
0
0
0
0
0
0
0
0
0
0
0
0
0
0
0
0
0
0
0
0
0
0
0
0
0
0
0
0
0
0
0
0
0
0
0
0
0
0
0
0
0
0
0
0
0
0
0
0
0
0
0
0
0
0
0
0
0
0
0
0
0
0
0
0
0
0
0
0
0
0
0
0
0
0
0
0
0
0
0
0
0
0
0
0
0
0
0
0
0
0
0
0
0
0
0
0
0
0
0
0
0
0
0
0
0
0
0
0
0
0
0
0
0
0
0
0
0
0
0
0
0
0
0
0
0
0
0
0
0
0
0
0
0
0
0
0
0
0
0
0
0
0
0
0
0
0
0
0
0
0
0
0
0
0
0
0
0
0
0
0
0
0
0
0
0
0
0
0
0
0
0
0
0
0
0
0
0
0
0
0
0
0
0
0
0
0
0
0
0
0
0
0
0
0
0
0
0
0
0
0
0
0
0
0
0
0
0
0
0
0
0
0
0
0
0
0
0
0
0
0
0
0
0
0
0
0
0
0
0
0
0
0
0
0
0
0
0
0
0
0
0
0
0
0
0
0
0
0
0
0
0
0
0
0
0
0
0
0
0
0
0
0
0
0
0
0
0
0
0
0
0
0
0
0
0
0
0
0
0
0
0
0
0
0
0
0
0
0
0
0
0
0
0
0
0
0
0
0
0
0
0
0
0
0
0
0
0
0
0
0
0
0
0
0
0
0
0
0
0
0
0
0
0
0
0
0
0
0
0
0
0
0
0
0
0
0
0
0
0
0
0
0
0
0
0
0
0
0
0
0
0
0
0
0
0
0
0
0
0
0
0
0
0
0
0
0
0
0
0
0
0
0
0
0
0
0
0
0
0
0
0
0
0
0
0
0
0
0
0
0
0
0
0
0
0
0
0
0
0
0
0
0
0
0
0
0
0
0
0
0
0
0
0
0
0
0
0
0
0
0
0
0
0
0
0
0
0
0
0
0
0
0
0
0
0
0
0
0
0
0
0
0
0
0
0
0
0
0
0
0
0
0
0
0
0
0
0
0
0
0
0
0
0
0
0
0
0
0
0
0
0
0
0
0
0
0
0
0
0
0
0
0
0
0
0
0
0
0
0
0
0
0
0
0
0
0
0
0
0
0
0
0
0
0
0
0
0
0
0
0
0
0
0
0
0
0
0
0
0
0
0
0
0
0
0
0
0
0
0
0
0
0
0
0
0
0
0
0
0
0
0
0
0
0
0
0
0
0
0
0
0
0
0
0
0
0
0
0
0
0
0
0
0
0
0
0
0
1.20102
1.40191
86.3839
80.0696
104.631
121.278
243.579
262.478
286.516
298.16
305.74
319.238
335.224
345.828
358.163
366.781
384.722
395.448
410.378
421.321
435.577
442.736
450.914
465.328
470.174
476.344
478.434
489.33
496.161
503.411
508.251
514.871
518.5
525.834
529.304
536.024
541.394
546.462
550.298
557.823
562.817
568.203
573.861
583.051
590.297
593.876
594.918
601.507
607.834
615.194
623.013
624.539
629.551
634.475
639.06
640.374
646.071
650.035
649.607
656.898
662.825
665
670.043
673.994
678.387
683.601
688.149
690.79
695.621
699.852
699.739
701.413
705.823
707.41
711.673
716.863
717.096
721.502
725.812
729.026
731.492
730.375
735.067
735.432
740.956
741.674
745.399
749.843
750.928
752.631
753.519
754.061
759.599
758.416
760.305
763.693
765.808
766.904
768.125
769.996
769.099
771.25
776.761
776.412
780.239
777.548
777.74
783.33
782.381
783.648
783.106
787.257
786.641
789.784
794.307
795.78
799.389
803.068
800.091
802.043
800.899
803.142
801.187
801.6
804.081
807.536
806.096
810.595
808.676
811.869
812.328
814.964
816.662
818.46
821.227
818.905
823.429
824.57
826.505
828.014
826.592
827.954
830.965
831.311
830.754
830.67
832.141
834.171
835.158
840.006
839.434
838.911
840.107
840.767
841.298
842.265
845.034
845.534
845.649
846.249
847.359
848.915
850.743
853.901
853.677
855.254
856.098
859.456
861.24
862.985
864.044
861.749
862.441
866.427
866.613
867.808
868.564
866.575
870.242
873.225
876.685
878.02
879.43
881.479
881.93
881.759
881.714
883.267
891.208
888.561
888.321
885.564
883.777
884.475
881.498
871.283
858.322
879.202
888.812
888.702
887.808
888.989
889.133
889.695
889.438
892.067
888.952
888.577
891.413
888.94
887.41
891.591
886.73
882.226
893.146
891.832
890.89
886.272
891.099
894.489
895.531
871.625
897.518
898.708
894.168
895.103
894.105
894.374
894.52
894.085
893.948
890.85
891.074
885.066
891.805
892.404
890.302
893.618
893.25
894.148
893.753
896.155
899.759
897.013
897.505
898.491
898.623
898.012
897.26
899.77
901.62
904.136
906.262
904.644
905.746
904.664
912.004
905.611
908.282
909.57
914.833
915.04
913.353
914.283
918.761
917.105
920.951
920.161
919.39
918.127
921.688
923.24
922.071
920.47
924.2
923.238
924.759
923.468
920.039
910.267
915.964
923.452
926.56
923.013
916.504
907.356
918.177
924.183
696.226
910.404
914.432
918.606
923.735
922.308
920.885
921.201
922.759
922.578
921.126
922.674
921.238
919.103
897.569
916.918
928.916
929.952
927.025
927.484
926.162
923.926
924.783
927.747
927.91
931.841
928.386
935.337
935.527
932.606
928.531
928.777
925.737
911.601
899.773
900.139
923.572
929.513
932.379
932.019
930.987
932.302
929.722
933
930.141
931.714
925.817
931.837
929.144
929.06
930.957
934.184
931.419
932.295
929.728
927.361
921.216
912.498
901.033
902.926
913.949
915.278
910.87
906.79
912.296
910.245
905.406
912.129
904.618
890.282
896.681
904.99
919.607
923.76
926.417
927.138
929.22
934.702
931.924
929.288
931.559
930.736
928.429
927.618
927.315
926.974
927.018
923.014
921.095
916.253
904.232
904.367
901.14
891.178
877.517
869.489
813.91
855.398
853.789
891.717
731.915
839.229
883.596
876.942
885.561
883.491
886.565
880.47
880.311
892.065
896.956
896.696
897.492
902.271
907.001
906.49
891.841
864.368
850.037
861.27
729.96
857.073
866.087
872.036
866.334
875.442
873.171
865.823
861.278
851.108
833.309
809.865
814.709
819.763
808.022
835.019
771.935
691.415
684.558
699.347
692.269
739.962
825.787
855.171
865.362
871.056
870.578
875.644
875.968
851.008
830.822
828.54
804.715
750.203
681.96
735.055
765.77
765.101
752.605
752.105
735.217
713.776
681.227
690.012
808.764
853.668
846.012
818.237
676.881
517.289
377.086
471.247
451.141
404.582
403.678
458.104
349.373
320.697
347.332
399.653
474.468
562.468
690.174
778.59
746.718
713.02
672.871
457.396
286.928
167.385
176.345
384.441
415.385
227.356
298.712
391.312
319.047
149.623
159.083
136.456
8.33455
4.70529
158.055
276.769
477.043
650.276
652.59
556.766
450.145
416.453
163.941
26.2304
0
0
0
12.6078
77.4349
6.91357
0
0
2.17349
73.7643
184.101
164.847
175.573
117.957
27.5971
13.6163
0
0
51.7145
114.65
0
1.07916
7.81068
89.3541
388.816
450.709
480.502
564.699
614.66
611.764
608.781
598.998
574.889
564.663
478.03
403.838
381.888
368.094
346.262
336.622
342.063
258.216
194.215
153.575
139.08
153.363
145.338
126.162
130.175
82.9069
74.1563
132.587
53.4136
41.6717
0
0
0
0
0
0
0
0
0
0
0
0
0
0
0
0
0
0
0
0

