1,2509,2391,0,0,0.474019,0.737009,47,25*1*15,64*4*3
2,2509,2391,1,0,0.474019,0.737009,47,25*1*15,64*4*3
3,2509,2392,1,0,0.474019,0.737009,47,25*1*15,64*4*3
4,2509,2391,1,0,0.474019,0.737009,47,25*1*15,64*4*3
5,2509,2392,1,0,0.474019,0.737009,47,25*1*15,64*4*3
6,2509,2391,1,0,0.474019,0.737009,47,25*1*15,64*4*3
7,2509,2392,1,0,0.474019,0.737009,47,25*1*15,64*4*3
8,2509,2391,1,0,0.474019,0.737009,47,25*1*15,64*4*3
9,2509,2392,1,0,0.474019,0.737009,47,25*1*15,64*4*3
10,2509,2391,1,0,0.474019,0.737009,47,25*1*15,64*4*3
11,2509,2392,1,0,0.474019,0.737009,47,25*1*15,64*4*3
12,2509,2391,1,0,0.474019,0.737009,47,25*1*15,64*4*3
13,2509,2391,1,0,0.474019,0.737009,47,25*1*15,64*4*3
14,2509,2392,1,0,0.474019,0.737009,47,25*1*15,64*4*3
15,2509,2391,1,0,0.474019,0.737009,47,25*1*15,64*4*3
16,2509,2392,1,0,0.474019,0.737009,47,25*1*15,64*4*3
17,2509,2391,1,0,0.474019,0.737009,47,25*1*15,64*4*3
18,2509,2392,1,0,0.474019,0.737009,47,25*1*15,64*4*3
19,2509,2391,1,0,0.474019,0.737009,47,25*1*15,64*4*3
20,2509,2392,1,0,0.474019,0.737009,47,25*1*15,64*4*3
21,2509,2391,1,0,0.474019,0.737009,47,25*1*15,64*4*3
22,2509,2392,1,0,0.474019,0.737009,47,25*1*15,64*4*3
23,2509,2391,1,0,0.474019,0.737009,47,25*1*15,64*4*3
24,2509,2392,1,0,0.474019,0.737009,47,25*1*15,64*4*3
25,2509,2391,1,0,0.474019,0.737009,47,25*1*15,64*4*3
26,2509,2391,1,0,0.474019,0.737009,47,25*1*15,64*4*3
27,2509,2392,1,0,0.474019,0.737009,47,25*1*15,64*4*3
28,2509,2391,1,0,0.474019,0.737009,47,25*1*15,64*4*3
29,2509,2392,1,0,0.474019,0.737009,47,25*1*15,64*4*3
30,2509,2391,1,0,0.474019,0.737009,47,25*1*15,64*4*3
31,2509,2392,1,0,0.474019,0.737009,47,25*1*15,64*4*3
32,2509,2391,1,0,0.474019,0.737009,47,25*1*15,64*4*3
33,2509,2392,1,0,0.474019,0.737009,47,25*1*15,64*4*3
34,2509,2391,1,0,0.474019,0.737009,47,25*1*15,64*4*3
35,2509,2392,1,0,0.474019,0.737009,47,25*1*15,64*4*3
36,2509,2391,1,0,0.474019,0.737009,47,25*1*15,64*4*3
37,2509,2392,1,0,0.474019,0.737009,47,25*1*15,64*4*3
38,2509,2391,1,0,0.474019,0.737009,47,25*1*15,64*4*3
39,2509,2391,1,0,0.474019,0.737009,47,25*1*15,64*4*3
40,2509,2392,1,0,0.474019,0.737009,47,25*1*15,64*4*3
41,2509,2391,1,0,0.474019,0.737009,47,25*1*15,64*4*3
42,2509,2392,1,0,0.474019,0.737009,47,25*1*15,64*4*3
43,2509,2391,1,0,0.474019,0.737009,47,25*1*15,64*4*3
44,2509,2392,1,0,0.474019,0.737009,47,25*1*15,64*4*3
45,2509,2391,1,0,0.474019,0.737009,47,25*1*15,64*4*3
46,2509,2392,1,0,0.474019,0.737009,47,25*1*15,64*4*3
47,2509.01,2391,1,0,0.474016,0.737008,47,25*1*15,64*4*3
48,2509.15,2392,1,0,0.473991,0.736995,47,25*1*15,64*4*3
49,2509.19,2391,1,0,0.473982,0.736991,47,25*1*15,64*4*3
50,2509.45,2392,1,0,0.473933,0.736967,47,25*1*15,64*4*3
51,2509.58,2391,1,0,0.473909,0.736955,47,25*1*15,64*4*3
52,2510.1,2391,1,0,0.473811,0.736906,47,25*1*15,64*4*3
53,2510.75,2392,1,0,0.473689,0.736844,47,25*1*15,64*4*3
54,2511.27,2391,1,0,0.47359,0.736795,47,25*1*15,64*4*3
55,2512.21,2392,1,0,0.473413,0.736707,47,25*1*15,64*4*3
56,2513.25,2391,1,0,0.473218,0.736609,47,25*1*15,64*4*3
57,2514.38,2392,1,0,0.473005,0.736502,47,25*1*15,64*4*3
58,2515.04,2391,1,0,0.472881,0.736441,47,25*1*15,64*4*3
59,2516.85,2392,1,0,0.472541,0.73627,47,25*1*15,64*4*3
60,2517,2391,1,0,0.472512,0.736256,47,25*1*15,64*4*3
61,2518.29,2392,1,0,0.47227,0.736135,47,25*1*15,64*4*3
62,2518.35,2391,1,0,0.472259,0.736129,47,25*1*15,64*4*3
63,2518.73,2392,1,0,0.472188,0.736094,47,25*1*15,64*4*3
64,2518.84,2391,1,0,0.472166,0.736083,47,25*1*15,64*4*3
65,2519.09,2391,1,0,0.47212,0.73606,47,25*1*15,64*4*3
66,2519.72,2392,1,0,0.472002,0.736001,47,25*1*15,64*4*3
67,2520.29,2391,1,0,0.471896,0.735948,47,25*1*15,64*4*3
68,2520.81,2392,1,0,0.471798,0.735899,47,25*1*15,64*4*3
69,2521.39,2391,1,0,0.471689,0.735844,47,25*1*15,64*4*3
70,2522.01,2392,1,0,0.471573,0.735786,47,25*1*15,64*4*3
71,2523,2391,1,0,0.471388,0.735694,47,25*1*15,64*4*3
72,2523.35,2392,1,0,0.471322,0.735661,47,25*1*15,64*4*3
73,2524.35,2391,1,0,0.471137,0.735568,47,25*1*15,64*4*3
74,2526.66,2392,1,0,0.470706,0.735353,47,25*1*15,64*4*3
75,2527.04,2391,1,0,0.470634,0.735317,47,25*1*15,64*4*3
76,2527.36,2391,1,0,0.470576,0.735288,47,25*1*15,64*4*3
77,2528.3,2392,1,0,0.4704,0.7352,47,25*1*15,64*4*3
78,2529.72,2391,1,0,0.470136,0.735068,47,25*1*15,64*4*3
79,2530.53,2392,1,0,0.469985,0.734992,47,25*1*15,64*4*3
80,2534.4,2391,1,0,0.469268,0.734634,47,25*1*15,64*4*3
81,2535.67,2392,1,0,0.469033,0.734516,47,25*1*15,64*4*3
82,2540.34,3188,0,0,0.499253,0.749626,49,25*4*4,64*4*4
83,2543.82,3189,1,0,0.49857,0.749285,49,25*4*4,64*4*4
84,2551.14,3188,1,0,0.497139,0.74857,49,25*4*4,64*4*4
85,2564.28,3189,1,0,0.494592,0.747296,49,25*4*4,64*4*4
86,2564.85,3188,1,0,0.494481,0.74724,49,25*4*4,64*4*4
87,2565.21,3189,1,0,0.494413,0.747206,49,25*4*4,64*4*4
88,2565.5,3188,1,0,0.494356,0.747178,49,25*4*4,64*4*4
89,2567.57,3189,1,0,0.493958,0.746979,49,25*4*4,64*4*4
90,2567.87,3189,1,0,0.4939,0.74695,49,25*4*4,64*4*4
91,2570.9,3188,1,0,0.493318,0.746659,49,25*4*4,64*4*4
92,2573.71,3189,1,0,0.492778,0.746389,49,25*4*4,64*4*4
93,2573.71,3188,1,0,0.492778,0.746389,49,25*4*4,64*4*4
94,2577.27,3189,1,0,0.492099,0.746049,49,25*4*4,64*4*4
95,2578.34,3188,1,0,0.491895,0.745947,49,25*4*4,64*4*4
96,2578.46,3189,1,0,0.491871,0.745936,49,25*4*4,64*4*4
97,2579.96,3188,1,0,0.491585,0.745792,49,25*4*4,64*4*4
98,2580.69,3189,1,0,0.491447,0.745723,49,25*4*4,64*4*4
99,2585.91,3189,1,0,0.490453,0.745227,49,25*4*4,64*4*4
100,2591.06,3188,1,0,0.489478,0.744739,49,25*4*4,64*4*4
101,2591.53,3189,1,0,0.489391,0.744696,49,25*4*4,64*4*4
102,2592.28,3188,1,0,0.489248,0.744624,49,25*4*4,64*4*4
103,2598.89,3189,1,0,0.488005,0.744002,49,25*4*4,64*4*4
104,2604.06,3188,1,0,0.487036,0.743518,49,25*4*4,64*4*4
105,2604.46,3189,1,0,0.486961,0.74348,49,25*4*4,64*4*4
106,2609.56,3189,1,0,0.486009,0.743005,49,25*4*4,64*4*4
107,2610.69,3188,1,0,0.485799,0.742899,49,25*4*4,64*4*4
108,2613.94,3189,1,0,0.485195,0.742597,49,25*4*4,64*4*4
109,2614.03,3188,1,0,0.485178,0.742589,49,25*4*4,64*4*4
110,2614.82,3189,1,0,0.485031,0.742515,49,25*4*4,64*4*4
111,2616.29,3188,1,0,0.48476,0.74238,49,25*4*4,64*4*4
112,2616.97,3189,1,0,0.484633,0.742316,49,25*4*4,64*4*4
113,2618.8,3188,1,0,0.484294,0.742147,49,25*4*4,64*4*4
114,2628.01,3189,1,0,0.482598,0.741299,49,25*4*4,64*4*4
115,2630.49,3189,1,0,0.482142,0.741071,49,25*4*4,64*4*4
116,2631.93,3188,1,0,0.481879,0.740939,49,25*4*4,64*4*4
117,2632.54,3189,1,0,0.481766,0.740883,49,25*4*4,64*4*4
118,2636.45,3188,1,0,0.481052,0.740526,49,25*4*4,64*4*4
119,2639.19,3189,1,0,0.480553,0.740276,49,25*4*4,64*4*4
120,2644.44,3188,1,0,0.479599,0.739799,49,25*4*4,64*4*4
121,2651.06,3189,1,0,0.478401,0.739201,49,25*4*4,64*4*4
122,2653.73,3189,1,0,0.47792,0.73896,49,25*4*4,64*4*4
123,2654.72,3188,1,0,0.477742,0.738871,49,25*4*4,64*4*4
124,2655.17,3189,1,0,0.477661,0.73883,49,25*4*4,64*4*4
125,2655.28,3188,1,0,0.477641,0.73882,49,25*4*4,64*4*4
126,2658.31,3189,1,0,0.477097,0.738548,49,25*4*4,64*4*4
127,2658.42,3188,1,0,0.477077,0.738539,49,25*4*4,64*4*4
128,2662.89,3189,1,0,0.476276,0.738138,49,25*4*4,64*4*4
129,2662.94,3188,1,0,0.476267,0.738134,49,25*4*4,64*4*4
130,2664.86,3189,1,0,0.475925,0.737962,49,25*4*4,64*4*4
131,2665.15,3189,1,0,0.475871,0.737936,49,25*4*4,64*4*4
132,2666.69,3188,1,0,0.475597,0.737799,49,25*4*4,64*4*4
133,2673.65,3189,1,0,0.47436,0.73718,49,25*4*4,64*4*4
134,2680.59,3188,1,0,0.473131,0.736566,49,25*4*4,64*4*4
135,2685.29,3189,1,0,0.472304,0.736152,49,25*4*4,64*4*4
136,2687.29,3188,1,0,0.471951,0.735975,49,25*4*4,64*4*4
137,2691.04,3189,1,0,0.471293,0.735647,49,25*4*4,64*4*4
138,2694.15,3188,1,0,0.470749,0.735375,49,25*4*4,64*4*4
139,2699.53,3189,1,0,0.469811,0.734905,49,25*4*4,64*4*4
140,2701.57,3189,1,0,0.469457,0.734728,49,25*4*4,64*4*4
141,2701.63,3188,1,0,0.469447,0.734723,49,25*4*4,64*4*4
142,2704.26,3189,1,0,0.468989,0.734495,49,25*4*4,64*4*4
143,2705.08,3188,1,0,0.468848,0.734424,49,25*4*4,64*4*4
144,2709.44,3189,1,0,0.468094,0.734047,49,25*4*4,64*4*4
145,2710.55,3188,1,0,0.467902,0.733951,49,25*4*4,64*4*4
146,2712.57,3189,1,0,0.467554,0.733777,49,25*4*4,64*4*4
147,2713.06,3189,1,0,0.467469,0.733735,49,25*4*4,64*4*4
148,2713.74,3188,1,0,0.467352,0.733676,49,25*4*4,64*4*4
149,2715.95,3189,1,0,0.466971,0.733485,49,25*4*4,64*4*4
150,2719.28,3188,1,0,0.466399,0.7332,49,25*4*4,64*4*4
151,2719.38,3189,1,0,0.466382,0.733191,49,25*4*4,64*4*4
152,2720.15,3188,1,0,0.466249,0.733125,49,25*4*4,64*4*4
153,2721.4,3189,1,0,0.466035,0.733018,49,25*4*4,64*4*4
154,2724.24,3188,1,0,0.46555,0.732775,49,25*4*4,64*4*4
155,2730.5,3189,1,0,0.464483,0.732241,49,25*4*4,64*4*4
156,2731.39,3189,1,0,0.464331,0.732165,49,25*4*4,64*4*4
157,2731.5,3188,1,0,0.464313,0.732157,49,25*4*4,64*4*4
158,2735.63,3189,1,0,0.463612,0.731806,49,25*4*4,64*4*4
159,2736.1,3188,1,0,0.463532,0.731766,49,25*4*4,64*4*4
160,2738.39,3189,1,0,0.463144,0.731572,49,25*4*4,64*4*4
161,2745.02,3188,1,0,0.462026,0.731013,49,25*4*4,64*4*4
162,2746.47,3189,1,0,0.461782,0.730891,49,25*4*4,64*4*4
163,2746.99,3189,1,0,0.461695,0.730847,49,25*4*4,64*4*4
164,2748.22,3188,1,0,0.461487,0.730743,49,25*4*4,64*4*4
165,2752.12,3189,1,0,0.460833,0.730417,49,25*4*4,64*4*4
166,2754.94,3188,1,0,0.460362,0.730181,49,25*4*4,64*4*4
167,2758.03,3189,1,0,0.459847,0.729923,49,25*4*4,64*4*4
168,2759.5,3188,1,0,0.459601,0.729801,49,25*4*4,64*4*4
169,2764.35,3189,1,0,0.458795,0.729398,49,25*4*4,64*4*4
170,2764.56,3188,1,0,0.45876,0.72938,49,25*4*4,64*4*4
171,2765.37,3189,1,0,0.458626,0.729313,49,25*4*4,64*4*4
172,2768.19,3189,1,0,0.458159,0.729079,49,25*4*4,64*4*4
173,2774.1,3188,1,0,0.457183,0.728591,49,25*4*4,64*4*4
174,2774.51,3189,1,0,0.457115,0.728557,49,25*4*4,64*4*4
175,2776.31,3188,1,0,0.456818,0.728409,49,25*4*4,64*4*4
176,2778.86,3189,1,0,0.456399,0.728199,49,25*4*4,64*4*4
177,2780.11,3188,1,0,0.456195,0.728097,49,25*4*4,64*4*4
178,2782.57,3189,1,0,0.45579,0.727895,49,25*4*4,64*4*4
179,2784.96,3188,1,0,0.4554,0.7277,49,25*4*4,64*4*4
180,2789.88,3189,1,0,0.454597,0.727298,49,25*4*4,64*4*4
181,2799.68,3189,1,0,0.453006,0.726503,49,25*4*4,64*4*4
182,2807.16,3188,1,0,0.451797,0.725899,49,25*4*4,64*4*4
183,2808.19,3189,1,0,0.451632,0.725816,49,25*4*4,64*4*4
184,2810.67,3188,1,0,0.451234,0.725617,49,25*4*4,64*4*4
185,2810.87,3189,1,0,0.451202,0.725601,49,25*4*4,64*4*4
186,2813.55,3188,1,0,0.450773,0.725386,49,25*4*4,64*4*4
187,2821.53,3189,1,0,0.449497,0.724748,49,25*4*4,64*4*4
188,2821.83,3189,1,0,0.449449,0.724724,49,25*4*4,64*4*4
189,2822.81,3188,1,0,0.449294,0.724647,49,25*4*4,64*4*4
190,2826.35,3189,1,0,0.448731,0.724366,49,25*4*4,64*4*4
191,2826.66,3188,1,0,0.448681,0.72434,49,25*4*4,64*4*4
192,2829.66,3189,1,0,0.448206,0.724103,49,25*4*4,64*4*4
193,2832.88,3188,1,0,0.447697,0.723848,49,25*4*4,64*4*4
194,2833.96,3189,1,0,0.447525,0.723763,49,25*4*4,64*4*4
195,2853.71,3188,1,0,0.444428,0.722214,49,25*4*4,64*4*4
196,2859.87,3189,1,0,0.443471,0.721735,49,25*4*4,64*4*4
197,2864.9,3189,1,0,0.442693,0.721346,49,25*4*4,64*4*4
198,2866.29,3188,1,0,0.442478,0.721239,49,25*4*4,64*4*4
199,2868.9,3189,1,0,0.442075,0.721038,49,25*4*4,64*4*4
200,2869.11,3188,1,0,0.442044,0.721022,49,25*4*4,64*4*4
201,2870.03,3189,1,0,0.441901,0.720951,49,25*4*4,64*4*4
202,2870.25,3188,1,0,0.441868,0.720934,49,25*4*4,64*4*4
203,2875.45,3189,1,0,0.441069,0.720534,49,25*4*4,64*4*4
204,2878.16,3189,1,0,0.440653,0.720327,49,25*4*4,64*4*4
205,2879.84,3188,1,0,0.440395,0.720198,49,25*4*4,64*4*4
206,2880.51,3189,1,0,0.440293,0.720146,49,25*4*4,64*4*4
207,2887.34,3188,1,0,0.439251,0.719626,49,25*4*4,64*4*4
208,2888.57,3189,1,0,0.439066,0.719533,49,25*4*4,64*4*4
209,2890.03,3188,1,0,0.438843,0.719422,49,25*4*4,64*4*4
210,2893.82,3189,1,0,0.438269,0.719135,49,25*4*4,64*4*4
211,2896.51,3188,1,0,0.437861,0.718931,49,25*4*4,64*4*4
212,2899.02,3189,1,0,0.437483,0.718741,49,25*4*4,64*4*4
213,2903.9,3189,1,0,0.436747,0.718373,49,25*4*4,64*4*4
214,2904.35,3188,1,0,0.436679,0.71834,49,25*4*4,64*4*4
215,2906.73,3189,1,0,0.436321,0.718161,49,25*4*4,64*4*4
216,2907.9,3188,1,0,0.436147,0.718073,49,25*4*4,64*4*4
217,2931.53,3189,1,0,0.432631,0.716316,49,25*4*4,64*4*4
218,2935.69,3188,1,0,0.432017,0.716009,49,25*4*4,64*4*4
219,2941.54,3189,1,0,0.431159,0.71558,49,25*4*4,64*4*4
220,2945.68,3188,1,0,0.430552,0.715276,49,25*4*4,64*4*4
221,2946.14,3189,1,0,0.430485,0.715243,49,25*4*4,64*4*4
222,2948.75,3189,1,0,0.430104,0.715052,49,25*4*4,64*4*4
223,2949.69,3188,1,0,0.429967,0.714983,49,25*4*4,64*4*4
224,2955.44,3189,1,0,0.42913,0.714565,49,25*4*4,64*4*4
225,2958.93,3188,1,0,0.428625,0.714313,49,25*4*4,64*4*4
226,2960.66,3189,1,0,0.428373,0.714187,49,25*4*4,64*4*4
227,2962.61,3188,1,0,0.428092,0.714046,49,25*4*4,64*4*4
228,2972.27,3189,1,0,0.426701,0.71335,49,25*4*4,64*4*4
229,2973.68,3189,1,0,0.426498,0.713249,49,25*4*4,64*4*4
230,2980.2,3188,1,0,0.425565,0.712783,49,25*4*4,64*4*4
231,2981.07,3189,1,0,0.425442,0.712721,49,25*4*4,64*4*4
232,2983.07,3188,1,0,0.425156,0.712578,49,25*4*4,64*4*4
233,2983.69,3189,1,0,0.425067,0.712534,49,25*4*4,64*4*4
234,2986.74,3188,1,0,0.424633,0.712316,49,25*4*4,64*4*4
235,2990.58,3189,1,0,0.424088,0.712044,49,25*4*4,64*4*4
236,2996.54,3188,1,0,0.423245,0.711622,49,25*4*4,64*4*4
237,2998.66,3189,1,0,0.422946,0.711473,49,25*4*4,64*4*4
238,3004.56,3189,1,0,0.422115,0.711058,49,25*4*4,64*4*4
239,3007.23,3188,1,0,0.42174,0.71087,49,25*4*4,64*4*4
240,3008.4,3189,1,0,0.421577,0.710788,49,25*4*4,64*4*4
241,3009.01,3188,1,0,0.421491,0.710745,49,25*4*4,64*4*4
242,3009.95,3189,1,0,0.421359,0.71068,49,25*4*4,64*4*4
243,3013.41,3188,1,0,0.420876,0.710438,49,25*4*4,64*4*4
244,3014.09,3189,1,0,0.42078,0.71039,49,25*4*4,64*4*4
245,3018.45,3189,1,0,0.420172,0.710086,49,25*4*4,64*4*4
246,3020.26,3188,1,0,0.41992,0.70996,49,25*4*4,64*4*4
247,3021.28,3189,1,0,0.419778,0.709889,49,25*4*4,64*4*4
248,3027.38,3188,1,0,0.418933,0.709467,49,25*4*4,64*4*4
249,3029.39,3189,1,0,0.418656,0.709328,49,25*4*4,64*4*4
250,3031.45,3188,1,0,0.41837,0.709185,49,25*4*4,64*4*4
251,3032.07,3189,1,0,0.418286,0.709143,49,25*4*4,64*4*4
252,3032.44,3188,1,0,0.418235,0.709117,49,25*4*4,64*4*4
253,3033.58,3189,1,0,0.418077,0.709038,49,25*4*4,64*4*4
254,3038.59,3189,1,0,0.417388,0.708694,49,25*4*4,64*4*4
255,3041.04,3188,1,0,0.417052,0.708526,49,25*4*4,64*4*4
256,3041.34,3189,1,0,0.41701,0.708505,49,25*4*4,64*4*4
257,3043.57,3188,1,0,0.416704,0.708352,49,25*4*4,64*4*4
258,3054.27,3189,1,0,0.415245,0.707623,49,25*4*4,64*4*4
259,3056.04,3188,1,0,0.415004,0.707502,49,25*4*4,64*4*4
260,3056.17,3189,1,0,0.414986,0.707493,49,25*4*4,64*4*4
261,3058.03,3189,1,0,0.414734,0.707367,49,25*4*4,64*4*4
262,3062.06,3188,1,0,0.414189,0.707094,49,25*4*4,64*4*4
263,3064.67,3189,1,0,0.413835,0.706918,49,25*4*4,64*4*4
264,3069.06,3188,1,0,0.413244,0.706622,49,25*4*4,64*4*4
265,3071.43,3189,1,0,0.412925,0.706462,49,25*4*4,64*4*4
266,3072.47,3188,1,0,0.412785,0.706393,49,25*4*4,64*4*4
267,3072.56,3189,1,0,0.412773,0.706386,49,25*4*4,64*4*4
268,3074.97,3188,1,0,0.41245,0.706225,49,25*4*4,64*4*4
269,3077.89,3189,1,0,0.412059,0.706029,49,25*4*4,64*4*4
270,3084.87,3189,1,0,0.411126,0.705563,49,25*4*4,64*4*4
271,3085.06,3188,1,0,0.4111,0.70555,49,25*4*4,64*4*4
272,3085.64,3189,1,0,0.411023,0.705512,49,25*4*4,64*4*4
273,3086.92,3188,1,0,0.410853,0.705427,49,25*4*4,64*4*4
274,3089.17,3189,1,0,0.410554,0.705277,49,25*4*4,64*4*4
275,3090.24,3188,1,0,0.410411,0.705205,49,25*4*4,64*4*4
276,3090.37,3189,1,0,0.410394,0.705197,49,25*4*4,64*4*4
277,3090.78,3188,1,0,0.41034,0.70517,49,25*4*4,64*4*4
278,3094.75,3189,1,0,0.409814,0.704907,49,25*4*4,64*4*4
279,3095.34,3189,1,0,0.409735,0.704868,49,25*4*4,64*4*4
280,3095.65,3188,1,0,0.409695,0.704847,49,25*4*4,64*4*4
281,3097.09,3189,1,0,0.409504,0.704752,49,25*4*4,64*4*4
282,3100.2,3188,1,0,0.409092,0.704546,49,25*4*4,64*4*4
283,3100.57,3189,1,0,0.409044,0.704522,49,25*4*4,64*4*4
284,3115.83,3188,1,0,0.40704,0.70352,49,25*4*4,64*4*4
285,3118.12,3189,1,0,0.406741,0.703371,49,25*4*4,64*4*4
286,3119.26,3189,1,0,0.406593,0.703296,49,25*4*4,64*4*4
287,3121.68,3188,1,0,0.406278,0.703139,49,25*4*4,64*4*4
288,3121.87,3189,1,0,0.406253,0.703126,49,25*4*4,64*4*4
289,3122.71,3188,1,0,0.406144,0.703072,49,25*4*4,64*4*4
290,3123.5,3189,1,0,0.406041,0.70302,49,25*4*4,64*4*4
291,3123.9,3188,1,0,0.405989,0.702995,49,25*4*4,64*4*4
292,3127.93,3189,1,0,0.405466,0.702733,49,25*4*4,64*4*4
293,3128.14,3188,1,0,0.40544,0.70272,49,25*4*4,64*4*4
294,3129.72,3189,1,0,0.405234,0.702617,49,25*4*4,64*4*4
295,3130.3,3189,1,0,0.40516,0.70258,49,25*4*4,64*4*4
296,3132.07,3188,1,0,0.40493,0.702465,49,25*4*4,64*4*4
297,3132.21,3189,1,0,0.404912,0.702456,49,25*4*4,64*4*4
298,3136.44,3188,1,0,0.404366,0.702183,49,25*4*4,64*4*4
299,3137.82,3189,1,0,0.404188,0.702094,49,25*4*4,64*4*4
300,3141.76,3188,1,0,0.403682,0.701841,49,25*4*4,64*4*4
301,3142,3189,1,0,0.40365,0.701825,49,25*4*4,64*4*4
302,3146.46,3189,1,0,0.403078,0.701539,49,25*4*4,64*4*4
303,3149.62,3188,1,0,0.402674,0.701337,49,25*4*4,64*4*4
304,3150.99,3189,1,0,0.402499,0.70125,49,25*4*4,64*4*4
305,3152.09,3188,1,0,0.402358,0.701179,49,25*4*4,64*4*4
306,3153.39,3189,1,0,0.402192,0.701096,49,25*4*4,64*4*4
307,3153.72,3188,1,0,0.40215,0.701075,49,25*4*4,64*4*4
308,3155.18,3189,1,0,0.401964,0.700982,49,25*4*4,64*4*4
309,3155.62,3188,1,0,0.401908,0.700954,49,25*4*4,64*4*4
310,3155.7,3189,1,0,0.401898,0.700949,49,25*4*4,64*4*4
311,3160.8,3189,1,0,0.401249,0.700625,49,25*4*4,64*4*4
312,3163.43,3188,1,0,0.400916,0.700458,49,25*4*4,64*4*4
313,3168.22,3189,1,0,0.400309,0.700155,49,25*4*4,64*4*4
314,3168.9,3188,1,0,0.400224,0.700112,49,25*4*4,64*4*4
315,3170.24,3189,1,0,0.400054,0.700027,49,25*4*4,64*4*4
316,3170.62,3188,1,0,0.400006,0.700003,49,25*4*4,64*4*4
317,3173.49,3189,1,0,0.399645,0.699823,49,25*4*4,64*4*4
318,3178.28,3188,1,0,0.399043,0.699522,49,25*4*4,64*4*4
319,3178.56,3189,1,0,0.399008,0.699504,49,25*4*4,64*4*4
320,3178.56,3189,1,0,0.399008,0.699504,49,25*4*4,64*4*4
321,3179.75,3188,1,0,0.398859,0.699429,49,25*4*4,64*4*4
322,3179.88,3189,1,0,0.398842,0.699421,49,25*4*4,64*4*4
323,3181.21,3188,1,0,0.398676,0.699338,49,25*4*4,64*4*4
324,3181.44,3189,1,0,0.398647,0.699323,49,25*4*4,64*4*4
325,3184.95,3188,1,0,0.398208,0.699104,49,25*4*4,64*4*4
326,3184.99,3189,1,0,0.398203,0.699101,49,25*4*4,64*4*4
327,3186.39,3189,1,0,0.398028,0.699014,49,25*4*4,64*4*4
328,3189.44,3188,1,0,0.397646,0.698823,49,25*4*4,64*4*4
329,3190.96,3189,1,0,0.397457,0.698728,49,25*4*4,64*4*4
330,3195.45,3188,1,0,0.396899,0.69845,49,25*4*4,64*4*4
331,3195.61,3189,1,0,0.396879,0.698439,49,25*4*4,64*4*4
332,3197.02,3188,1,0,0.396704,0.698352,49,25*4*4,64*4*4
333,3197.04,3189,1,0,0.396701,0.698351,49,25*4*4,64*4*4
334,3197.96,3188,1,0,0.396588,0.698294,49,25*4*4,64*4*4
335,3198.05,3189,1,0,0.396576,0.698288,49,25*4*4,64*4*4
336,3198.72,3189,1,0,0.396492,0.698246,49,25*4*4,64*4*4
337,3199.87,3188,1,0,0.396351,0.698175,49,25*4*4,64*4*4
338,3202.9,3189,1,0,0.395975,0.697988,49,25*4*4,64*4*4
339,3202.92,3188,1,0,0.395973,0.697987,49,25*4*4,64*4*4
340,3208.09,3189,1,0,0.395335,0.697668,49,25*4*4,64*4*4
341,3210.89,3188,1,0,0.39499,0.697495,49,25*4*4,64*4*4
342,3211.03,3189,1,0,0.394972,0.697486,49,25*4*4,64*4*4
343,3212.67,3189,1,0,0.394771,0.697386,49,25*4*4,64*4*4
344,3213.25,3188,1,0,0.3947,0.69735,49,25*4*4,64*4*4
345,3226.77,3189,1,0,0.393046,0.696523,49,25*4*4,64*4*4
346,3234.51,3188,1,0,0.392106,0.696053,49,25*4*4,64*4*4
347,3235.85,3189,1,0,0.391943,0.695971,49,25*4*4,64*4*4
348,3237.93,3188,1,0,0.391691,0.695846,49,25*4*4,64*4*4
349,3241.96,3189,1,0,0.391204,0.695602,49,25*4*4,64*4*4
350,3242.54,3188,1,0,0.391135,0.695567,49,25*4*4,64*4*4
351,3242.99,3189,1,0,0.39108,0.69554,49,25*4*4,64*4*4
352,3244.64,3189,1,0,0.390881,0.695441,49,25*4*4,64*4*4
353,3245.35,3188,1,0,0.390796,0.695398,49,25*4*4,64*4*4
354,3245.93,3189,1,0,0.390726,0.695363,49,25*4*4,64*4*4
355,3245.93,3188,1,0,0.390726,0.695363,49,25*4*4,64*4*4
356,3246.19,3189,1,0,0.390694,0.695347,49,25*4*4,64*4*4
357,3246.23,3188,1,0,0.390691,0.695345,49,25*4*4,64*4*4
358,3248.34,3189,1,0,0.390437,0.695218,49,25*4*4,64*4*4
359,3250.35,3188,1,0,0.390195,0.695097,49,25*4*4,64*4*4
360,3257.4,3189,1,0,0.389351,0.694675,49,25*4*4,64*4*4
361,3259.75,3189,1,0,0.389069,0.694535,49,25*4*4,64*4*4
362,3261.63,3188,1,0,0.388846,0.694423,49,25*4*4,64*4*4
363,3262.35,3189,1,0,0.38876,0.69438,49,25*4*4,64*4*4
364,3266.47,3188,1,0,0.388269,0.694135,49,25*4*4,64*4*4
365,3269.84,3189,1,0,0.387869,0.693935,49,25*4*4,64*4*4
366,3269.99,3188,1,0,0.387851,0.693926,49,25*4*4,64*4*4
367,3274.74,3189,1,0,0.387289,0.693645,49,25*4*4,64*4*4
368,3276.88,3189,1,0,0.387035,0.693518,49,25*4*4,64*4*4
369,3278.22,3188,1,0,0.386877,0.693439,49,25*4*4,64*4*4
370,3279.64,3189,1,0,0.386711,0.693355,49,25*4*4,64*4*4
371,3286.03,3188,1,0,0.385959,0.692979,49,25*4*4,64*4*4
372,3287.3,3189,1,0,0.385808,0.692904,49,25*4*4,64*4*4
373,3288.25,3188,1,0,0.385698,0.692849,49,25*4*4,64*4*4
374,3289.54,3189,1,0,0.385546,0.692773,49,25*4*4,64*4*4
375,3291.15,3188,1,0,0.385358,0.692679,49,25*4*4,64*4*4
376,3291.21,3189,1,0,0.385351,0.692675,49,25*4*4,64*4*4
377,3291.93,3189,1,0,0.385267,0.692633,49,25*4*4,64*4*4
378,3293.92,3188,1,0,0.385034,0.692517,49,25*4*4,64*4*4
379,3294.15,3189,1,0,0.385007,0.692503,49,25*4*4,64*4*4
380,3294.27,3188,1,0,0.384993,0.692497,49,25*4*4,64*4*4
381,3296.82,3189,1,0,0.384696,0.692348,49,25*4*4,64*4*4
382,3297.77,3188,1,0,0.384585,0.692292,49,25*4*4,64*4*4
383,3298.11,3189,1,0,0.384545,0.692272,49,25*4*4,64*4*4
384,3298.54,3189,1,0,0.384494,0.692247,49,25*4*4,64*4*4
385,3299.3,3188,1,0,0.384405,0.692203,49,25*4*4,64*4*4
386,3300.44,3189,1,0,0.384273,0.692137,49,25*4*4,64*4*4
387,3301.64,3188,1,0,0.384133,0.692066,49,25*4*4,64*4*4
388,3301.81,3189,1,0,0.384114,0.692057,49,25*4*4,64*4*4
389,3304.34,3188,1,0,0.38382,0.69191,49,25*4*4,64*4*4
390,3304.54,3189,1,0,0.383796,0.691898,49,25*4*4,64*4*4
391,3304.9,3188,1,0,0.383754,0.691877,49,25*4*4,64*4*4
392,3306.03,3189,1,0,0.383624,0.691812,49,25*4*4,64*4*4
393,3308.73,3189,1,0,0.383311,0.691655,49,25*4*4,64*4*4
394,3312,3188,1,0,0.382932,0.691466,49,25*4*4,64*4*4
395,3315.65,3189,1,0,0.382511,0.691255,49,25*4*4,64*4*4
396,3315.84,3188,1,0,0.382488,0.691244,49,25*4*4,64*4*4
397,3315.88,3189,1,0,0.382484,0.691242,49,25*4*4,64*4*4
398,3316.78,3188,1,0,0.382379,0.69119,49,25*4*4,64*4*4
399,3318.9,3189,1,0,0.382136,0.691068,49,25*4*4,64*4*4
400,3319.76,3189,1,0,0.382036,0.691018,49,25*4*4,64*4*4
401,3320.21,3188,1,0,0.381985,0.690992,49,25*4*4,64*4*4
402,3321.91,3189,1,0,0.38179,0.690895,49,25*4*4,64*4*4
403,3322.23,3188,1,0,0.381752,0.690876,49,25*4*4,64*4*4
404,3322.38,3189,1,0,0.381735,0.690867,49,25*4*4,64*4*4
405,3322.81,3188,1,0,0.381686,0.690843,49,25*4*4,64*4*4
406,3322.82,3189,1,0,0.381685,0.690843,49,25*4*4,64*4*4
407,3323.39,3188,1,0,0.381619,0.69081,49,25*4*4,64*4*4
408,3323.74,3189,1,0,0.381579,0.69079,49,25*4*4,64*4*4
409,3323.95,3189,1,0,0.381555,0.690778,49,25*4*4,64*4*4
410,3324.17,3188,1,0,0.381529,0.690765,49,25*4*4,64*4*4
411,3325.21,3189,1,0,0.381411,0.690705,49,25*4*4,64*4*4
412,3326.2,3188,1,0,0.381297,0.690648,49,25*4*4,64*4*4
413,3326.32,3189,1,0,0.381283,0.690642,49,25*4*4,64*4*4
414,3326.62,3188,1,0,0.381249,0.690624,49,25*4*4,64*4*4
415,3326.64,3189,1,0,0.381247,0.690623,49,25*4*4,64*4*4
416,3327.2,3188,1,0,0.381182,0.690591,49,25*4*4,64*4*4
417,3329,3189,1,0,0.380976,0.690488,49,25*4*4,64*4*4
418,3330.45,3189,1,0,0.380811,0.690405,49,25*4*4,64*4*4
419,3330.46,3188,1,0,0.380809,0.690404,49,25*4*4,64*4*4
420,3331.56,3189,1,0,0.380684,0.690342,49,25*4*4,64*4*4
421,3331.95,3188,1,0,0.380639,0.69032,49,25*4*4,64*4*4
422,3332.81,3189,1,0,0.38054,0.69027,49,25*4*4,64*4*4
423,3334.31,3188,1,0,0.38037,0.690185,49,25*4*4,64*4*4
424,3334.41,3189,1,0,0.380358,0.690179,49,25*4*4,64*4*4
425,3335.33,3189,1,0,0.380253,0.690126,49,25*4*4,64*4*4
426,3337.76,3188,1,0,0.379976,0.689988,49,25*4*4,64*4*4
427,3339.93,3189,1,0,0.379729,0.689865,49,25*4*4,64*4*4
428,3340.81,3188,1,0,0.37963,0.689815,49,25*4*4,64*4*4
429,3341.2,3189,1,0,0.379585,0.689793,49,25*4*4,64*4*4
430,3341.2,3188,1,0,0.379585,0.689792,49,25*4*4,64*4*4
431,3341.24,3189,1,0,0.379581,0.68979,49,25*4*4,64*4*4
432,3342.61,3188,1,0,0.379425,0.689713,49,25*4*4,64*4*4
433,3343.03,3189,1,0,0.379377,0.689688,49,25*4*4,64*4*4
434,3343.17,3189,1,0,0.379361,0.689681,49,25*4*4,64*4*4
435,3343.34,3188,1,0,0.379343,0.689671,49,25*4*4,64*4*4
436,3343.67,3189,1,0,0.379304,0.689652,49,25*4*4,64*4*4
437,3343.77,3188,1,0,0.379294,0.689647,49,25*4*4,64*4*4
438,3343.91,3189,1,0,0.379277,0.689639,49,25*4*4,64*4*4
439,3343.92,3188,1,0,0.379277,0.689638,49,25*4*4,64*4*4
440,3344.55,3189,1,0,0.379205,0.689603,49,25*4*4,64*4*4
441,3345.61,3189,1,0,0.379085,0.689543,49,25*4*4,64*4*4
442,3346.17,3188,1,0,0.379022,0.689511,49,25*4*4,64*4*4
443,3346.7,3189,1,0,0.378961,0.68948,49,25*4*4,64*4*4
444,3346.85,3188,1,0,0.378944,0.689472,49,25*4*4,64*4*4
445,3347.17,3189,1,0,0.378908,0.689454,49,25*4*4,64*4*4
446,3348.67,3188,1,0,0.378739,0.689369,49,25*4*4,64*4*4
447,3349.54,3189,1,0,0.37864,0.68932,49,25*4*4,64*4*4
448,3351.26,3188,1,0,0.378445,0.689223,49,25*4*4,64*4*4
449,3352,3189,1,0,0.378362,0.689181,49,25*4*4,64*4*4
450,3353.02,3189,1,0,0.378248,0.689124,49,25*4*4,64*4*4
451,3353.98,3188,1,0,0.378139,0.68907,49,25*4*4,64*4*4
452,3355.7,3189,1,0,0.377944,0.688972,49,25*4*4,64*4*4
453,3355.8,3188,1,0,0.377934,0.688967,49,25*4*4,64*4*4
454,3356.17,3189,1,0,0.377892,0.688946,49,25*4*4,64*4*4
455,3356.9,3188,1,0,0.37781,0.688905,49,25*4*4,64*4*4
456,3357.01,3189,1,0,0.377797,0.688899,49,25*4*4,64*4*4
457,3357.36,3188,1,0,0.377758,0.688879,49,25*4*4,64*4*4
458,3357.42,3189,1,0,0.377752,0.688876,49,25*4*4,64*4*4
459,3358.01,3189,1,0,0.377685,0.688843,49,25*4*4,64*4*4
460,3358.32,3188,1,0,0.37765,0.688825,49,25*4*4,64*4*4
461,3358.34,3189,1,0,0.377648,0.688824,49,25*4*4,64*4*4
462,3358.54,3188,1,0,0.377626,0.688813,49,25*4*4,64*4*4
463,3358.58,3189,1,0,0.377621,0.68881,49,25*4*4,64*4*4
464,3359.57,3188,1,0,0.377509,0.688755,49,25*4*4,64*4*4
465,3359.95,3189,1,0,0.377467,0.688734,49,25*4*4,64*4*4
466,3360.49,3189,1,0,0.377406,0.688703,49,25*4*4,64*4*4
467,3360.78,3188,1,0,0.377373,0.688687,49,25*4*4,64*4*4
468,3360.92,3189,1,0,0.377358,0.688679,49,25*4*4,64*4*4
469,3361.75,3188,1,0,0.377265,0.688633,49,25*4*4,64*4*4
470,3361.89,3189,1,0,0.377249,0.688624,49,25*4*4,64*4*4
471,3362.39,3188,1,0,0.377193,0.688597,49,25*4*4,64*4*4
472,3362.41,3189,1,0,0.377191,0.688595,49,25*4*4,64*4*4
473,3363.24,3188,1,0,0.377097,0.688549,49,25*4*4,64*4*4
474,3363.41,3189,1,0,0.377079,0.688539,49,25*4*4,64*4*4
475,3363.45,3189,1,0,0.377074,0.688537,49,25*4*4,64*4*4
476,3363.88,3188,1,0,0.377026,0.688513,49,25*4*4,64*4*4
477,3363.91,3189,1,0,0.377023,0.688512,49,25*4*4,64*4*4
478,3364.15,3188,1,0,0.376996,0.688498,49,25*4*4,64*4*4
479,3364.45,3189,1,0,0.376961,0.688481,49,25*4*4,64*4*4
480,3364.61,3188,1,0,0.376945,0.688472,49,25*4*4,64*4*4
481,3364.66,3189,1,0,0.376939,0.68847,49,25*4*4,64*4*4
482,3364.75,3189,1,0,0.376929,0.688464,49,25*4*4,64*4*4
483,3364.84,3188,1,0,0.376918,0.688459,49,25*4*4,64*4*4
484,3364.85,3189,1,0,0.376917,0.688458,49,25*4*4,64*4*4
485,3365.53,3188,1,0,0.376842,0.688421,49,25*4*4,64*4*4
486,3365.6,3189,1,0,0.376833,0.688417,49,25*4*4,64*4*4
487,3365.9,3188,1,0,0.3768,0.6884,49,25*4*4,64*4*4
488,3365.94,3189,1,0,0.376795,0.688397,49,25*4*4,64*4*4
489,3366.26,3188,1,0,0.376759,0.68838,49,25*4*4,64*4*4
490,3366.73,3189,1,0,0.376707,0.688353,49,25*4*4,64*4*4
491,3366.78,3189,1,0,0.376701,0.688351,49,25*4*4,64*4*4
492,3366.84,3188,1,0,0.376695,0.688347,49,25*4*4,64*4*4
493,3367.13,3189,1,0,0.376662,0.688331,49,25*4*4,64*4*4
494,3367.28,3188,1,0,0.376645,0.688323,49,25*4*4,64*4*4
495,3367.31,3189,1,0,0.376642,0.688321,49,25*4*4,64*4*4
496,3367.32,3188,1,0,0.376641,0.68832,49,25*4*4,64*4*4
497,3367.56,3189,1,0,0.376614,0.688307,49,25*4*4,64*4*4
498,3367.78,3188,1,0,0.37659,0.688295,49,25*4*4,64*4*4
499,3367.83,3189,1,0,0.376584,0.688292,49,25*4*4,64*4*4
500,3367.84,3189,1,0,0.376583,0.688291,49,25*4*4,64*4*4
501,3367.84,3188,1,0,0.376583,0.688291,49,25*4*4,64*4*4
502,3368.1,3189,1,0,0.376553,0.688277,49,25*4*4,64*4*4
503,3368.17,3188,1,0,0.376545,0.688273,49,25*4*4,64*4*4
504,3368.22,3189,1,0,0.37654,0.68827,49,25*4*4,64*4*4
505,3368.26,3188,1,0,0.376535,0.688268,49,25*4*4,64*4*4
506,3368.28,3189,1,0,0.376533,0.688266,49,25*4*4,64*4*4
507,3368.6,3189,1,0,0.376498,0.688249,49,25*4*4,64*4*4
508,3368.73,3188,1,0,0.376484,0.688242,49,25*4*4,64*4*4
509,3368.8,3189,1,0,0.376475,0.688238,49,25*4*4,64*4*4
510,3369.07,3188,1,0,0.376445,0.688222,49,25*4*4,64*4*4
511,3369.1,3189,1,0,0.376442,0.688221,49,25*4*4,64*4*4
512,3369.39,3188,1,0,0.37641,0.688205,49,25*4*4,64*4*4
513,3369.39,3189,1,0,0.37641,0.688205,49,25*4*4,64*4*4
514,3369.45,3188,1,0,0.376402,0.688201,49,25*4*4,64*4*4
515,3369.49,3189,1,0,0.376398,0.688199,49,25*4*4,64*4*4
516,3369.76,3189,1,0,0.376368,0.688184,49,25*4*4,64*4*4
517,3369.81,3188,1,0,0.376362,0.688181,49,25*4*4,64*4*4
518,3369.93,3189,1,0,0.376349,0.688174,49,25*4*4,64*4*4
519,3370.08,3188,1,0,0.376332,0.688166,49,25*4*4,64*4*4
520,3370.11,3189,1,0,0.376329,0.688164,49,25*4*4,64*4*4
521,3370.42,3188,1,0,0.376295,0.688147,49,25*4*4,64*4*4
522,3370.64,3189,1,0,0.37627,0.688135,49,25*4*4,64*4*4
523,3371.22,3189,1,0,0.376205,0.688103,49,25*4*4,64*4*4
524,3371.26,3188,1,0,0.3762,0.6881,49,25*4*4,64*4*4
525,3371.34,3189,1,0,0.376192,0.688096,49,25*4*4,64*4*4
526,3371.43,3188,1,0,0.376181,0.688091,49,25*4*4,64*4*4
527,3371.64,3189,1,0,0.376158,0.688079,49,25*4*4,64*4*4
528,3371.75,3188,1,0,0.376145,0.688073,49,25*4*4,64*4*4
529,3371.82,3189,1,0,0.376139,0.688069,49,25*4*4,64*4*4
530,3371.88,3188,1,0,0.376132,0.688066,49,25*4*4,64*4*4
531,3372.09,3189,1,0,0.376108,0.688054,49,25*4*4,64*4*4
532,3372.28,3189,1,0,0.376087,0.688043,49,25*4*4,64*4*4
533,3372.39,3188,1,0,0.376074,0.688037,49,25*4*4,64*4*4
534,3372.42,3189,1,0,0.376071,0.688036,49,25*4*4,64*4*4
535,3372.55,3188,1,0,0.376056,0.688028,49,25*4*4,64*4*4
536,3372.8,3189,1,0,0.376029,0.688015,49,25*4*4,64*4*4
537,3372.82,3188,1,0,0.376027,0.688014,49,25*4*4,64*4*4
538,3373.01,3189,1,0,0.376006,0.688003,49,25*4*4,64*4*4
539,3373.02,3189,1,0,0.376005,0.688002,49,25*4*4,64*4*4
540,3374.2,3188,1,0,0.375872,0.687936,49,25*4*4,64*4*4
541,3374.66,3189,1,0,0.375822,0.687911,49,25*4*4,64*4*4
542,3374.78,3188,1,0,0.375808,0.687904,49,25*4*4,64*4*4
543,3375.01,3189,1,0,0.375782,0.687891,49,25*4*4,64*4*4
544,3376.59,3188,1,0,0.375607,0.687803,49,25*4*4,64*4*4
545,3377.48,3189,1,0,0.375508,0.687754,49,25*4*4,64*4*4
546,3377.48,3188,1,0,0.375508,0.687754,49,25*4*4,64*4*4
547,3377.48,3189,1,0,0.375508,0.687754,49,25*4*4,64*4*4
548,3377.48,3189,1,0,0.375508,0.687754,49,25*4*4,64*4*4
549,3377.48,3188,1,0,0.375508,0.687754,49,25*4*4,64*4*4
550,3377.48,3189,1,0,0.375508,0.687754,49,25*4*4,64*4*4
551,3377.48,3188,1,0,0.375508,0.687754,49,25*4*4,64*4*4
552,3377.48,3189,1,0,0.375508,0.687754,49,25*4*4,64*4*4
553,3377.48,3188,1,0,0.375508,0.687754,49,25*4*4,64*4*4
554,3377.48,3189,1,0,0.375508,0.687754,49,25*4*4,64*4*4
555,3377.48,3188,1,0,0.375508,0.687754,49,25*4*4,64*4*4
556,3377.48,3189,1,0,0.375508,0.687754,49,25*4*4,64*4*4
557,3377.48,3189,1,0,0.375508,0.687754,49,25*4*4,64*4*4
558,3377.48,3188,1,0,0.375508,0.687754,49,25*4*4,64*4*4
559,3377.48,3189,1,0,0.375508,0.687754,49,25*4*4,64*4*4
560,3377.48,3188,1,0,0.375508,0.687754,49,25*4*4,64*4*4
561,3377.48,3189,1,0,0.375508,0.687754,49,25*4*4,64*4*4
562,3377.48,3188,1,0,0.375508,0.687754,49,25*4*4,64*4*4
563,3377.48,3189,1,0,0.375508,0.687754,49,25*4*4,64*4*4
564,3377.48,3189,1,0,0.375508,0.687754,49,25*4*4,64*4*4
565,3377.48,3188,1,0,0.375508,0.687754,49,25*4*4,64*4*4
566,3377.48,3189,1,0,0.375508,0.687754,49,25*4*4,64*4*4
567,3377.48,3188,1,0,0.375508,0.687754,49,25*4*4,64*4*4
568,3377.48,3189,1,0,0.375508,0.687754,49,25*4*4,64*4*4
569,3377.48,3188,1,0,0.375508,0.687754,49,25*4*4,64*4*4
570,3377.48,3189,1,0,0.375508,0.687754,49,25*4*4,64*4*4
571,3377.48,3188,1,0,0.375508,0.687754,49,25*4*4,64*4*4
572,3377.48,3189,1,0,0.375508,0.687754,49,25*4*4,64*4*4
573,3377.48,3189,1,0,0.375508,0.687754,49,25*4*4,64*4*4
574,3377.48,3188,1,0,0.375508,0.687754,49,25*4*4,64*4*4
575,3377.48,3189,1,0,0.375508,0.687754,49,25*4*4,64*4*4
576,3377.48,3188,1,0,0.375508,0.687754,49,25*4*4,64*4*4
577,3377.48,3189,1,0,0.375508,0.687754,49,25*4*4,64*4*4
578,3377.48,3188,1,0,0.375508,0.687754,49,25*4*4,64*4*4
579,3377.48,3189,1,0,0.375508,0.687754,49,25*4*4,64*4*4
580,3377.48,3189,1,0,0.375508,0.687754,49,25*4*4,64*4*4
581,3377.48,3188,1,0,0.375508,0.687754,49,25*4*4,64*4*4
582,3377.48,3189,1,0,0.375508,0.687754,49,25*4*4,64*4*4
583,3377.48,3188,1,0,0.375508,0.687754,49,25*4*4,64*4*4
584,3377.48,3189,1,0,0.375508,0.687754,49,25*4*4,64*4*4
585,3377.48,3188,1,0,0.375508,0.687754,49,25*4*4,64*4*4
586,3377.48,3189,1,0,0.375508,0.687754,49,25*4*4,64*4*4
587,3377.48,3188,1,0,0.375508,0.687754,49,25*4*4,64*4*4
588,3377.48,3189,1,0,0.375508,0.687754,49,25*4*4,64*4*4
589,3377.48,3189,1,0,0.375508,0.687754,49,25*4*4,64*4*4
590,3377.48,3188,1,0,0.375508,0.687754,49,25*4*4,64*4*4
591,3377.48,3189,1,0,0.375508,0.687754,49,25*4*4,64*4*4
592,3377.48,3188,1,0,0.375508,0.687754,49,25*4*4,64*4*4
593,3377.48,3189,1,0,0.375508,0.687754,49,25*4*4,64*4*4
594,3377.48,3188,1,0,0.375508,0.687754,49,25*4*4,64*4*4
595,3378,3189,1,0,0.37545,0.687725,49,25*4*4,64*4*4
596,3377.99,3188,1,0,0.375452,0.687726,49,25*4*4,64*4*4
597,3377.85,3189,1,0,0.375466,0.687733,49,25*4*4,64*4*4
598,3377.81,3189,1,0,0.375472,0.687736,49,25*4*4,64*4*4
599,3377.55,3188,1,0,0.3755,0.68775,49,25*4*4,64*4*4
600,3377.42,3189,1,0,0.375514,0.687757,49,25*4*4,64*4*4
601,3376.9,3188,1,0,0.375572,0.687786,49,25*4*4,64*4*4
602,3376.25,3189,1,0,0.375644,0.687822,49,25*4*4,64*4*4
603,3375.73,3188,1,0,0.375703,0.687851,49,25*4*4,64*4*4
604,3374.79,3189,1,0,0.375807,0.687903,49,25*4*4,64*4*4
605,3373.75,3189,1,0,0.375923,0.687961,49,25*4*4,64*4*4
606,3372.62,3188,1,0,0.376049,0.688024,49,25*4*4,64*4*4
607,3371.96,3189,1,0,0.376122,0.688061,49,25*4*4,64*4*4
608,3370.15,3188,1,0,0.376324,0.688162,49,25*4*4,64*4*4
609,3370,3189,1,0,0.376341,0.688171,49,25*4*4,64*4*4
610,3368.71,3188,1,0,0.376486,0.688243,49,25*4*4,64*4*4
611,3368.65,3189,1,0,0.376492,0.688246,49,25*4*4,64*4*4
612,3368.27,3188,1,0,0.376534,0.688267,49,25*4*4,64*4*4
613,3368.16,3189,1,0,0.376547,0.688274,49,25*4*4,64*4*4
614,3367.91,3189,1,0,0.376575,0.688287,49,25*4*4,64*4*4
615,3367.28,3188,1,0,0.376645,0.688322,49,25*4*4,64*4*4
616,3366.71,3189,1,0,0.376709,0.688354,49,25*4*4,64*4*4
617,3366.19,3188,1,0,0.376767,0.688384,49,25*4*4,64*4*4
618,3365.61,3189,1,0,0.376833,0.688416,49,25*4*4,64*4*4
619,3364.99,3188,1,0,0.376902,0.688451,49,25*4*4,64*4*4
620,3364,3189,1,0,0.377013,0.688506,49,25*4*4,64*4*4
621,3363.65,3189,1,0,0.377052,0.688526,49,25*4*4,64*4*4
622,3362.65,3188,1,0,0.377163,0.688582,49,25*4*4,64*4*4
623,3360.34,3189,1,0,0.377423,0.688711,49,25*4*4,64*4*4
624,3359.96,3188,1,0,0.377466,0.688733,49,25*4*4,64*4*4
625,3359.64,3189,1,0,0.377501,0.688751,49,25*4*4,64*4*4
626,3358.7,3188,1,0,0.377607,0.688804,49,25*4*4,64*4*4
627,3357.28,3189,1,0,0.377767,0.688883,49,25*4*4,64*4*4
628,3356.47,3188,1,0,0.377859,0.688929,49,25*4*4,64*4*4
629,3352.6,3189,1,0,0.378294,0.689147,49,25*4*4,64*4*4
630,3351.33,3189,1,0,0.378438,0.689219,49,25*4*4,64*4*4
631,3346.66,3188,1,0,0.378966,0.689483,49,25*4*4,64*4*4
632,3343.18,3189,1,0,0.37936,0.68968,49,25*4*4,64*4*4
633,3335.86,3188,1,0,0.380192,0.690096,49,25*4*4,64*4*4
634,3322.72,3189,1,0,0.381696,0.690848,49,25*4*4,64*4*4
635,3322.15,3188,1,0,0.381762,0.690881,49,25*4*4,64*4*4
636,3321.79,3189,1,0,0.381803,0.690901,49,25*4*4,64*4*4
637,3321.5,3188,1,0,0.381836,0.690918,49,25*4*4,64*4*4
638,3319.43,3189,1,0,0.382074,0.691037,49,25*4*4,64*4*4
639,3319.13,3189,1,0,0.382109,0.691055,49,25*4*4,64*4*4
640,3316.1,3188,1,0,0.382458,0.691229,49,25*4*4,64*4*4
641,3313.29,3189,1,0,0.382783,0.691391,49,25*4*4,64*4*4
642,3313.29,3188,1,0,0.382783,0.691392,49,25*4*4,64*4*4
643,3309.73,3189,1,0,0.383194,0.691597,49,25*4*4,64*4*4
644,3308.66,3188,1,0,0.383318,0.691659,49,25*4*4,64*4*4
645,3308.54,3189,1,0,0.383332,0.691666,49,25*4*4,64*4*4
646,3307.04,3189,1,0,0.383506,0.691753,49,25*4*4,64*4*4
647,3306.31,3188,1,0,0.38359,0.691795,49,25*4*4,64*4*4
648,3301.09,3189,1,0,0.384198,0.692099,49,25*4*4,64*4*4
649,3295.94,3188,1,0,0.384798,0.692399,49,25*4*4,64*4*4
650,3295.47,3189,1,0,0.384852,0.692426,49,25*4*4,64*4*4
651,3294.72,3188,1,0,0.384941,0.69247,49,25*4*4,64*4*4
652,3288.11,3189,1,0,0.385714,0.692857,49,25*4*4,64*4*4
653,3282.94,3188,1,0,0.386321,0.693161,49,25*4*4,64*4*4
654,3282.54,3189,1,0,0.386369,0.693184,49,25*4*4,64*4*4
655,3277.44,3189,1,0,0.38697,0.693485,49,25*4*4,64*4*4
656,3276.31,3188,1,0,0.387103,0.693552,49,25*4*4,64*4*4
657,3273.06,3189,1,0,0.387488,0.693744,49,25*4*4,64*4*4
658,3272.97,3188,1,0,0.387498,0.693749,49,25*4*4,64*4*4
659,3272.18,3189,1,0,0.387592,0.693796,49,25*4*4,64*4*4
660,3270.71,3188,1,0,0.387765,0.693883,49,25*4*4,64*4*4
661,3270.03,3189,1,0,0.387847,0.693923,49,25*4*4,64*4*4
662,3268.2,3189,1,0,0.388064,0.694032,49,25*4*4,64*4*4
663,3258.99,3188,1,0,0.38916,0.69458,49,25*4*4,64*4*4
664,3256.51,3189,1,0,0.389457,0.694729,49,25*4*4,64*4*4
665,3255.07,3188,1,0,0.389629,0.694814,49,25*4*4,64*4*4
666,3254.46,3189,1,0,0.389702,0.694851,49,25*4*4,64*4*4
667,3250.55,3188,1,0,0.390171,0.695085,49,25*4*4,64*4*4
668,3247.81,3189,1,0,0.3905,0.69525,49,25*4*4,64*4*4
669,3242.56,3188,1,0,0.391132,0.695566,49,25*4*4,64*4*4
670,3235.94,3189,1,0,0.391932,0.695966,49,25*4*4,64*4*4
671,3233.27,3189,1,0,0.392256,0.696128,49,25*4*4,64*4*4
672,3232.28,3188,1,0,0.392376,0.696188,49,25*4*4,64*4*4
673,3231.83,3189,1,0,0.392431,0.696215,49,25*4*4,64*4*4
674,3231.72,3188,1,0,0.392444,0.696222,49,25*4*4,64*4*4
675,3228.69,3189,1,0,0.392812,0.696406,49,25*4*4,64*4*4
676,3228.58,3188,1,0,0.392826,0.696413,49,25*4*4,64*4*4
677,3224.11,3189,1,0,0.393371,0.696685,49,25*4*4,64*4*4
678,3224.06,3189,1,0,0.393377,0.696688,49,25*4*4,64*4*4
679,3222.14,3188,1,0,0.39361,0.696805,49,25*4*4,64*4*4
680,3221.85,3189,1,0,0.393647,0.696823,49,25*4*4,64*4*4
681,3220.31,3188,1,0,0.393835,0.696917,49,25*4*4,64*4*4
682,3213.35,3189,1,0,0.394687,0.697344,49,25*4*4,64*4*4
683,3206.41,3188,1,0,0.395542,0.697771,49,25*4*4,64*4*4
684,3201.71,3189,1,0,0.396122,0.698061,49,25*4*4,64*4*4
685,3199.71,3188,1,0,0.396371,0.698185,49,25*4*4,64*4*4
686,3195.96,3189,1,0,0.396836,0.698418,49,25*4*4,64*4*4
687,3192.85,3189,1,0,0.397222,0.698611,49,25*4*4,64*4*4
688,3187.47,3188,1,0,0.397893,0.698946,49,25*4*4,64*4*4
689,3185.43,3189,1,0,0.398147,0.699074,49,25*4*4,64*4*4
690,3185.37,3188,1,0,0.398154,0.699077,49,25*4*4,64*4*4
691,3182.74,3189,1,0,0.398484,0.699242,49,25*4*4,64*4*4
692,3181.92,3188,1,0,0.398586,0.699293,49,25*4*4,64*4*4
693,3177.56,3189,1,0,0.399133,0.699566,49,25*4*4,64*4*4
694,3176.45,3188,1,0,0.399273,0.699636,49,25*4*4,64*4*4
695,3174.43,3189,1,0,0.399526,0.699763,49,25*4*4,64*4*4
696,3173.94,3189,1,0,0.399588,0.699794,49,25*4*4,64*4*4
697,3173.26,3188,1,0,0.399674,0.699837,49,25*4*4,64*4*4
698,3171.05,3189,1,0,0.399953,0.699977,49,25*4*4,64*4*4
699,3167.72,3188,1,0,0.400373,0.700187,49,25*4*4,64*4*4
700,3167.62,3189,1,0,0.400386,0.700193,49,25*4*4,64*4*4
701,3166.85,3188,1,0,0.400484,0.700242,49,25*4*4,64*4*4
702,3165.6,3189,1,0,0.400642,0.700321,49,25*4*4,64*4*4
703,3162.76,3189,1,0,0.401001,0.700501,49,25*4*4,64*4*4
704,3156.5,3188,1,0,0.401796,0.700898,49,25*4*4,64*4*4
705,3155.61,3189,1,0,0.40191,0.700955,49,25*4*4,64*4*4
706,3155.5,3188,1,0,0.401923,0.700962,49,25*4*4,64*4*4
707,3151.37,3189,1,0,0.40245,0.701225,49,25*4*4,64*4*4
708,3150.9,3188,1,0,0.402511,0.701255,49,25*4*4,64*4*4
709,3148.61,3189,1,0,0.402804,0.701402,49,25*4*4,64*4*4
710,3141.98,3188,1,0,0.403653,0.701826,49,25*4*4,64*4*4
711,3140.53,3189,1,0,0.403839,0.70192,49,25*4*4,64*4*4
712,3140.01,3189,1,0,0.403906,0.701953,49,25*4*4,64*4*4
713,3138.78,3188,1,0,0.404065,0.702033,49,25*4*4,64*4*4
714,3134.88,3189,1,0,0.404568,0.702284,49,25*4*4,64*4*4
715,3132.06,3188,1,0,0.404932,0.702466,49,25*4*4,64*4*4
716,3128.97,3189,1,0,0.405331,0.702666,49,25*4*4,64*4*4
717,3127.5,3188,1,0,0.405522,0.702761,49,25*4*4,64*4*4
718,3122.65,3189,1,0,0.406152,0.703076,49,25*4*4,64*4*4
719,3122.44,3189,1,0,0.406179,0.70309,49,25*4*4,64*4*4
720,3121.63,3188,1,0,0.406285,0.703142,49,25*4*4,64*4*4
721,3118.81,3189,1,0,0.406652,0.703326,49,25*4*4,64*4*4
722,3112.9,3188,1,0,0.407424,0.703712,49,25*4*4,64*4*4
723,3112.49,3189,1,0,0.407478,0.703739,49,25*4*4,64*4*4
724,3110.69,3188,1,0,0.407714,0.703857,49,25*4*4,64*4*4
725,3108.14,3189,1,0,0.408049,0.704024,49,25*4*4,64*4*4
726,3106.89,3188,1,0,0.408212,0.704106,49,25*4*4,64*4*4
727,3104.43,3189,1,0,0.408536,0.704268,49,25*4*4,64*4*4
728,3102.04,3189,1,0,0.40885,0.704425,49,25*4*4,64*4*4
729,3097.12,3188,1,0,0.4095,0.70475,49,25*4*4,64*4*4
730,3087.32,3189,1,0,0.4108,0.7054,49,25*4*4,64*4*4
731,3079.84,3188,1,0,0.411798,0.705899,49,25*4*4,64*4*4
732,3078.81,3189,1,0,0.411935,0.705968,49,25*4*4,64*4*4
733,3076.33,3188,1,0,0.412267,0.706134,49,25*4*4,64*4*4
734,3076.13,3189,1,0,0.412294,0.706147,49,25*4*4,64*4*4
735,3073.45,3188,1,0,0.412653,0.706326,49,25*4*4,64*4*4
736,3065.47,3189,1,0,0.413728,0.706864,49,25*4*4,64*4*4
737,3065.17,3189,1,0,0.413769,0.706884,49,25*4*4,64*4*4
738,3064.19,3188,1,0,0.4139,0.70695,49,25*4*4,64*4*4
739,3060.65,3189,1,0,0.414379,0.707189,49,25*4*4,64*4*4
740,3060.34,3188,1,0,0.414422,0.707211,49,25*4*4,64*4*4
741,3057.34,3189,1,0,0.414828,0.707414,49,25*4*4,64*4*4
742,3054.12,3188,1,0,0.415265,0.707633,49,25*4*4,64*4*4
743,3053.04,3189,1,0,0.415413,0.707706,49,25*4*4,64*4*4
744,3033.29,3189,1,0,0.418118,0.709059,49,25*4*4,64*4*4
745,3027.13,3188,1,0,0.418968,0.709484,49,25*4*4,64*4*4
746,3022.1,3189,1,0,0.419665,0.709832,49,25*4*4,64*4*4
747,3020.71,3188,1,0,0.419858,0.709929,49,25*4*4,64*4*4
748,3018.1,3189,1,0,0.420221,0.710111,49,25*4*4,64*4*4
749,3017.89,3188,1,0,0.42025,0.710125,49,25*4*4,64*4*4
750,3016.97,3189,1,0,0.420379,0.710189,49,25*4*4,64*4*4
751,3016.75,3188,1,0,0.420409,0.710204,49,25*4*4,64*4*4
752,3011.55,3189,1,0,0.421135,0.710568,49,25*4*4,64*4*4
753,3008.84,3189,1,0,0.421514,0.710757,49,25*4*4,64*4*4
754,3007.16,3188,1,0,0.421751,0.710875,49,25*4*4,64*4*4
755,3006.49,3189,1,0,0.421845,0.710922,49,25*4*4,64*4*4
756,2999.66,3188,1,0,0.422805,0.711403,49,25*4*4,64*4*4
757,2998.43,3189,1,0,0.422977,0.711489,49,25*4*4,64*4*4
758,2996.97,3188,1,0,0.423184,0.711592,49,25*4*4,64*4*4
759,2993.18,3189,1,0,0.423719,0.71186,49,25*4*4,64*4*4
760,2990.49,3189,1,0,0.424101,0.712051,49,25*4*4,64*4*4
761,2987.98,3188,1,0,0.424457,0.712228,49,25*4*4,64*4*4
762,2983.1,3189,1,0,0.425152,0.712576,49,25*4*4,64*4*4
763,2982.65,3188,1,0,0.425216,0.712608,49,25*4*4,64*4*4
764,2980.27,3189,1,0,0.425556,0.712778,49,25*4*4,64*4*4
765,2979.1,3188,1,0,0.425722,0.712861,49,25*4*4,64*4*4
766,2955.47,3189,1,0,0.429126,0.714563,49,25*4*4,64*4*4
767,2951.31,3188,1,0,0.429731,0.714866,49,25*4*4,64*4*4
768,2945.46,3189,1,0,0.430584,0.715292,49,25*4*4,64*4*4
769,2941.32,3189,1,0,0.431191,0.715596,49,25*4*4,64*4*4
770,2940.86,3188,1,0,0.431258,0.715629,49,25*4*4,64*4*4
771,2938.25,3189,1,0,0.431641,0.715821,49,25*4*4,64*4*4
772,2937.31,3188,1,0,0.43178,0.71589,49,25*4*4,64*4*4
773,2931.56,3189,1,0,0.432627,0.716313,49,25*4*4,64*4*4
774,2928.07,3188,1,0,0.433141,0.716571,49,25*4*4,64*4*4
775,2926.34,3189,1,0,0.433399,0.716699,49,25*4*4,64*4*4
776,2924.39,3188,1,0,0.433687,0.716844,49,25*4*4,64*4*4
777,2914.73,3189,1,0,0.435125,0.717562,49,25*4*4,64*4*4
778,2913.32,3189,1,0,0.435335,0.717668,49,25*4*4,64*4*4
779,2906.8,3188,1,0,0.436312,0.718156,49,25*4*4,64*4*4
780,2905.93,3189,1,0,0.436442,0.718221,49,25*4*4,64*4*4
781,2903.93,3188,1,0,0.436743,0.718372,49,25*4*4,64*4*4
782,2903.31,3189,1,0,0.436836,0.718418,49,25*4*4,64*4*4
783,2900.26,3188,1,0,0.437296,0.718648,49,25*4*4,64*4*4
784,2896.42,3189,1,0,0.437875,0.718937,49,25*4*4,64*4*4
785,2890.46,3189,1,0,0.438778,0.719389,49,25*4*4,64*4*4
786,2888.34,3188,1,0,0.4391,0.71955,49,25*4*4,64*4*4
787,2882.44,3189,1,0,0.439999,0.719999,49,25*4*4,64*4*4
788,2879.77,3188,1,0,0.440407,0.720204,49,25*4*4,64*4*4
789,2878.6,3189,1,0,0.440585,0.720293,49,25*4*4,64*4*4
790,2877.99,3188,1,0,0.440679,0.72034,49,25*4*4,64*4*4
791,2877.05,3189,1,0,0.440823,0.720412,49,25*4*4,64*4*4
792,2873.59,3188,1,0,0.441353,0.720677,49,25*4*4,64*4*4
793,2872.91,3189,1,0,0.441459,0.720729,49,25*4*4,64*4*4
794,2868.55,3189,1,0,0.44213,0.721065,49,25*4*4,64*4*4
795,2866.74,3188,1,0,0.442409,0.721205,49,25*4*4,64*4*4
796,2865.72,3189,1,0,0.442567,0.721283,49,25*4*4,64*4*4
797,2859.62,3188,1,0,0.44351,0.721755,49,25*4*4,64*4*4
798,2857.61,3189,1,0,0.443821,0.721911,49,25*4*4,64*4*4
799,2855.55,3188,1,0,0.444142,0.722071,49,25*4*4,64*4*4
800,2854.93,3189,1,0,0.444238,0.722119,49,25*4*4,64*4*4
801,2854.56,3189,1,0,0.444296,0.722148,49,25*4*4,64*4*4
802,2853.42,3188,1,0,0.444474,0.722237,49,25*4*4,64*4*4
803,2848.41,3189,1,0,0.445255,0.722628,49,25*4*4,64*4*4
804,2845.96,3188,1,0,0.445638,0.722819,49,25*4*4,64*4*4
805,2845.66,3189,1,0,0.445686,0.722843,49,25*4*4,64*4*4
806,2843.43,3188,1,0,0.446036,0.723018,49,25*4*4,64*4*4
807,2832.73,3189,1,0,0.447719,0.72386,49,25*4*4,64*4*4
808,2830.96,3188,1,0,0.448,0.724,49,25*4*4,64*4*4
809,2830.83,3189,1,0,0.448021,0.72401,49,25*4*4,64*4*4
810,2828.97,3189,1,0,0.448316,0.724158,49,25*4*4,64*4*4
811,2824.94,3188,1,0,0.448954,0.724477,49,25*4*4,64*4*4
812,2822.33,3189,1,0,0.44937,0.724685,49,25*4*4,64*4*4
813,2817.94,3188,1,0,0.45007,0.725035,49,25*4*4,64*4*4
814,2815.57,3189,1,0,0.450449,0.725225,49,25*4*4,64*4*4
815,2814.53,3188,1,0,0.450615,0.725307,49,25*4*4,64*4*4
816,2814.44,3189,1,0,0.45063,0.725315,49,25*4*4,64*4*4
817,2812.03,3189,1,0,0.451015,0.725508,49,25*4*4,64*4*4
818,2809.11,3188,1,0,0.451484,0.725742,49,25*4*4,64*4*4
819,2802.13,3189,1,0,0.452609,0.726305,49,25*4*4,64*4*4
820,2801.94,3188,1,0,0.45264,0.72632,49,25*4*4,64*4*4
821,2801.36,3189,1,0,0.452734,0.726367,49,25*4*4,64*4*4
822,2800.08,3188,1,0,0.45294,0.72647,49,25*4*4,64*4*4
823,2797.83,3189,1,0,0.453304,0.726652,49,25*4*4,64*4*4
824,2796.76,3188,1,0,0.453479,0.726739,49,25*4*4,64*4*4
825,2796.63,3189,1,0,0.4535,0.72675,49,25*4*4,64*4*4
826,2796.22,3189,1,0,0.453566,0.726783,49,25*4*4,64*4*4
827,2792.25,3188,1,0,0.45421,0.727105,49,25*4*4,64*4*4
828,2791.66,3189,1,0,0.454307,0.727154,49,25*4*4,64*4*4
829,2791.35,3188,1,0,0.454357,0.727178,49,25*4*4,64*4*4
830,2789.91,3189,1,0,0.454592,0.727296,49,25*4*4,64*4*4
831,2786.8,3188,1,0,0.4551,0.72755,49,25*4*4,64*4*4
832,2786.43,3189,1,0,0.455159,0.72758,49,25*4*4,64*4*4
833,2771.17,3188,1,0,0.457666,0.728833,49,25*4*4,64*4*4
834,2768.88,3189,1,0,0.458045,0.729022,49,25*4*4,64*4*4
835,2767.74,3189,1,0,0.458234,0.729117,49,25*4*4,64*4*4
836,2765.32,3188,1,0,0.458634,0.729317,49,25*4*4,64*4*4
837,2765.13,3189,1,0,0.458666,0.729333,49,25*4*4,64*4*4
838,2764.29,3188,1,0,0.458805,0.729403,49,25*4*4,64*4*4
839,2763.5,3189,1,0,0.458937,0.729468,49,25*4*4,64*4*4
840,2763.1,3188,1,0,0.459003,0.729501,49,25*4*4,64*4*4
841,2759.07,3189,1,0,0.459674,0.729837,49,25*4*4,64*4*4
842,2758.86,3189,1,0,0.459707,0.729854,49,25*4*4,64*4*4
843,2757.28,3188,1,0,0.459972,0.729986,49,25*4*4,64*4*4
844,2756.7,3189,1,0,0.460067,0.730034,49,25*4*4,64*4*4
845,2754.93,3188,1,0,0.460364,0.730182,49,25*4*4,64*4*4
846,2754.79,3189,1,0,0.460388,0.730194,49,25*4*4,64*4*4
847,2750.56,3188,1,0,0.461095,0.730548,49,25*4*4,64*4*4
848,2749.18,3189,1,0,0.461327,0.730663,49,25*4*4,64*4*4
849,2745.24,3188,1,0,0.461988,0.730994,49,25*4*4,64*4*4
850,2745,3189,1,0,0.46203,0.731015,49,25*4*4,64*4*4
851,2740.54,3189,1,0,0.462781,0.731391,49,25*4*4,64*4*4
852,2737.38,3188,1,0,0.463315,0.731657,49,25*4*4,64*4*4
853,2736.01,3189,1,0,0.463547,0.731773,49,25*4*4,64*4*4
854,2734.91,3188,1,0,0.463734,0.731867,49,25*4*4,64*4*4
855,2733.61,3189,1,0,0.463955,0.731977,49,25*4*4,64*4*4
856,2733.28,3188,1,0,0.464011,0.732005,49,25*4*4,64*4*4
857,2731.82,3189,1,0,0.464259,0.73213,49,25*4*4,64*4*4
858,2731.38,3189,1,0,0.464334,0.732167,49,25*4*4,64*4*4
859,2731.3,3188,1,0,0.464346,0.732173,49,25*4*4,64*4*4
860,2726.2,3189,1,0,0.465216,0.732608,49,25*4*4,64*4*4
861,2723.57,3188,1,0,0.465665,0.732833,49,25*4*4,64*4*4
862,2718.78,3189,1,0,0.466486,0.733243,49,25*4*4,64*4*4
863,2718.1,3188,1,0,0.466601,0.733301,49,25*4*4,64*4*4
864,2716.76,3189,1,0,0.466833,0.733416,49,25*4*4,64*4*4
865,2716.38,3188,1,0,0.466898,0.733449,49,25*4*4,64*4*4
866,2713.51,3189,1,0,0.467391,0.733695,49,25*4*4,64*4*4
867,2708.72,3189,1,0,0.468217,0.734108,49,25*4*4,64*4*4
868,2708.44,3188,1,0,0.468266,0.734133,49,25*4*4,64*4*4
869,2708.44,3189,1,0,0.468266,0.734133,49,25*4*4,64*4*4
870,2707.25,3188,1,0,0.468471,0.734236,49,25*4*4,64*4*4
871,2707.12,3189,1,0,0.468494,0.734247,49,25*4*4,64*4*4
872,2705.79,3188,1,0,0.468724,0.734362,49,25*4*4,64*4*4
873,2705.56,3189,1,0,0.468764,0.734382,49,25*4*4,64*4*4
874,2702.05,3188,1,0,0.469372,0.734686,49,25*4*4,64*4*4
875,2702.01,3189,1,0,0.469379,0.73469,49,25*4*4,64*4*4
876,2700.61,3189,1,0,0.469623,0.734811,49,25*4*4,64*4*4
877,2697.56,3188,1,0,0.470155,0.735077,49,25*4*4,64*4*4
878,2696.04,3189,1,0,0.47042,0.73521,49,25*4*4,64*4*4
879,2691.55,3188,1,0,0.471204,0.735602,49,25*4*4,64*4*4
880,2691.39,3189,1,0,0.471233,0.735616,49,25*4*4,64*4*4
881,2689.98,3188,1,0,0.471479,0.73574,49,25*4*4,64*4*4
882,2689.96,3189,1,0,0.471483,0.735741,49,25*4*4,64*4*4
883,2689.04,3189,1,0,0.471643,0.735822,49,25*4*4,64*4*4
884,2688.95,3188,1,0,0.47166,0.73583,49,25*4*4,64*4*4
885,2688.28,3189,1,0,0.471778,0.735889,49,25*4*4,64*4*4
886,2687.13,3188,1,0,0.471979,0.735989,49,25*4*4,64*4*4
887,2684.1,3189,1,0,0.472513,0.736256,49,25*4*4,64*4*4
888,2684.08,3188,1,0,0.472515,0.736258,49,25*4*4,64*4*4
889,2678.91,3189,1,0,0.473427,0.736714,49,25*4*4,64*4*4
890,2676.11,3188,1,0,0.473923,0.736962,49,25*4*4,64*4*4
891,2675.97,3189,1,0,0.473948,0.736974,49,25*4*4,64*4*4
892,2674.33,3189,1,0,0.474239,0.737119,49,25*4*4,64*4*4
893,2673.75,3188,1,0,0.474341,0.73717,49,25*4*4,64*4*4
894,2660.23,3189,1,0,0.476752,0.738376,49,25*4*4,64*4*4
895,2652.49,3188,1,0,0.478143,0.739072,49,25*4*4,64*4*4
896,2651.15,3189,1,0,0.478386,0.739193,49,25*4*4,64*4*4
897,2649.07,3188,1,0,0.478761,0.739381,49,25*4*4,64*4*4
898,2645.04,3189,1,0,0.479491,0.739745,49,25*4*4,64*4*4
899,2644.46,3189,1,0,0.479595,0.739797,49,25*4*4,64*4*4
900,2644.01,3188,1,0,0.479677,0.739839,49,25*4*4,64*4*4
901,2642.36,3189,1,0,0.479977,0.739988,49,25*4*4,64*4*4
902,2641.65,3188,1,0,0.480106,0.740053,49,25*4*4,64*4*4
903,2641.07,3189,1,0,0.48021,0.740105,49,25*4*4,64*4*4
904,2641.07,3188,1,0,0.480211,0.740105,49,25*4*4,64*4*4
905,2640.81,3189,1,0,0.480259,0.740129,49,25*4*4,64*4*4
906,2640.77,3188,1,0,0.480264,0.740132,49,25*4*4,64*4*4
907,2638.66,3189,1,0,0.480649,0.740324,49,25*4*4,64*4*4
908,2636.65,3189,1,0,0.481016,0.740508,49,25*4*4,64*4*4
909,2629.6,3188,1,0,0.482305,0.741152,49,25*4*4,64*4*4
910,2627.25,3189,1,0,0.482737,0.741369,49,25*4*4,64*4*4
911,2625.37,3188,1,0,0.483082,0.741541,49,25*4*4,64*4*4
912,2624.65,3189,1,0,0.483215,0.741608,49,25*4*4,64*4*4
913,2620.53,3188,1,0,0.483974,0.741987,49,25*4*4,64*4*4
914,2617.16,3189,1,0,0.484597,0.742299,49,25*4*4,64*4*4
915,2617.01,3188,1,0,0.484625,0.742313,49,25*4*4,64*4*4
916,2612.26,3189,1,0,0.485506,0.742753,49,25*4*4,64*4*4
917,2610.12,3189,1,0,0.485906,0.742953,49,25*4*4,64*4*4
918,2608.78,3188,1,0,0.486155,0.743078,49,25*4*4,64*4*4
919,2607.36,3189,1,0,0.486418,0.743209,49,25*4*4,64*4*4
920,2600.97,3188,1,0,0.487613,0.743807,49,25*4*4,64*4*4
921,2599.7,3189,1,0,0.487853,0.743927,49,25*4*4,64*4*4
922,2598.75,3188,1,0,0.488031,0.744015,49,25*4*4,64*4*4
923,2597.46,3189,1,0,0.488274,0.744137,49,25*4*4,64*4*4
924,2595.85,3189,1,0,0.488575,0.744288,49,25*4*4,64*4*4
925,2595.79,3188,1,0,0.488587,0.744293,49,25*4*4,64*4*4
926,2595.07,3189,1,0,0.488722,0.744361,49,25*4*4,64*4*4
927,2593.08,3188,1,0,0.489097,0.744549,49,25*4*4,64*4*4
928,2592.85,3189,1,0,0.489142,0.744571,49,25*4*4,64*4*4
929,2592.73,3188,1,0,0.489163,0.744582,49,25*4*4,64*4*4
930,2590.18,3189,1,0,0.489645,0.744822,49,25*4*4,64*4*4
931,2589.23,3188,1,0,0.489824,0.744912,49,25*4*4,64*4*4
932,2588.89,3189,1,0,0.489889,0.744944,49,25*4*4,64*4*4
933,2588.46,3189,1,0,0.489971,0.744986,49,25*4*4,64*4*4
934,2587.7,3188,1,0,0.490116,0.745058,49,25*4*4,64*4*4
935,2586.56,3189,1,0,0.49033,0.745165,49,25*4*4,64*4*4
936,2585.36,3188,1,0,0.490559,0.745279,49,25*4*4,64*4*4
937,2585.19,3189,1,0,0.49059,0.745295,49,25*4*4,64*4*4
938,2582.66,3188,1,0,0.491071,0.745536,49,25*4*4,64*4*4
939,2582.46,3189,1,0,0.491109,0.745555,49,25*4*4,64*4*4
940,2582.1,3189,1,0,0.491178,0.745589,49,25*4*4,64*4*4
941,2580.97,3188,1,0,0.491392,0.745696,49,25*4*4,64*4*4
942,2578.27,3189,1,0,0.491907,0.745953,49,25*4*4,64*4*4
943,2575,3188,1,0,0.492531,0.746266,49,25*4*4,64*4*4
944,2571.35,3189,1,0,0.49323,0.746615,49,25*4*4,64*4*4
945,2571.16,3188,1,0,0.493269,0.746634,49,25*4*4,64*4*4
946,2571.12,3189,1,0,0.493275,0.746637,49,25*4*4,64*4*4
947,2570.22,3188,1,0,0.493449,0.746724,49,25*4*4,64*4*4
948,2568.1,3189,1,0,0.493855,0.746928,49,25*4*4,64*4*4
949,2567.24,3189,1,0,0.494022,0.747011,49,25*4*4,64*4*4
950,2566.79,3188,1,0,0.494108,0.747054,49,25*4*4,64*4*4
951,2565.09,3189,1,0,0.494434,0.747217,49,25*4*4,64*4*4
952,2564.77,3188,1,0,0.494497,0.747249,49,25*4*4,64*4*4
953,2564.62,3189,1,0,0.494526,0.747263,49,25*4*4,64*4*4
954,2564.19,3188,1,0,0.494608,0.747304,49,25*4*4,64*4*4
955,2564.18,3189,1,0,0.49461,0.747305,49,25*4*4,64*4*4
956,2563.61,3189,1,0,0.494721,0.74736,49,25*4*4,64*4*4
957,2563.26,3188,1,0,0.494788,0.747394,49,25*4*4,64*4*4
958,2563.05,3189,1,0,0.494828,0.747414,49,25*4*4,64*4*4
959,2562.83,3188,1,0,0.494872,0.747436,49,25*4*4,64*4*4
960,2561.79,3189,1,0,0.495072,0.747536,49,25*4*4,64*4*4
961,2560.8,3188,1,0,0.495263,0.747632,49,25*4*4,64*4*4
962,2560.68,3189,1,0,0.495286,0.747643,49,25*4*4,64*4*4
963,2560.38,3188,1,0,0.495344,0.747672,49,25*4*4,64*4*4
964,2560.36,3189,1,0,0.495348,0.747674,49,25*4*4,64*4*4
965,2559.8,3189,1,0,0.495457,0.747729,49,25*4*4,64*4*4
966,2558,3188,1,0,0.495806,0.747903,49,25*4*4,64*4*4
967,2556.55,3189,1,0,0.496086,0.748043,49,25*4*4,64*4*4
968,2556.54,3188,1,0,0.496089,0.748045,49,25*4*4,64*4*4
969,2555.44,3189,1,0,0.496301,0.748151,49,25*4*4,64*4*4
970,2555.05,3188,1,0,0.496378,0.748189,49,25*4*4,64*4*4
971,2554.19,3189,1,0,0.496546,0.748273,49,25*4*4,64*4*4
972,2552.69,3188,1,0,0.496836,0.748418,49,25*4*4,64*4*4
973,2552.59,3189,1,0,0.496856,0.748428,49,25*4*4,64*4*4
974,2551.67,3189,1,0,0.497036,0.748518,49,25*4*4,64*4*4
975,2549.24,3188,1,0,0.49751,0.748755,49,25*4*4,64*4*4
976,2547.07,3189,1,0,0.497934,0.748967,49,25*4*4,64*4*4
977,2546.19,3188,1,0,0.498105,0.749052,49,25*4*4,64*4*4
978,2545.8,3189,1,0,0.498181,0.749091,49,25*4*4,64*4*4
979,2545.8,3188,1,0,0.498182,0.749091,49,25*4*4,64*4*4
980,2545.76,3189,1,0,0.498189,0.749094,49,25*4*4,64*4*4
981,2544.39,3189,1,0,0.498457,0.749228,49,25*4*4,64*4*4
982,2543.97,3188,1,0,0.49854,0.74927,49,25*4*4,64*4*4
983,2543.83,3189,1,0,0.498567,0.749284,49,25*4*4,64*4*4
984,2543.66,3188,1,0,0.4986,0.7493,49,25*4*4,64*4*4
985,2543.33,3189,1,0,0.498666,0.749333,49,25*4*4,64*4*4
986,2543.23,3188,1,0,0.498684,0.749342,49,25*4*4,64*4*4
987,2543.09,3189,1,0,0.498712,0.749356,49,25*4*4,64*4*4
988,2543.08,3188,1,0,0.498714,0.749357,49,25*4*4,64*4*4
989,2542.45,3189,1,0,0.498837,0.749419,49,25*4*4,64*4*4
990,2541.39,3189,1,0,0.499045,0.749523,49,25*4*4,64*4*4
991,2540.83,3188,1,0,0.499155,0.749578,49,25*4*4,64*4*4
992,2540.3,3189,1,0,0.499261,0.74963,49,25*4*4,64*4*4
993,2540.15,3188,1,0,0.49929,0.749645,49,25*4*4,64*4*4
994,2539.83,3189,1,0,0.499353,0.749676,49,25*4*4,64*4*4
995,2538.33,3188,1,0,0.499647,0.749823,49,25*4*4,64*4*4
996,2537.46,3189,1,0,0.499819,0.74991,49,25*4*4,64*4*4
997,2535.74,2391,0,0,0.469021,0.73451,47,25*1*15,64*4*3
998,2535,2391,1,0,0.469157,0.734578,47,25*1*15,64*4*3
999,2533.98,2392,1,0,0.469345,0.734672,47,25*1*15,64*4*3
1000,2533.02,2391,1,0,0.469523,0.734761,47,25*1*15,64*4*3
1001,2531.3,2392,1,0,0.469843,0.734922,47,25*1*15,64*4*3
1002,2531.2,2391,1,0,0.46986,0.73493,47,25*1*15,64*4*3
1003,2530.83,2392,1,0,0.46993,0.734965,47,25*1*15,64*4*3
1004,2530.1,2391,1,0,0.470065,0.735033,47,25*1*15,64*4*3
1005,2529.99,2392,1,0,0.470087,0.735043,47,25*1*15,64*4*3
1006,2529.64,2391,1,0,0.470151,0.735076,47,25*1*15,64*4*3
1007,2529.58,2392,1,0,0.470162,0.735081,47,25*1*15,64*4*3
1008,2528.99,2391,1,0,0.470271,0.735135,47,25*1*15,64*4*3
1009,2528.68,2391,1,0,0.47033,0.735165,47,25*1*15,64*4*3
1010,2528.66,2392,1,0,0.470333,0.735167,47,25*1*15,64*4*3
1011,2528.46,2391,1,0,0.47037,0.735185,47,25*1*15,64*4*3
1012,2528.42,2392,1,0,0.470378,0.735189,47,25*1*15,64*4*3
1013,2527.43,2391,1,0,0.470563,0.735281,47,25*1*15,64*4*3
1014,2527.05,2392,1,0,0.470632,0.735316,47,25*1*15,64*4*3
1015,2526.51,2391,1,0,0.470734,0.735367,47,25*1*15,64*4*3
1016,2526.22,2392,1,0,0.470788,0.735394,47,25*1*15,64*4*3
1017,2526.08,2391,1,0,0.470813,0.735406,47,25*1*15,64*4*3
1018,2525.25,2392,1,0,0.470967,0.735484,47,25*1*15,64*4*3
1019,2525.11,2391,1,0,0.470995,0.735498,47,25*1*15,64*4*3
1020,2524.61,2392,1,0,0.471088,0.735544,47,25*1*15,64*4*3
1021,2524.59,2391,1,0,0.471092,0.735546,47,25*1*15,64*4*3
1022,2523.76,2391,1,0,0.471247,0.735624,47,25*1*15,64*4*3
1023,2523.59,2392,1,0,0.471277,0.735639,47,25*1*15,64*4*3
1024,2523.55,2391,1,0,0.471285,0.735643,47,25*1*15,64*4*3
1025,2523.12,2392,1,0,0.471366,0.735683,47,25*1*15,64*4*3
1026,2523.09,2391,1,0,0.471371,0.735685,47,25*1*15,64*4*3
1027,2522.85,2392,1,0,0.471416,0.735708,47,25*1*15,64*4*3
1028,2522.55,2391,1,0,0.471473,0.735737,47,25*1*15,64*4*3
1029,2522.39,2392,1,0,0.471501,0.735751,47,25*1*15,64*4*3
1030,2522.34,2391,1,0,0.471511,0.735755,47,25*1*15,64*4*3
1031,2522.25,2392,1,0,0.471528,0.735764,47,25*1*15,64*4*3
1032,2522.16,2391,1,0,0.471545,0.735773,47,25*1*15,64*4*3
1033,2522.15,2392,1,0,0.471548,0.735774,47,25*1*15,64*4*3
1034,2521.47,2391,1,0,0.471674,0.735837,47,25*1*15,64*4*3
1035,2521.4,2391,1,0,0.471687,0.735843,47,25*1*15,64*4*3
1036,2521.1,2392,1,0,0.471743,0.735872,47,25*1*15,64*4*3
1037,2521.06,2391,1,0,0.471752,0.735876,47,25*1*15,64*4*3
1038,2520.74,2392,1,0,0.471811,0.735906,47,25*1*15,64*4*3
1039,2520.27,2391,1,0,0.471898,0.735949,47,25*1*15,64*4*3
1040,2520.22,2392,1,0,0.471908,0.735954,47,25*1*15,64*4*3
1041,2520.16,2391,1,0,0.471919,0.735959,47,25*1*15,64*4*3
1042,2519.87,2392,1,0,0.471975,0.735987,47,25*1*15,64*4*3
1043,2519.72,2391,1,0,0.472001,0.736001,47,25*1*15,64*4*3
1044,2519.69,2392,1,0,0.472007,0.736004,47,25*1*15,64*4*3
1045,2519.68,2391,1,0,0.47201,0.736005,47,25*1*15,64*4*3
1046,2519.44,2392,1,0,0.472055,0.736027,47,25*1*15,64*4*3
1047,2519.22,2391,1,0,0.472095,0.736047,47,25*1*15,64*4*3
1048,2519.17,2391,1,0,0.472105,0.736052,47,25*1*15,64*4*3
1049,2519.16,2392,1,0,0.472107,0.736053,47,25*1*15,64*4*3
1050,2519.16,2391,1,0,0.472107,0.736053,47,25*1*15,64*4*3
1051,2518.9,2392,1,0,0.472156,0.736078,47,25*1*15,64*4*3
1052,2518.83,2391,1,0,0.472169,0.736085,47,25*1*15,64*4*3
1053,2518.78,2392,1,0,0.472178,0.736089,47,25*1*15,64*4*3
1054,2518.74,2391,1,0,0.472186,0.736093,47,25*1*15,64*4*3
1055,2518.72,2392,1,0,0.47219,0.736095,47,25*1*15,64*4*3
1056,2518.4,2391,1,0,0.472249,0.736124,47,25*1*15,64*4*3
1057,2518.27,2392,1,0,0.472273,0.736136,47,25*1*15,64*4*3
1058,2518.2,2391,1,0,0.472287,0.736144,47,25*1*15,64*4*3
1059,2517.93,2392,1,0,0.472338,0.736169,47,25*1*15,64*4*3
1060,2517.9,2391,1,0,0.472343,0.736172,47,25*1*15,64*4*3
1061,2517.61,2391,1,0,0.472397,0.736198,47,25*1*15,64*4*3
1062,2517.61,2392,1,0,0.472397,0.736199,47,25*1*15,64*4*3
1063,2517.55,2391,1,0,0.472409,0.736205,47,25*1*15,64*4*3
1064,2517.51,2392,1,0,0.472416,0.736208,47,25*1*15,64*4*3
1065,2517.24,2391,1,0,0.472466,0.736233,47,25*1*15,64*4*3
1066,2517.19,2392,1,0,0.472477,0.736238,47,25*1*15,64*4*3
1067,2517.07,2391,1,0,0.4725,0.73625,47,25*1*15,64*4*3
1068,2516.92,2392,1,0,0.472528,0.736264,47,25*1*15,64*4*3
1069,2516.89,2391,1,0,0.472533,0.736267,47,25*1*15,64*4*3
1070,2516.58,2392,1,0,0.47259,0.736295,47,25*1*15,64*4*3
1071,2516.36,2391,1,0,0.472632,0.736316,47,25*1*15,64*4*3
1072,2515.78,2391,1,0,0.472741,0.736371,47,25*1*15,64*4*3
1073,2515.74,2392,1,0,0.472749,0.736375,47,25*1*15,64*4*3
1074,2515.66,2391,1,0,0.472764,0.736382,47,25*1*15,64*4*3
1075,2515.57,2392,1,0,0.472781,0.736391,47,25*1*15,64*4*3
1076,2515.36,2391,1,0,0.472821,0.73641,47,25*1*15,64*4*3
1077,2515.25,2392,1,0,0.472841,0.736421,47,25*1*15,64*4*3
1078,2515.18,2391,1,0,0.472853,0.736427,47,25*1*15,64*4*3
1079,2515.12,2392,1,0,0.472864,0.736432,47,25*1*15,64*4*3
1080,2514.91,2391,1,0,0.472904,0.736452,47,25*1*15,64*4*3
1081,2514.72,2392,1,0,0.47294,0.73647,47,25*1*15,64*4*3
1082,2514.61,2391,1,0,0.472961,0.736481,47,25*1*15,64*4*3
1083,2514.58,2392,1,0,0.472967,0.736483,47,25*1*15,64*4*3
1084,2514.45,2391,1,0,0.472991,0.736496,47,25*1*15,64*4*3
1085,2514.2,2391,1,0,0.473037,0.736519,47,25*1*15,64*4*3
1086,2514.18,2392,1,0,0.473041,0.736521,47,25*1*15,64*4*3
1087,2513.99,2391,1,0,0.473077,0.736538,47,25*1*15,64*4*3
1088,2513.98,2392,1,0,0.473079,0.736539,47,25*1*15,64*4*3
1089,2512.8,2391,1,0,0.473302,0.736651,47,25*1*15,64*4*3
1090,2512.34,2392,1,0,0.473388,0.736694,47,25*1*15,64*4*3
1091,2512.22,2391,1,0,0.473411,0.736706,47,25*1*15,64*4*3
1092,2511.99,2392,1,0,0.473455,0.736728,47,25*1*15,64*4*3
1093,2510.41,2391,1,0,0.473752,0.736876,47,25*1*15,64*4*3
