2509
2509
2509
2509
2509
2509
2509
2509
2509
2509
2509
2509
2509
2509
2509
2509
2509
2509
2509
2509
2509
2509
2509
2509
2509
2509
2509
2509
2509
2509
2509
2509
2509
2509
2509
2509
2509
2509
2509
2509
2509
2509
2509
2509
2509
2509
2509.013998
2509.146117
2509.19452
2509.451903
2509.577436
2510.09871
2510.74598
2511.27231
2512.20736
2513.24686
2514.37733
2515.03533
2516.84668
2517.00152
2518.29158
2518.34853
2518.72557
2518.84414
2519.0884
2519.7176
2520.2855
2520.8107
2521.3936
2522.0122
2523.0024
2523.3527
2524.3466
2526.6575
2527.0446
2527.3569
2528.2981
2529.7188
2530.533
2534.3986
2535.6698
2540.3377
2543.8166
2551.1362
2564.2764
2564.8529
2565.2059
2565.4979
2567.5681
2567.8692
2570.8961
2573.7122
2573.714
2577.2679
2578.3372
2578.4606
2579.9624
2580.6856
2585.914
2591.0645
2591.5261
2592.2845
2598.8885
2604.0581
2604.4603
2609.56
2610.69
2613.941
2614.028
2614.824
2616.286
2616.97
2618.804
2628.007
2630.493
2631.928
2632.541
2636.45
2639.19
2644.439
2651.059
2653.727
2654.715
2655.168
2655.281
2658.308
2658.417
2662.89
2662.939
2664.855
2665.153
2666.688
2673.647
2680.587
2685.286
2687.294
2691.042
2694.153
2699.533
2701.569
2701.627
2704.261
2705.08
2709.437
2710.549
2712.566
2713.056
2713.738
2715.953
2719.279
2719.378
2720.154
2721.404
2724.242
2730.499
2731.394
2731.497
2735.629
2736.101
2738.395
2745.019
2746.467
2746.987
2748.225
2752.122
2754.943
2758.029
2759.501
2764.348
2764.561
2765.37
2768.189
2774.098
2774.511
2776.314
2778.865
2780.108
2782.574
2784.961
2789.88
2799.679
2807.165
2808.191
2810.671
2810.867
2813.546
2821.532
2821.834
2822.806
2826.346
2826.665
2829.657
2832.878
2833.963
2853.714
2859.872
2864.899
2866.287
2868.9
2869.106
2870.031
2870.246
2875.448
2878.159
2879.845
2880.515
2887.344
2888.565
2890.03
2893.815
2896.51
2899.017
2903.902
2904.353
2906.733
2907.898
2931.526
2935.692
2941.536
2945.683
2946.139
2948.751
2949.694
2955.442
2958.926
2960.664
2962.613
2972.272
2973.681
2980.201
2981.067
2983.073
2983.691
2986.745
2990.579
2996.541
2998.659
3004.559
3007.234
3008.397
3009.012
3009.95
3013.405
3014.092
3018.454
3020.265
3021.285
3027.381
3029.386
3031.452
3032.067
3032.436
3033.583
3038.589
3041.038
3041.343
3043.572
3054.266
3056.042
3056.172
3058.033
3062.058
3064.674
3069.06
3071.432
3072.468
3072.562
3074.966
3077.885
3084.871
3085.063
3085.642
3086.917
3089.167
3090.244
3090.371
3090.781
3094.746
3095.342
3095.647
3097.09
3100.204
3100.568
3115.833
3118.123
3119.263
3121.682
3121.873
3122.713
3123.503
3123.901
3127.934
3128.136
3129.723
3130.295
3132.073
3132.212
3136.439
3137.82
3141.755
3142.003
3146.462
3149.618
3150.986
3152.093
3153.392
3153.722
3155.185
3155.625
3155.699
3160.805
3163.434
3168.225
3168.899
3170.245
3170.625
3173.489
3178.276
3178.559
3178.56
3179.746
3179.878
3181.206
3181.44
3184.945
3184.985
3186.385
3189.441
3190.962
3195.447
3195.611
3197.019
3197.039
3197.956
3198.052
3198.725
3199.867
3202.904
3202.918
3208.088
3210.891
3211.034
3212.672
3213.247
3226.772
3234.511
3235.854
3237.934
3241.964
3242.539
3242.993
3244.642
3245.352
3245.929
3245.93
3246.194
3246.226
3248.336
3250.352
3257.396
3259.753
3261.628
3262.351
3266.469
3269.837
3269.989
3274.737
3276.884
3278.224
3279.635
3286.026
3287.305
3288.25
3289.544
3291.147
3291.208
3291.928
3293.916
3294.152
3294.267
3296.815
3297.766
3298.106
3298.543
3299.305
3300.437
3301.643
3301.808
3304.339
3304.54
3304.902
3306.026
3308.726
3311.997
3315.646
3315.845
3315.878
3316.785
3318.9
3319.765
3320.213
3321.907
3322.234
3322.384
3322.806
3322.817
3323.393
3323.739
3323.95
3324.174
3325.209
3326.2
3326.318
3326.62
3326.638
3327.202
3329.002
3330.449
3330.463
3331.557
3331.949
3332.814
3334.307
3334.411
3335.334
3337.764
3339.934
3340.808
3341.2
3341.204
3341.239
3342.608
3343.034
3343.171
3343.337
3343.674
3343.766
3343.911
3343.917
3344.547
3345.607
3346.167
3346.704
3346.851
3347.172
3348.666
3349.542
3351.264
3352
3353.016
3353.976
3355.705
3355.795
3356.17
3356.9
3357.014
3357.363
3357.418
3358.006
3358.321
3358.34
3358.537
3358.582
3359.574
3359.946
3360.491
3360.784
3360.917
3361.746
3361.894
3362.39
3362.412
3363.244
3363.407
3363.449
3363.879
3363.906
3364.151
3364.455
3364.606
3364.655
3364.749
3364.841
3364.854
3365.526
3365.598
3365.899
3365.943
3366.261
3366.728
3366.781
3366.836
3367.134
3367.278
3367.308
3367.322
3367.562
3367.775
3367.828
3367.839
3367.841
3368.102
3368.172
3368.221
3368.264
3368.284
3368.598
3368.726
3368.802
3369.075
3369.1
3369.387
3369.388
3369.452
3369.491
3369.757
3369.813
3369.935
3370.084
3370.113
3370.417
3370.641
3371.22
3371.264
3371.341
3371.434
3371.644
3371.754
3371.816
3371.876
3372.087
3372.28
3372.392
3372.421
3372.552
3372.795
3372.816
3373.005
3373.017
3374.203
3374.658
3374.782
3375.014
3376.588
3377.477
3377.477
3377.477
3377.477
3377.477
3377.477
3377.477
3377.477
3377.477
3377.477
3377.477
3377.477
3377.477
3377.477
3377.477
3377.477
3377.477
3377.477
3377.477
3377.477
3377.477
3377.477
3377.477
3377.477
3377.477
3377.477
3377.477
3377.477
3377.477
3377.477
3377.477
3377.477
3377.477
3377.477
3377.477
3377.477
3377.477
3377.477
3377.477
3377.477
3377.477
3377.477
3377.477
3377.477
3377.477
3377.477
3377.477
3377.477
3377.477
3377.477
3378
3377.986002
3377.853883
3377.80548
3377.548097
3377.422564
3376.90129
3376.25402
3375.72769
3374.79264
3373.75314
3372.62267
3371.96467
3370.15332
3369.99848
3368.70842
3368.65147
3368.27443
3368.15586
3367.9116
3367.2824
3366.7145
3366.1893
3365.6064
3364.9878
3363.9976
3363.6473
3362.6534
3360.3425
3359.9554
3359.6431
3358.7019
3357.2812
3356.467
3352.6014
3351.3302
3346.6623
3343.1834
3335.8638
3322.7236
3322.1471
3321.7941
3321.5021
3319.4319
3319.1308
3316.1039
3313.2878
3313.286
3309.7321
3308.6628
3308.5394
3307.0376
3306.3144
3301.086
3295.9355
3295.4739
3294.7155
3288.1115
3282.9419
3282.5397
3277.44
3276.31
3273.059
3272.972
3272.176
3270.714
3270.03
3268.196
3258.993
3256.507
3255.072
3254.459
3250.55
3247.81
3242.561
3235.941
3233.273
3232.285
3231.832
3231.719
3228.692
3228.583
3224.11
3224.061
3222.145
3221.847
3220.312
3213.353
3206.413
3201.714
3199.706
3195.958
3192.847
3187.467
3185.431
3185.373
3182.739
3181.92
3177.563
3176.451
3174.434
3173.944
3173.262
3171.047
3167.721
3167.622
3166.846
3165.596
3162.758
3156.501
3155.606
3155.503
3151.371
3150.899
3148.605
3141.981
3140.533
3140.013
3138.775
3134.878
3132.057
3128.971
3127.499
3122.652
3122.439
3121.63
3118.811
3112.902
3112.489
3110.686
3108.135
3106.892
3104.426
3102.039
3097.12
3087.321
3079.835
3078.809
3076.329
3076.133
3073.454
3065.468
3065.166
3064.194
3060.654
3060.335
3057.343
3054.122
3053.037
3033.286
3027.128
3022.101
3020.713
3018.1
3017.894
3016.969
3016.754
3011.552
3008.841
3007.155
3006.485
2999.656
2998.435
2996.97
2993.185
2990.49
2987.983
2983.098
2982.647
2980.267
2979.102
2955.474
2951.308
2945.464
2941.317
2940.861
2938.249
2937.306
2931.558
2928.074
2926.336
2924.387
2914.728
2913.319
2906.799
2905.933
2903.927
2903.309
2900.255
2896.421
2890.459
2888.341
2882.441
2879.766
2878.603
2877.988
2877.05
2873.595
2872.908
2868.546
2866.735
2865.715
2859.619
2857.614
2855.548
2854.933
2854.564
2853.417
2848.411
2845.962
2845.657
2843.428
2832.734
2830.958
2830.828
2828.967
2824.942
2822.326
2817.94
2815.568
2814.532
2814.438
2812.034
2809.115
2802.129
2801.937
2801.358
2800.083
2797.833
2796.756
2796.629
2796.219
2792.254
2791.658
2791.353
2789.91
2786.796
2786.432
2771.167
2768.877
2767.737
2765.318
2765.127
2764.287
2763.497
2763.099
2759.066
2758.864
2757.277
2756.705
2754.927
2754.788
2750.561
2749.18
2745.245
2744.997
2740.538
2737.382
2736.014
2734.907
2733.608
2733.278
2731.815
2731.375
2731.301
2726.195
2723.566
2718.775
2718.101
2716.755
2716.375
2713.511
2708.724
2708.441
2708.44
2707.254
2707.122
2705.794
2705.56
2702.055
2702.015
2700.615
2697.559
2696.038
2691.553
2691.389
2689.981
2689.961
2689.044
2688.948
2688.275
2687.133
2684.096
2684.082
2678.912
2676.109
2675.966
2674.328
2673.753
2660.228
2652.489
2651.146
2649.066
2645.036
2644.461
2644.007
2642.358
2641.648
2641.071
2641.07
2640.806
2640.774
2638.664
2636.648
2629.604
2627.247
2625.372
2624.649
2620.531
2617.163
2617.011
2612.263
2610.116
2608.776
2607.365
2600.974
2599.695
2598.75
2597.456
2595.853
2595.792
2595.072
2593.084
2592.848
2592.733
2590.185
2589.234
2588.894
2588.457
2587.695
2586.563
2585.357
2585.192
2582.661
2582.46
2582.098
2580.974
2578.274
2575.003
2571.354
2571.155
2571.122
2570.215
2568.1
2567.235
2566.787
2565.093
2564.766
2564.616
2564.194
2564.183
2563.607
2563.261
2563.05
2562.826
2561.791
2560.8
2560.682
2560.38
2560.362
2559.798
2557.998
2556.551
2556.537
2555.443
2555.051
2554.186
2552.693
2552.589
2551.666
2549.236
2547.066
2546.192
2545.8
2545.796
2545.761
2544.392
2543.966
2543.829
2543.663
2543.326
2543.234
2543.089
2543.083
2542.453
2541.393
2540.833
2540.296
2540.149
2539.828
2538.334
2537.458
2535.736
2535
2533.984
2533.024
2531.295
2531.205
2530.83
2530.1
2529.986
2529.637
2529.582
2528.994
2528.679
2528.66
2528.463
2528.418
2527.426
2527.054
2526.509
2526.216
2526.083
2525.254
2525.106
2524.61
2524.588
2523.756
2523.593
2523.551
2523.121
2523.094
2522.849
2522.545
2522.394
2522.345
2522.251
2522.159
2522.146
2521.474
2521.402
2521.101
2521.057
2520.739
2520.272
2520.219
2520.164
2519.866
2519.722
2519.692
2519.678
2519.438
2519.225
2519.172
2519.161
2519.159
2518.898
2518.828
2518.779
2518.736
2518.716
2518.402
2518.274
2518.198
2517.925
2517.9
2517.613
2517.612
2517.548
2517.509
2517.243
2517.187
2517.065
2516.916
2516.887
2516.583
2516.359
2515.78
2515.736
2515.659
2515.566
2515.356
2515.246
2515.184
2515.124
2514.913
2514.72
2514.608
2514.579
2514.448
2514.205
2514.184
2513.995
2513.983
2512.797
2512.342
2512.218
2511.986
2510.412

