1585
7943
15849
15849
19953
12589
1585
40
79
20
1585
316
20
200
126
50
1000
1585
1000
200
16
316
50
200
50
32
63
50
40
40
40
50
50
50
40
63
50
40
50
40
63
50
50
63
79
100
100
79
126
79
79
79
40
40
63
79
158
316
1000
3162
5012
15849
6310
15849
794
10000
7943
1585
15849
2512
19953
12589
3162
3162
3981
2512
3162
1259
1000
1585
2512
3162
3981
12589
1000
1995
2512
6310
2512
1000
316
1000
398
1000
1259
631
501
2512
1995
1995
1995
3162
3162
2512
15849
15849
19953
5012
5012
15849
6310
6310
6310
15849
15849
10000
7943
15849
7943
12589
7943
7943
7943
7943
7943
10000
6310
7943
6310
5012
1995
1585
1995
2512
5012
5012
19953
3162
6310
19953
12589
12589
6310
12589
12589
7943
1995
501
251
13
126
126
158
251
398
200
251
1000
1585
1995
3981
5012
6310
3981
1585
1995
631
1585
100
63
794
32
32
200
40
158
158
316
316
251
100
251
794
3162
5012
5012
1259
15849
1995
19953
2512
2512
3162
3981
3162
3162
1995
3981
3981
3162
2512
5012
3981
3981
2512
1995
3162
3981
3981
2512
3981
6310
5012
5012
2512
1585
316
1995
158
50
40
158
631
1259
631
1995
1259
1000
200
398
794
126
501
63
316
32
25
32
40
50
40
79
100
1000
501
158
1000
2512
1585
3162
15849
19953
15849
15849
19953
12589
15849
25119
19953
15849
15849
15849
19953
10000
19953
25119
15849
12589
15849
25119
19953
25119
12589
12589
12589
15849
12589
12589
15849
12589
10000
12589
15849
15849
5012
15849
3981
100
100
251
251
200
316
1995
794
10000
1585
19953
19953
12589
2044.85
7447.83
16229.5
16031
19606.3
11840.3
1585.21
812.947
406.541
0
1090.61
0
23.8508
0
100.082
0
963.866
972.651
1043.4
110.425
108.095
653.238
0
735.417
0
463.023
184.966
0
0
188.049
347.586
0
232.819
0
0
373.985
0
0
0
246.768
70.5241
104.083
65.7229
0
24.8078
38.2118
0
0
0
1233.26
1162.73
175.803
0
0
745.338
0
0
733.242
813.3
2942.07
5289.4
15882.5
6489.78
15244.4
520.352
9757.18
7782.69
2152.78
15285.5
2298.73
19898.9
13455.6
3773.72
3567.45
3569.43
2094.36
3244.73
970.046
606.424
1644.75
3080.19
2843.89
3857.48
14006.3
763.655
2161.55
1655.09
5958.59
2606.48
848.815
0
657.127
617.724
1445.57
1794.68
579.103
331.65
2779.05
2819.65
1231.87
1126.27
3151.52
3593.87
3199.29
16034.8
15651.2
20882.6
4874.17
4816.72
15871.8
6490.76
6071.56
6969.86
14799.6
15587.7
11302.9
8356.07
14989.2
7215.16
12681.5
7904.85
8218.82
6785.64
8958.65
8079.77
10357.1
7140.9
8168.07
5820.2
6095.89
2588.72
719.874
2220.3
2488.53
5105.92
5092.5
19461.8
3547.38
5710.76
19978.5
12516
13833.3
6493.1
12746.5
12118
7530.64
1941.34
1030.02
0
0
0
819.263
111.896
879.064
863.991
403.186
0
717.659
1193.27
2375.02
4532.79
5264.37
7623.02
4279.81
1883.51
1952.12
237.952
2153.32
0
753
1403.91
372.158
0
0
993.313
0
261.629
0
113.347
0
0
0
141.167
3623.2
5046.18
4281.59
2147.37
16772.1
1965.63
20052.9
2192.39
2152.36
3857.02
3786.31
3080.01
2977.2
1479.29
3155
3516.86
3120.8
2223.46
5856.81
4095.87
3793.35
2562.19
1155.36
3328.22
3543.28
3289.89
1890.51
3972.31
7247.81
4096.66
5081.82
2647.21
1557.41
1009.16
2412.77
93.3607
0
507.135
802.016
275.591
545.093
485.447
2505.42
1150.4
1817.18
623.922
745.277
1031.43
0
0
845.54
0
0
523.027
0
0
730.22
98.8366
454.655
0
992.296
561.466
147.639
721.382
2910.05
2008.95
3186.21
14902.6
18531.8
15678
15312.7
19826
12500.8
16337.7
25080.4
19966.7
16662.1
15663.7
15278.8
20124.2
9717.11
20155.7
25827.8
15207.9
12499.1
16245.6
25467.4
20024.9
24906.2
11491.1
12659.2
11882.2
16406.9
12472.9
12402.6
15424
12475.8
10703.1
12637.8
14624.2
15685.5
5974.52
15542.2
3401.88
980.995
1065.25
0
188.671
1512.09
362.42
2963.62
654.439
9451.85
1692
19757.8
20075.5
13675.4
1730.13
7966.08
15825.7
15897.7
19911.7
12652.9
1601.94
94.5331
0
0
1455.12
284.364
0.402026
182.042
0
0
964.654
1602.58
1240.22
197.512
150.032
358.37
0
244.596
0
0
0
168.898
76.5802
0
148.98
108.68
19.0098
43.5193
0
73.7673
116.811
199.403
176.24
60.9284
169.895
29.8969
93.2587
118.256
1.29984
113.373
208.895
0
226.01
235.647
79.5698
249.776
60.4658
28.3402
173.473
158.42
0
330.18
1141.57
2981.89
4985.45
15888.1
6252.5
15789.3
862.421
9816.08
7903.1
1482.76
15823.3
2424.04
20082.1
12638.2
3195.19
3290.58
3997.32
2387.39
3368.22
1200.01
1046.65
1486.37
2434.63
3314.32
3937.85
12419.9
1176.33
1919.2
2573.45
6364.72
2471.67
1104.14
319.199
1037.42
547.898
1174.43
1262.27
674.577
330.972
2519.65
2140.06
2026.26
2054.4
3324.25
3167.55
2616.71
15833.2
15879.1
20154.4
5018.05
5044.12
15842.3
6576.75
6255.81
6270.46
15771.3
15812.3
9994.66
8208.64
16078.5
8083.73
12506.1
7985.94
8014.42
8008.94
7876.69
8053.17
9974.44
6312.95
7777.71
6161.58
5136.83
2113.76
1594.4
1864.1
2516.39
4923.73
5058.23
20170.1
3072.11
6290.58
19905.8
12458.8
12699
6385.66
12653.9
12466.8
7966.91
1872.64
525.316
295.597
28.1773
94.7315
21.8409
154.618
390.051
467.502
195.26
359.103
707.896
1676.77
1966.02
3914.92
5062.74
6270.93
4052.3
1476.35
2111.54
888.873
1650.01
106.119
0
1030.25
0
0
164.472
0
0
0
460.927
145.717
194.733
33.4861
149.261
940.684
3200.52
5010.15
5012.04
1217.72
15851.6
1847.6
19945.3
2714.48
2582.84
3084.11
4002.9
3112.42
3123.8
1993.76
4014.26
4024.65
3110.1
2618.46
5142.58
3915.31
3970.77
2482.38
2044.11
3070.79
3971.41
3780.26
2515.98
4080.67
6231.37
5040.03
5167.74
2545.65
1457.1
248.02
1908.92
175.88
122.757
94.124
214.304
818.962
1401.85
654.483
2105.7
1215.54
942.425
331.023
439.089
766.623
15.4767
556.273
67.0633
390.07
77.9217
0
97.4795
32.8934
0
0
89.3188
67.7659
968.147
425.6
2.36164
906.169
2502.52
1692.48
3114.04
15827.6
20025.5
15686.9
15776.6
19814.1
12412.2
15864.7
25208.8
20132.6
15862.7
15804.5
15841
19976.8
9825.35
19889.8
25063.8
15713.4
12747.8
15760.8
24917.5
20204.4
25118.5
12521.5
12504.5
12603.5
15813.8
12686.7
12541.5
15851
12591.9
10071.4
12672.7
16055.1
15675.6
4975.34
16012.6
3930.27
0
39.6493
323.676
286.116
137.294
374.106
1946.18
786.344
9996.24
1604.53
19903
19903.1
12648.7
2009.44
8550.78
15960.2
16035.6
20384.8
12818.2
1988.5
0
220.302
258.668
1919.11
0
410.292
268.432
250.284
211.863
1252.69
1394.47
1340.18
420.786
37.7889
838.96
0
619.971
133.837
159.273
133.972
0
0
0
179.938
0
287.714
0
112.788
511.939
516.596
0
525.734
444.004
256.307
199.133
399.806
202.294
160.39
0
39.7743
383.87
334.73
184.398
477.221
380.29
114.606
455.777
0
194.659
642.644
569.736
933.013
3270.48
5267.75
16064.1
6099.28
15922
635.949
10255.7
8178.02
1405.63
16225
2462.33
20207.4
12753.8
3348.91
3195.33
4101.85
2781.98
3406.06
1731.23
1395.09
1915.88
2506.04
3609.8
4171.75
12876.6
1224.9
2154.42
2801.71
6306.45
2393.03
926.941
786.117
620.397
479.538
772.404
1354.52
785.664
775.993
2702.1
1786.88
2377.59
2133.84
3306.5
3370.86
2744.73
15955.2
15959.7
20655
5425.21
5342.3
15888.2
6130.27
6214.67
6138.53
15960.9
16004.3
9976.83
7753.92
16528.8
7954
13009.8
7965.84
8230.74
8016.68
7595.88
7886.1
10368.9
6671.46
8184.97
6364.07
5420.74
2013.1
1615.65
2156.01
2706.48
5334.62
5601.31
19868.8
3333.67
6387.88
19760.4
12568.3
13024.6
6430.29
12683.8
12626.6
8119.78
2205.53
724.299
0
25.1509
0
246.955
426.72
863.721
899.918
247.535
278.249
1194.92
1681.84
2331.17
3737.62
5099.09
6418.42
4401.39
1635.25
2003.8
750.34
1773.28
156.401
156.04
1197.18
326.605
0
364.721
0
67.8955
788.052
550.291
308.581
820.76
398.31
428.809
651.546
3172.24
4962.98
5568.25
1590.81
16159.7
1950.3
19838.6
2630.83
2528.28
3054.01
4199.5
3302.78
3281.65
2165.35
3821.95
4569.44
3668.78
2887.04
4901.31
4510.21
4370.18
2902.86
1819.17
3435.4
3967.11
3914.97
2827.38
3907.26
6775.53
5443.63
5467.13
2498.17
1894.11
290.829
1952.92
96.1519
368.004
440.451
296.632
970.644
1209.3
564.389
2357.33
1510.92
1329.15
203.793
385.012
957.99
0
638.217
0
656.224
222.293
315.798
7.51072
168.618
71.0135
178.865
360.485
34.11
1061.97
629.909
264.813
1557.56
2404.24
2062.99
3109.99
15910.2
20172.3
15983.5
15664.6
20214.3
12884.5
16423.4
24982.2
19674.5
16063
16146.7
16246.1
19988.8
10249.2
20291.2
25090.2
15580.9
12581.9
15933.2
25353
20369.1
25287.9
12482.2
12813.4
12682.1
16263.9
12351.7
12396.3
16038.6
12756.1
10539.9
12904.9
15769.7
16219.7
5168.01
16291.9
3660.29
0
446.643
132.942
252.873
139.665
609.431
2219.08
1083.48
10164.8
1574.6
19668.5
20107.9
12873.6
1749.48
7907.71
15741.3
15797.1
20412.9
12576.5
1604.29
0
0
117.469
1984.46
730.274
0
629.57
499.701
293.91
1159.71
1855.64
1319.5
229.153
700.68
821.165
250.186
376.987
53.2052
0
341.432
365.757
390.202
0
0
676.427
211.906
122.434
220.302
409.156
365.359
177.602
169.182
197.452
0
479.775
448.027
330.691
357.704
555.876
547.3
336.133
12.3406
94.4406
461.186
0
225.233
94.3636
343.261
606.955
196.357
393.63
1167.01
2856.76
5307.31
16083.4
6452.81
16334.4
788.606
10570.4
7903.32
1585.11
16082.3
2484.51
20410.6
12841.2
3096.52
3468.91
3898.94
2693.85
3249.73
1329.07
1230.67
1989.65
2858.78
3875.38
4334.48
12595.5
1221.06
2057.81
2546.61
6811.99
2946.38
1447.18
334.69
1385.94
795.325
878.578
1488.51
841.806
744.788
2529.38
2437.81
2235.11
2138.39
3218.19
3108.55
2690.69
15963
16317.8
20157
5101.56
4844.47
16292.9
6272.56
6696.27
6429.27
16146.6
16208.6
10514.6
7880.82
15982.9
8189.28
12786.9
8064.45
8084.63
7951.48
8123.31
7786.76
10294.7
6505.01
8232.59
6471.99
5101.35
1839.91
1647.47
1923.75
2628.16
5339.56
5355.11
20476.9
3169.64
6038.78
20322.5
12668.6
12924.9
6479.19
12349.7
12571
8145.81
2241.64
917.595
514.316
279.225
251.448
490.149
0
477.558
727.753
454.081
269.201
1138.53
1868.01
1878.69
4351.87
5137.31
6516.58
4148.49
1919.16
2291.86
635.905
1605.99
0
394.356
764.364
97.7432
284.984
405.341
351.245
612.627
465.018
774.529
491.655
331.673
335.808
528.931
1103.69
3039.98
4830.47
5047.86
919.927
16353
1969.53
19922
2572.53
2368.15
3029.44
4245.58
3524.73
3717.95
1866.6
4196.62
4252.37
3258.97
2545.55
5198.27
4229.66
3882.95
2558.77
2098.34
3593.33
4118.84
3963.86
2757.55
4291.01
6400.3
5004.05
5372.82
2660.59
1851.78
481.371
2237.11
419.941
298.642
148.33
330.182
869.077
1314.08
937.923
2193.99
1137.68
1822.16
195.297
287.654
528.144
0
512.231
0
198.026
367.489
145.351
299.787
141.483
471.944
433.542
34.5325
541.878
1378.08
661.479
70.2251
1372.53
2763.21
1565.86
3412.79
15778.1
20407.9
16097.4
15842.8
20135.9
12913.9
16002
25152.1
20220.9
16137.7
16046.1
15309.3
20018.8
10464.9
20209.7
25351.4
16058.4
12734
16410.2
25758.4
20025.1
25345.6
13080.6
12908.2
12888.1
15714.6
12460.4
12863.5
16175.5
12478.1
10013
12825.4
16405.3
15700.7
5212.19
16065.2
3982.07
71.3969
404.066
483.953
484.355
423.791
623.869
2267.57
774.219
10293.6
1729.51
20213.3
20175.6
12976.8
1531.85
7453.11
15652
15838.5
19061.9
12755.6
1574.17
0
101.877
238.555
1738.6
372.136
245.24
683.274
0
0
1613.39
2021.13
1740.61
0
116.768
166.356
0
620.212
177.327
253.856
438.13
0
45.4251
0
0
0
150.62
41.4484
0
0
0
0
262.83
667.122
144.978
265.562
410.506
248.833
681.083
117.126
199.762
119.357
0
0
577.567
0
556.684
0
436.79
0
0
624.484
1050.5
3103.54
4718.09
15259.5
6724.39
15977.7
1209
9686.95
8720.5
1935.59
15180
2816.13
20602.6
12179.6
3541.96
3363.31
3974.24
2473.81
3353.67
1980.91
1435.45
1884.18
3087.63
3378.55
4301.24
12049.5
625.071
2173.02
3307.09
6469.68
2152.94
1033.12
546.8
760.848
1150.71
1483.41
1846.34
792.485
43.7316
2518.01
2244.93
2313.23
2978.58
3704.18
3842.7
1907.48
16435.6
16234.8
19615.5
4847.39
4579.71
15894.4
6120.98
6659.26
6120.95
15882.8
16472.4
10227.3
8120.05
16244.8
7789.32
12516.3
7930.32
8152.17
7957.25
7757.67
8241.72
9771.85
7142.14
7792.92
5741.6
4141.92
2887.05
1582.09
2635.4
2757.91
4802.37
5347.52
20385.6
3083.11
6336.67
19514.3
13003.9
12352.1
6289.46
12510.3
12352.9
8239.32
2231.93
921.417
765.947
720.232
73.5151
958.976
0
0
222.894
631.732
0
1760.12
1175.46
1585.97
3581.65
6187.04
7019.61
4577.22
1295.19
1409.96
1044.02
1531.39
256.774
482.945
578.295
51.7029
0
0
0
105.832
8.59027
493.265
409.315
330.409
0
766.88
822.826
2671.81
6022.47
4226.78
1276.51
15514.2
2543.19
20169.8
2165.56
2361.7
3875.52
3898.64
3513.31
2378.39
2055.81
4116.2
4674.41
3014.58
2611.23
4819.27
4366.1
4510.11
3317.31
1554.08
2393.84
3734.29
4442.39
1848.69
3520.24
6800.41
5594.8
5400.78
2006.34
1131.81
975.545
1747.99
0
0
529.581
1090.02
1046.11
941.979
977.604
2358.43
1051.51
137.689
462.848
533.268
1068.44
153.007
398.196
497.162
958.045
0
0
0
0
334.165
1049.62
318.693
768.928
1180.7
1124.7
0
1001.89
2060.01
1685.63
2796.95
15838.1
20275.8
15508.9
16593.7
19486.7
12161.4
15271.9
25193.5
19616.1
15185
16321.9
15704.8
19740.3
10009.5
20506.9
25139.9
15834.1
12361.5
16285.1
25436.6
19915.9
24709.5
13508.4
13114.9
13001.4
15278.2
12030.9
13240.2
16112.6
12868.8
9997.93
13547.2
15422.9
15684.7
4670.52
15525.1
4052.45
597.703
345.714
140.798
128.156
0
293.243
1587.39
1304.62
9835.32
1655.42
20195.9
20402.4
13189.4