1,2509,10829,0,0,0.736827,0.868414,4,25*4*6,64*16*1
2,2509,10830,1,0,0.736827,0.868414,4,25*4*6,64*16*1
3,2509,10829,1,0,0.736827,0.868414,4,25*4*6,64*16*1
4,2509,10830,1,0,0.736827,0.868414,4,25*4*6,64*16*1
5,2509,10830,1,0,0.736827,0.868414,4,25*4*6,64*16*1
6,2509,10829,1,0,0.736827,0.868414,4,25*4*6,64*16*1
7,2509,10830,1,0,0.736827,0.868414,4,25*4*6,64*16*1
8,2509,10830,1,0,0.736827,0.868414,4,25*4*6,64*16*1
9,2509,10829,1,0,0.736827,0.868414,4,25*4*6,64*16*1
10,2509,10830,1,0,0.736827,0.868414,4,25*4*6,64*16*1
11,2509,10829,1,0,0.736827,0.868414,4,25*4*6,64*16*1
12,2509,10830,1,0,0.736827,0.868414,4,25*4*6,64*16*1
13,2509,10830,1,0,0.736827,0.868414,4,25*4*6,64*16*1
14,2509,10829,1,0,0.736827,0.868414,4,25*4*6,64*16*1
15,2509,10830,1,0,0.736827,0.868414,4,25*4*6,64*16*1
16,2509,10829,1,0,0.736827,0.868414,4,25*4*6,64*16*1
17,2509,10830,1,0,0.736827,0.868414,4,25*4*6,64*16*1
18,2509,10830,1,0,0.736827,0.868414,4,25*4*6,64*16*1
19,2509,10829,1,0,0.736827,0.868414,4,25*4*6,64*16*1
20,2509,10830,1,0,0.736827,0.868414,4,25*4*6,64*16*1
21,2509,10829,1,0,0.736827,0.868414,4,25*4*6,64*16*1
22,2509,10830,1,0,0.736827,0.868414,4,25*4*6,64*16*1
23,2509,10830,1,0,0.736827,0.868414,4,25*4*6,64*16*1
24,2509,10829,1,0,0.736827,0.868414,4,25*4*6,64*16*1
25,2509,10830,1,0,0.736827,0.868414,4,25*4*6,64*16*1
26,2509,10830,1,0,0.736827,0.868414,4,25*4*6,64*16*1
27,2509,10829,1,0,0.736827,0.868414,4,25*4*6,64*16*1
28,2509,10830,1,0,0.736827,0.868414,4,25*4*6,64*16*1
29,2509,10830,1,0,0.736827,0.868414,4,25*4*6,64*16*1
30,2509,10829,1,0,0.736827,0.868414,4,25*4*6,64*16*1
31,2509,10829,1,0,0.736827,0.868414,4,25*4*6,64*16*1
32,2509,10830,1,0,0.736827,0.868414,4,25*4*6,64*16*1
33,2509,10830,1,0,0.736827,0.868414,4,25*4*6,64*16*1
34,2509,10829,1,0,0.736827,0.868414,4,25*4*6,64*16*1
35,2509,10830,1,0,0.736827,0.868414,4,25*4*6,64*16*1
36,2509,10829,1,0,0.736827,0.868414,4,25*4*6,64*16*1
37,2509,10830,1,0,0.736827,0.868414,4,25*4*6,64*16*1
38,2509,10829,1,0,0.736827,0.868414,4,25*4*6,64*16*1
39,2509,10830,1,0,0.736827,0.868414,4,25*4*6,64*16*1
40,2509,10830,1,0,0.736827,0.868414,4,25*4*6,64*16*1
41,2509,10829,1,0,0.736827,0.868414,4,25*4*6,64*16*1
42,2509,10830,1,0,0.736827,0.868414,4,25*4*6,64*16*1
43,2509,10829,1,0,0.736827,0.868414,4,25*4*6,64*16*1
44,2509,10830,1,0,0.736827,0.868414,4,25*4*6,64*16*1
45,2509,10830,1,0,0.736827,0.868414,4,25*4*6,64*16*1
46,2509,10829,1,0,0.736827,0.868414,4,25*4*6,64*16*1
47,2509,10830,1,0,0.736827,0.868414,4,25*4*6,64*16*1
48,2509,10829,1,0,0.736827,0.868414,4,25*4*6,64*16*1
49,2509,10830,1,0,0.736827,0.868414,4,25*4*6,64*16*1
50,2509,10830,1,0,0.736827,0.868414,4,25*4*6,64*16*1
51,2509.01,10829,1,0,0.736823,0.868412,4,25*4*6,64*16*1
52,2509.15,10830,1,0,0.736785,0.868392,4,25*4*6,64*16*1
53,2509.19,10830,1,0,0.73677,0.868385,4,25*4*6,64*16*1
54,2509.45,10829,1,0,0.736695,0.868347,4,25*4*6,64*16*1
55,2509.58,10830,1,0,0.736658,0.868329,4,25*4*6,64*16*1
56,2510.1,10830,1,0,0.736505,0.868252,4,25*4*6,64*16*1
57,2510.75,10829,1,0,0.736315,0.868158,4,25*4*6,64*16*1
58,2511.27,10829,1,0,0.736161,0.86808,4,25*4*6,64*16*1
59,2512.21,10830,1,0,0.735887,0.867943,4,25*4*6,64*16*1
60,2513.25,10830,1,0,0.735582,0.867791,4,25*4*6,64*16*1
61,2514.38,10829,1,0,0.735252,0.867626,4,25*4*6,64*16*1
62,2515.04,10830,1,0,0.735059,0.86753,4,25*4*6,64*16*1
63,2516.85,10829,1,0,0.73453,0.867265,4,25*4*6,64*16*1
64,2517,10830,1,0,0.734485,0.867243,4,25*4*6,64*16*1
65,2518.29,10829,1,0,0.734109,0.867054,4,25*4*6,64*16*1
66,2518.35,10830,1,0,0.734092,0.867046,4,25*4*6,64*16*1
67,2518.73,10830,1,0,0.733982,0.866991,4,25*4*6,64*16*1
68,2518.84,10829,1,0,0.733948,0.866974,4,25*4*6,64*16*1
69,2519.09,10830,1,0,0.733877,0.866938,4,25*4*6,64*16*1
70,2519.72,10829,1,0,0.733693,0.866847,4,25*4*6,64*16*1
71,2520.29,10830,1,0,0.733528,0.866764,4,25*4*6,64*16*1
72,2520.81,10830,1,0,0.733375,0.866688,4,25*4*6,64*16*1
73,2521.39,10829,1,0,0.733206,0.866603,4,25*4*6,64*16*1
74,2522.01,10830,1,0,0.733026,0.866513,4,25*4*6,64*16*1
75,2523,10829,1,0,0.732738,0.866369,4,25*4*6,64*16*1
76,2523.35,10830,1,0,0.732636,0.866318,4,25*4*6,64*16*1
77,2524.35,10830,1,0,0.732348,0.866174,4,25*4*6,64*16*1
78,2526.66,10829,1,0,0.731678,0.865839,4,25*4*6,64*16*1
79,2527.04,10830,1,0,0.731566,0.865783,4,25*4*6,64*16*1
80,2527.36,10830,1,0,0.731476,0.865738,4,25*4*6,64*16*1
81,2528.3,10829,1,0,0.731203,0.865602,4,25*4*6,64*16*1
82,2529.72,10830,1,0,0.730793,0.865396,4,25*4*6,64*16*1
83,2530.53,10830,1,0,0.730558,0.865279,4,25*4*6,64*16*1
84,2534.4,10829,1,0,0.729443,0.864722,4,25*4*6,64*16*1
85,2535.67,10829,1,0,0.729078,0.864539,4,25*4*6,64*16*1
86,2540.34,10830,1,0,0.727738,0.863869,4,25*4*6,64*16*1
87,2543.82,10830,1,0,0.726743,0.863371,4,25*4*6,64*16*1
88,2551.14,10829,1,0,0.724658,0.862329,4,25*4*6,64*16*1
89,2564.28,10830,1,0,0.720944,0.860472,4,25*4*6,64*16*1
90,2564.85,10829,1,0,0.720782,0.860391,4,25*4*6,64*16*1
91,2565.21,10830,1,0,0.720683,0.860341,4,25*4*6,64*16*1
92,2565.5,10829,1,0,0.720601,0.8603,4,25*4*6,64*16*1
93,2567.57,10830,1,0,0.72002,0.86001,4,25*4*6,64*16*1
94,2567.87,10830,1,0,0.719935,0.859968,4,25*4*6,64*16*1
95,2570.9,10829,1,0,0.719088,0.859544,4,25*4*6,64*16*1
96,2573.71,10830,1,0,0.718301,0.85915,4,25*4*6,64*16*1
97,2573.71,10829,1,0,0.7183,0.85915,4,25*4*6,64*16*1
98,2577.27,10830,1,0,0.71731,0.858655,4,25*4*6,64*16*1
99,2578.34,10830,1,0,0.717012,0.858506,4,25*4*6,64*16*1
100,2578.46,10829,1,0,0.716978,0.858489,4,25*4*6,64*16*1
101,2579.96,10830,1,0,0.716561,0.85828,4,25*4*6,64*16*1
102,2580.69,10829,1,0,0.71636,0.85818,4,25*4*6,64*16*1
103,2585.91,10830,1,0,0.714912,0.857456,4,25*4*6,64*16*1
104,2591.06,10830,1,0,0.713491,0.856745,4,25*4*6,64*16*1
105,2591.53,10829,1,0,0.713363,0.856682,4,25*4*6,64*16*1
106,2592.28,10830,1,0,0.713155,0.856577,4,25*4*6,64*16*1
107,2598.89,10830,1,0,0.711343,0.855671,4,25*4*6,64*16*1
108,2604.06,10829,1,0,0.70993,0.854965,4,25*4*6,64*16*1
109,2604.46,10830,1,0,0.709821,0.85491,4,25*4*6,64*16*1
110,2609.56,10830,1,0,0.708434,0.854217,4,25*4*6,64*16*1
111,2610.69,10829,1,0,0.708127,0.854063,4,25*4*6,64*16*1
112,2613.94,10829,1,0,0.707246,0.853623,4,25*4*6,64*16*1
113,2614.03,10830,1,0,0.707223,0.853611,4,25*4*6,64*16*1
114,2614.82,10830,1,0,0.707007,0.853504,4,25*4*6,64*16*1
115,2616.29,10829,1,0,0.706612,0.853306,4,25*4*6,64*16*1
116,2616.97,10830,1,0,0.706428,0.853214,4,25*4*6,64*16*1
117,2618.8,10829,1,0,0.705933,0.852966,4,25*4*6,64*16*1
118,2628.01,10830,1,0,0.703461,0.85173,4,25*4*6,64*16*1
119,2630.49,10829,1,0,0.702796,0.851398,4,25*4*6,64*16*1
120,2631.93,10830,1,0,0.702413,0.851206,4,25*4*6,64*16*1
121,2632.54,10830,1,0,0.702249,0.851125,4,25*4*6,64*16*1
122,2636.45,10829,1,0,0.701208,0.850604,4,25*4*6,64*16*1
123,2639.19,10830,1,0,0.70048,0.85024,4,25*4*6,64*16*1
124,2644.44,11782,0,0,0.770428,0.885214,5,25*4*7,64*16*1
125,2651.06,11782,1,0,0.768504,0.884252,5,25*4*7,64*16*1
126,2653.73,11782,1,0,0.767732,0.883866,5,25*4*7,64*16*1
127,2654.72,11782,1,0,0.767446,0.883723,5,25*4*7,64*16*1
128,2655.17,11782,1,0,0.767315,0.883657,5,25*4*7,64*16*1
129,2655.28,11782,1,0,0.767282,0.883641,5,25*4*7,64*16*1
130,2658.31,11782,1,0,0.766409,0.883204,5,25*4*7,64*16*1
131,2658.42,11782,1,0,0.766377,0.883189,5,25*4*7,64*16*1
132,2662.89,11782,1,0,0.76509,0.882545,5,25*4*7,64*16*1
133,2662.94,11782,1,0,0.765076,0.882538,5,25*4*7,64*16*1
134,2664.86,11782,1,0,0.764526,0.882263,5,25*4*7,64*16*1
135,2665.15,11783,1,0,0.76444,0.88222,5,25*4*7,64*16*1
136,2666.69,11782,1,0,0.764,0.882,5,25*4*7,64*16*1
137,2673.65,11782,1,0,0.762012,0.881006,5,25*4*7,64*16*1
138,2680.59,11782,1,0,0.760039,0.880019,5,25*4*7,64*16*1
139,2685.29,11782,1,0,0.758709,0.879354,5,25*4*7,64*16*1
140,2687.29,11782,1,0,0.758142,0.879071,5,25*4*7,64*16*1
141,2691.04,11782,1,0,0.757086,0.878543,5,25*4*7,64*16*1
142,2694.15,11782,1,0,0.756212,0.878106,5,25*4*7,64*16*1
143,2699.53,11782,1,0,0.754705,0.877352,5,25*4*7,64*16*1
144,2701.57,11782,1,0,0.754136,0.877068,5,25*4*7,64*16*1
145,2701.63,11782,1,0,0.75412,0.87706,5,25*4*7,64*16*1
146,2704.26,11782,1,0,0.753385,0.876693,5,25*4*7,64*16*1
147,2705.08,11783,1,0,0.753157,0.876579,5,25*4*7,64*16*1
148,2709.44,11782,1,0,0.751946,0.875973,5,25*4*7,64*16*1
149,2710.55,11782,1,0,0.751637,0.875819,5,25*4*7,64*16*1
150,2712.57,11782,1,0,0.751078,0.875539,5,25*4*7,64*16*1
151,2713.06,11782,1,0,0.750943,0.875471,5,25*4*7,64*16*1
152,2713.74,11782,1,0,0.750754,0.875377,5,25*4*7,64*16*1
153,2715.95,11782,1,0,0.750142,0.875071,5,25*4*7,64*16*1
154,2719.28,11782,1,0,0.749224,0.874612,5,25*4*7,64*16*1
155,2719.38,11782,1,0,0.749197,0.874599,5,25*4*7,64*16*1
156,2720.15,11782,1,0,0.748983,0.874492,5,25*4*7,64*16*1
157,2721.4,11782,1,0,0.748639,0.87432,5,25*4*7,64*16*1
158,2724.24,11782,1,0,0.747859,0.87393,5,25*4*7,64*16*1
159,2730.5,11782,1,0,0.746146,0.873073,5,25*4*7,64*16*1
160,2731.39,11782,1,0,0.745901,0.872951,5,25*4*7,64*16*1
161,2731.5,11782,1,0,0.745873,0.872937,5,25*4*7,64*16*1
162,2735.63,11783,1,0,0.744746,0.872373,5,25*4*7,64*16*1
163,2736.1,11782,1,0,0.744618,0.872309,5,25*4*7,64*16*1
164,2738.39,11782,1,0,0.743994,0.871997,5,25*4*7,64*16*1
165,2745.02,11782,1,0,0.742199,0.871099,5,25*4*7,64*16*1
166,2746.47,11782,1,0,0.741808,0.870904,5,25*4*7,64*16*1
167,2746.99,11782,1,0,0.741667,0.870834,5,25*4*7,64*16*1
168,2748.22,11782,1,0,0.741333,0.870667,5,25*4*7,64*16*1
169,2752.12,11782,1,0,0.740283,0.870142,5,25*4*7,64*16*1
170,2754.94,11782,1,0,0.739525,0.869763,5,25*4*7,64*16*1
171,2758.03,11782,1,0,0.738698,0.869349,5,25*4*7,64*16*1
172,2759.5,11782,1,0,0.738304,0.869152,5,25*4*7,64*16*1
173,2764.35,11782,1,0,0.737009,0.868505,5,25*4*7,64*16*1
174,2764.56,11782,1,0,0.736952,0.868476,5,25*4*7,64*16*1
175,2765.37,11783,1,0,0.736737,0.868368,5,25*4*7,64*16*1
176,2768.19,11782,1,0,0.735987,0.867993,5,25*4*7,64*16*1
177,2774.1,11782,1,0,0.734419,0.867209,5,25*4*7,64*16*1
178,2774.51,11782,1,0,0.73431,0.867155,5,25*4*7,64*16*1
179,2776.31,11782,1,0,0.733833,0.866916,5,25*4*7,64*16*1
180,2778.86,11782,1,0,0.733159,0.86658,5,25*4*7,64*16*1
181,2780.11,11782,1,0,0.732831,0.866416,5,25*4*7,64*16*1
182,2782.57,11782,1,0,0.732182,0.866091,5,25*4*7,64*16*1
183,2784.96,11782,1,0,0.731554,0.865777,5,25*4*7,64*16*1
184,2789.88,11782,1,0,0.730264,0.865132,5,25*4*7,64*16*1
185,2799.68,11782,1,0,0.727708,0.863854,5,25*4*7,64*16*1
186,2807.16,11782,1,0,0.725768,0.862884,5,25*4*7,64*16*1
187,2808.19,11782,1,0,0.725503,0.862751,5,25*4*7,64*16*1
188,2810.67,11782,1,0,0.724862,0.862431,5,25*4*7,64*16*1
189,2810.87,11782,1,0,0.724812,0.862406,5,25*4*7,64*16*1
190,2813.55,11782,1,0,0.724122,0.862061,5,25*4*7,64*16*1
191,2821.53,11782,1,0,0.722072,0.861036,5,25*4*7,64*16*1
192,2821.83,11782,1,0,0.721995,0.860997,5,25*4*7,64*16*1
193,2822.81,11783,1,0,0.721746,0.860873,5,25*4*7,64*16*1
194,2826.35,11782,1,0,0.720842,0.860421,5,25*4*7,64*16*1
195,2826.66,11782,1,0,0.720761,0.860381,5,25*4*7,64*16*1
196,2829.66,11782,1,0,0.719999,0.859999,5,25*4*7,64*16*1
197,2832.88,11782,1,0,0.71918,0.85959,5,25*4*7,64*16*1
198,2833.96,11782,1,0,0.718905,0.859452,5,25*4*7,64*16*1
199,2853.71,11782,1,0,0.713929,0.856965,5,25*4*7,64*16*1
200,2859.87,11782,1,0,0.712392,0.856196,5,25*4*7,64*16*1
201,2864.9,11782,1,0,0.711142,0.855571,5,25*4*7,64*16*1
202,2866.29,11782,1,0,0.710798,0.855399,5,25*4*7,64*16*1
203,2868.9,11782,1,0,0.71015,0.855075,5,25*4*7,64*16*1
204,2869.11,11782,1,0,0.710099,0.85505,5,25*4*7,64*16*1
205,2870.03,11783,1,0,0.70987,0.854935,5,25*4*7,64*16*1
206,2870.25,11782,1,0,0.709817,0.854909,5,25*4*7,64*16*1
207,2875.45,11782,1,0,0.708533,0.854267,5,25*4*7,64*16*1
208,2878.16,11782,1,0,0.707866,0.853933,5,25*4*7,64*16*1
209,2879.84,11782,1,0,0.707451,0.853726,5,25*4*7,64*16*1
210,2880.51,11782,1,0,0.707287,0.853643,5,25*4*7,64*16*1
211,2887.34,11782,1,0,0.705614,0.852807,5,25*4*7,64*16*1
212,2888.57,11782,1,0,0.705316,0.852658,5,25*4*7,64*16*1
213,2890.03,11782,1,0,0.704958,0.852479,5,25*4*7,64*16*1
214,2893.82,11782,1,0,0.704036,0.852018,5,25*4*7,64*16*1
215,2896.51,11782,1,0,0.703381,0.85169,5,25*4*7,64*16*1
216,2899.02,11782,1,0,0.702773,0.851386,5,25*4*7,64*16*1
217,2903.9,11782,1,0,0.70159,0.850795,5,25*4*7,64*16*1
218,2904.35,11782,1,0,0.701482,0.850741,5,25*4*7,64*16*1
219,2906.73,11782,1,0,0.700907,0.850454,5,25*4*7,64*16*1
220,2907.9,11783,1,0,0.700626,0.850313,5,25*4*7,64*16*1
221,2931.53,11782,1,0,0.694979,0.84749,5,25*4*7,64*16*1
222,2935.69,11782,1,0,0.693993,0.846997,5,25*4*7,64*16*1
223,2941.54,11782,1,0,0.692614,0.846307,5,25*4*7,64*16*1
224,2945.68,11782,1,0,0.691639,0.84582,5,25*4*7,64*16*1
225,2946.14,11782,1,0,0.691532,0.845766,5,25*4*7,64*16*1
226,2948.75,11782,1,0,0.69092,0.84546,5,25*4*7,64*16*1
227,2949.69,11782,1,0,0.690699,0.845349,5,25*4*7,64*16*1
228,2955.44,11782,1,0,0.689355,0.844678,5,25*4*7,64*16*1
229,2958.93,11782,1,0,0.688544,0.844272,5,25*4*7,64*16*1
230,2960.66,11782,1,0,0.68814,0.84407,5,25*4*7,64*16*1
231,2962.61,11782,1,0,0.687687,0.843843,5,25*4*7,64*16*1
232,2972.27,11782,1,0,0.685452,0.842726,5,25*4*7,64*16*1
233,2973.68,11783,1,0,0.685127,0.842564,5,25*4*7,64*16*1
234,2980.2,11782,1,0,0.683628,0.841814,5,25*4*7,64*16*1
235,2981.07,11782,1,0,0.68343,0.841715,5,25*4*7,64*16*1
236,2983.07,11782,1,0,0.68297,0.841485,5,25*4*7,64*16*1
237,2983.69,11782,1,0,0.682829,0.841414,5,25*4*7,64*16*1
238,2986.74,11782,1,0,0.682131,0.841065,5,25*4*7,64*16*1
239,2990.58,11782,1,0,0.681256,0.840628,5,25*4*7,64*16*1
240,2996.54,11782,1,0,0.679901,0.83995,5,25*4*7,64*16*1
241,2998.66,11782,1,0,0.67942,0.83971,5,25*4*7,64*16*1
242,3004.56,11782,1,0,0.678086,0.839043,5,25*4*7,64*16*1
243,3007.23,11782,1,0,0.677483,0.838742,5,25*4*7,64*16*1
244,3008.4,11782,1,0,0.677221,0.838611,5,25*4*7,64*16*1
245,3009.01,11782,1,0,0.677083,0.838541,5,25*4*7,64*16*1
246,3009.95,11782,1,0,0.676872,0.838436,5,25*4*7,64*16*1
247,3013.41,11782,1,0,0.676096,0.838048,5,25*4*7,64*16*1
248,3014.09,11782,1,0,0.675942,0.837971,5,25*4*7,64*16*1
249,3018.45,16870,0,0,0.974936,0.987468,6,25*4*8,64*16*2
250,3020.26,16871,1,0,0.974352,0.987176,6,25*4*8,64*16*2
251,3021.28,16871,1,0,0.974023,0.987011,6,25*4*8,64*16*2
252,3027.38,16871,1,0,0.972061,0.986031,6,25*4*8,64*16*2
253,3029.39,16870,1,0,0.971418,0.985709,6,25*4*8,64*16*2
254,3031.45,16871,1,0,0.970756,0.985378,6,25*4*8,64*16*2
255,3032.07,16871,1,0,0.970559,0.98528,6,25*4*8,64*16*2
256,3032.44,16871,1,0,0.970441,0.98522,6,25*4*8,64*16*2
257,3033.58,16870,1,0,0.970074,0.985037,6,25*4*8,64*16*2
258,3038.59,16871,1,0,0.968476,0.984238,6,25*4*8,64*16*2
259,3041.04,16871,1,0,0.967696,0.983848,6,25*4*8,64*16*2
260,3041.34,16871,1,0,0.967599,0.983799,6,25*4*8,64*16*2
261,3043.57,16870,1,0,0.96689,0.983445,6,25*4*8,64*16*2
262,3054.27,16871,1,0,0.963505,0.981752,6,25*4*8,64*16*2
263,3056.04,16871,1,0,0.962945,0.981472,6,25*4*8,64*16*2
264,3056.17,16871,1,0,0.962904,0.981452,6,25*4*8,64*16*2
265,3058.03,16871,1,0,0.962318,0.981159,6,25*4*8,64*16*2
266,3062.06,16870,1,0,0.961053,0.980526,6,25*4*8,64*16*2
267,3064.67,16871,1,0,0.960233,0.980116,6,25*4*8,64*16*2
268,3069.06,16871,1,0,0.95886,0.97943,6,25*4*8,64*16*2
269,3071.43,16871,1,0,0.95812,0.97906,6,25*4*8,64*16*2
270,3072.47,16870,1,0,0.957797,0.978898,6,25*4*8,64*16*2
271,3072.56,16871,1,0,0.957767,0.978884,6,25*4*8,64*16*2
272,3074.97,16871,1,0,0.957019,0.978509,6,25*4*8,64*16*2
273,3077.89,16871,1,0,0.956111,0.978056,6,25*4*8,64*16*2
274,3084.87,16871,1,0,0.953946,0.976973,6,25*4*8,64*16*2
275,3085.06,16870,1,0,0.953887,0.976943,6,25*4*8,64*16*2
276,3085.64,16871,1,0,0.953708,0.976854,6,25*4*8,64*16*2
277,3086.92,16871,1,0,0.953314,0.976657,6,25*4*8,64*16*2
278,3089.17,16871,1,0,0.952619,0.97631,6,25*4*8,64*16*2
279,3090.24,16871,1,0,0.952287,0.976144,6,25*4*8,64*16*2
280,3090.37,16870,1,0,0.952248,0.976124,6,25*4*8,64*16*2
281,3090.78,16871,1,0,0.952122,0.976061,6,25*4*8,64*16*2
282,3094.75,16871,1,0,0.950902,0.975451,6,25*4*8,64*16*2
283,3095.34,16871,1,0,0.950719,0.975359,6,25*4*8,64*16*2
284,3095.65,16870,1,0,0.950625,0.975313,6,25*4*8,64*16*2
285,3097.09,16871,1,0,0.950182,0.975091,6,25*4*8,64*16*2
286,3100.2,16871,1,0,0.949228,0.974614,6,25*4*8,64*16*2
287,3100.57,16871,1,0,0.949116,0.974558,6,25*4*8,64*16*2
288,3115.83,16871,1,0,0.944467,0.972233,6,25*4*8,64*16*2
289,3118.12,16870,1,0,0.943773,0.971886,6,25*4*8,64*16*2
290,3119.26,16871,1,0,0.943428,0.971714,6,25*4*8,64*16*2
291,3121.68,16871,1,0,0.942697,0.971348,6,25*4*8,64*16*2
292,3121.87,16870,1,0,0.942639,0.97132,6,25*4*8,64*16*2
293,3122.71,16871,1,0,0.942386,0.971193,6,25*4*8,64*16*2
294,3123.5,16871,1,0,0.942147,0.971074,6,25*4*8,64*16*2
295,3123.9,16871,1,0,0.942027,0.971014,6,25*4*8,64*16*2
296,3127.93,16871,1,0,0.940813,0.970406,6,25*4*8,64*16*2
297,3128.14,16870,1,0,0.940752,0.970376,6,25*4*8,64*16*2
298,3129.72,16871,1,0,0.940275,0.970137,6,25*4*8,64*16*2
299,3130.3,16871,1,0,0.940103,0.970052,6,25*4*8,64*16*2
300,3132.07,16871,1,0,0.939569,0.969785,6,25*4*8,64*16*2
301,3132.21,16870,1,0,0.939528,0.969764,6,25*4*8,64*16*2
302,3136.44,16871,1,0,0.938262,0.969131,6,25*4*8,64*16*2
303,3137.82,16871,1,0,0.937849,0.968924,6,25*4*8,64*16*2
304,3141.76,16871,1,0,0.936674,0.968337,6,25*4*8,64*16*2
305,3142,16871,1,0,0.9366,0.9683,6,25*4*8,64*16*2
306,3146.46,16870,1,0,0.935273,0.967636,6,25*4*8,64*16*2
307,3149.62,16871,1,0,0.934336,0.967168,6,25*4*8,64*16*2
308,3150.99,16871,1,0,0.93393,0.966965,6,25*4*8,64*16*2
309,3152.09,16871,1,0,0.933602,0.966801,6,25*4*8,64*16*2
310,3153.39,16870,1,0,0.933217,0.966609,6,25*4*8,64*16*2
311,3153.72,16871,1,0,0.93312,0.96656,6,25*4*8,64*16*2
312,3155.18,16871,1,0,0.932687,0.966343,6,25*4*8,64*16*2
313,3155.62,16870,1,0,0.932557,0.966278,6,25*4*8,64*16*2
314,3155.7,16871,1,0,0.932535,0.966268,6,25*4*8,64*16*2
315,3160.8,16871,1,0,0.931029,0.965514,6,25*4*8,64*16*2
316,3163.43,16871,1,0,0.930255,0.965127,6,25*4*8,64*16*2
317,3168.22,16870,1,0,0.928848,0.964424,6,25*4*8,64*16*2
318,3168.9,16871,1,0,0.928651,0.964325,6,25*4*8,64*16*2
319,3170.24,16871,1,0,0.928256,0.964128,6,25*4*8,64*16*2
320,3170.62,16871,1,0,0.928145,0.964073,6,25*4*8,64*16*2
321,3173.49,16870,1,0,0.927307,0.963654,6,25*4*8,64*16*2
322,3178.28,16871,1,0,0.925911,0.962955,6,25*4*8,64*16*2
323,3178.56,16871,1,0,0.925828,0.962914,6,25*4*8,64*16*2
324,3178.56,16871,1,0,0.925828,0.962914,6,25*4*8,64*16*2
325,3179.75,16870,1,0,0.925483,0.962741,6,25*4*8,64*16*2
326,3179.88,16871,1,0,0.925444,0.962722,6,25*4*8,64*16*2
327,3181.21,16871,1,0,0.925058,0.962529,6,25*4*8,64*16*2
328,3181.44,16871,1,0,0.92499,0.962495,6,25*4*8,64*16*2
329,3184.95,16870,1,0,0.923972,0.961986,6,25*4*8,64*16*2
330,3184.99,16871,1,0,0.92396,0.96198,6,25*4*8,64*16*2
331,3186.39,16871,1,0,0.923554,0.961777,6,25*4*8,64*16*2
332,3189.44,16871,1,0,0.92267,0.961335,6,25*4*8,64*16*2
333,3190.96,16870,1,0,0.92223,0.961115,6,25*4*8,64*16*2
334,3195.45,16871,1,0,0.920935,0.960468,6,25*4*8,64*16*2
335,3195.61,16871,1,0,0.920888,0.960444,6,25*4*8,64*16*2
336,3197.02,16871,1,0,0.920482,0.960241,6,25*4*8,64*16*2
337,3197.04,16870,1,0,0.920477,0.960238,6,25*4*8,64*16*2
338,3197.96,16871,1,0,0.920213,0.960106,6,25*4*8,64*16*2
339,3198.05,16871,1,0,0.920185,0.960093,6,25*4*8,64*16*2
340,3198.72,16871,1,0,0.919992,0.959996,6,25*4*8,64*16*2
341,3199.87,16870,1,0,0.919663,0.959832,6,25*4*8,64*16*2
342,3202.9,16871,1,0,0.918791,0.959396,6,25*4*8,64*16*2
343,3202.92,16871,1,0,0.918787,0.959394,6,25*4*8,64*16*2
344,3208.09,16871,1,0,0.917307,0.958653,6,25*4*8,64*16*2
345,3210.89,16870,1,0,0.916506,0.958253,6,25*4*8,64*16*2
346,3211.03,16871,1,0,0.916465,0.958232,6,25*4*8,64*16*2
347,3212.67,16871,1,0,0.915998,0.957999,6,25*4*8,64*16*2
348,3213.25,16871,1,0,0.915834,0.957917,6,25*4*8,64*16*2
349,3226.77,16870,1,0,0.911995,0.955998,6,25*4*8,64*16*2
350,3234.51,16871,1,0,0.909813,0.954906,6,25*4*8,64*16*2
351,3235.85,16871,1,0,0.909435,0.954718,6,25*4*8,64*16*2
352,3237.93,16871,1,0,0.908851,0.954426,6,25*4*8,64*16*2
353,3241.96,16870,1,0,0.907721,0.953861,6,25*4*8,64*16*2
354,3242.54,16871,1,0,0.90756,0.95378,6,25*4*8,64*16*2
355,3242.99,16871,1,0,0.907433,0.953717,6,25*4*8,64*16*2
356,3244.64,16871,1,0,0.906972,0.953486,6,25*4*8,64*16*2
357,3245.35,16870,1,0,0.906774,0.953387,6,25*4*8,64*16*2
358,3245.93,16871,1,0,0.906613,0.953306,6,25*4*8,64*16*2
359,3245.93,16871,1,0,0.906612,0.953306,6,25*4*8,64*16*2
360,3246.19,16871,1,0,0.906539,0.953269,6,25*4*8,64*16*2
361,3246.23,16870,1,0,0.90653,0.953265,6,25*4*8,64*16*2
362,3248.34,16871,1,0,0.905941,0.95297,6,25*4*8,64*16*2
363,3250.35,16871,1,0,0.905379,0.952689,6,25*4*8,64*16*2
364,3257.4,16871,1,0,0.903421,0.951711,6,25*4*8,64*16*2
365,3259.75,16870,1,0,0.902768,0.951384,6,25*4*8,64*16*2
366,3261.63,16871,1,0,0.902249,0.951124,6,25*4*8,64*16*2
367,3262.35,16871,1,0,0.902049,0.951024,6,25*4*8,64*16*2
368,3266.47,16871,1,0,0.900912,0.950456,6,25*4*8,64*16*2
369,3269.84,16870,1,0,0.899984,0.949992,6,25*4*8,64*16*2
370,3269.99,16871,1,0,0.899942,0.949971,6,25*4*8,64*16*2
371,3274.74,16871,1,0,0.898637,0.949319,6,25*4*8,64*16*2
372,3276.88,16871,1,0,0.898048,0.949024,6,25*4*8,64*16*2
373,3278.22,16870,1,0,0.897681,0.948841,6,25*4*8,64*16*2
374,3279.64,16871,1,0,0.897295,0.948647,6,25*4*8,64*16*2
375,3286.03,16871,1,0,0.89555,0.947775,6,25*4*8,64*16*2
376,3287.3,16871,1,0,0.895201,0.947601,6,25*4*8,64*16*2
377,3288.25,16870,1,0,0.894944,0.947472,6,25*4*8,64*16*2
378,3289.54,16871,1,0,0.894592,0.947296,6,25*4*8,64*16*2
379,3291.15,16871,1,0,0.894156,0.947078,6,25*4*8,64*16*2
380,3291.21,16871,1,0,0.89414,0.94707,6,25*4*8,64*16*2
381,3291.93,16870,1,0,0.893944,0.946972,6,25*4*8,64*16*2
382,3293.92,16871,1,0,0.893405,0.946702,6,25*4*8,64*16*2
383,3294.15,16871,1,0,0.893341,0.94667,6,25*4*8,64*16*2
384,3294.27,16871,1,0,0.893309,0.946655,6,25*4*8,64*16*2
385,3296.82,16870,1,0,0.892619,0.94631,6,25*4*8,64*16*2
386,3297.77,16871,1,0,0.892362,0.946181,6,25*4*8,64*16*2
387,3298.11,16871,1,0,0.89227,0.946135,6,25*4*8,64*16*2
388,3298.54,16871,1,0,0.892151,0.946076,6,25*4*8,64*16*2
389,3299.3,16870,1,0,0.891945,0.945973,6,25*4*8,64*16*2
390,3300.44,16871,1,0,0.89164,0.94582,6,25*4*8,64*16*2
391,3301.64,16871,1,0,0.891314,0.945657,6,25*4*8,64*16*2
392,3301.81,16871,1,0,0.891269,0.945635,6,25*4*8,64*16*2
393,3304.34,16870,1,0,0.890587,0.945293,6,25*4*8,64*16*2
394,3304.54,16871,1,0,0.890532,0.945266,6,25*4*8,64*16*2
395,3304.9,16871,1,0,0.890435,0.945217,6,25*4*8,64*16*2
396,3306.03,16871,1,0,0.890132,0.945066,6,25*4*8,64*16*2
397,3308.73,16870,1,0,0.889406,0.944703,6,25*4*8,64*16*2
398,3312,16871,1,0,0.888527,0.944264,6,25*4*8,64*16*2
399,3315.65,16871,1,0,0.88755,0.943775,6,25*4*8,64*16*2
400,3315.84,16871,1,0,0.887496,0.943748,6,25*4*8,64*16*2
401,3315.88,16870,1,0,0.887487,0.943744,6,25*4*8,64*16*2
402,3316.78,16871,1,0,0.887245,0.943622,6,25*4*8,64*16*2
403,3318.9,16871,1,0,0.886679,0.94334,6,25*4*8,64*16*2
404,3319.76,16871,1,0,0.886448,0.943224,6,25*4*8,64*16*2
405,3320.21,16870,1,0,0.886329,0.943164,6,25*4*8,64*16*2
406,3321.91,16871,1,0,0.885877,0.942938,6,25*4*8,64*16*2
407,3322.23,16871,1,0,0.88579,0.942895,6,25*4*8,64*16*2
408,3322.38,16871,1,0,0.88575,0.942875,6,25*4*8,64*16*2
409,3322.81,16870,1,0,0.885637,0.942819,6,25*4*8,64*16*2
410,3322.82,16871,1,0,0.885634,0.942817,6,25*4*8,64*16*2
411,3323.39,16871,1,0,0.885481,0.94274,6,25*4*8,64*16*2
412,3323.74,16871,1,0,0.885388,0.942694,6,25*4*8,64*16*2
413,3323.95,16870,1,0,0.885332,0.942666,6,25*4*8,64*16*2
414,3324.17,16871,1,0,0.885273,0.942636,6,25*4*8,64*16*2
415,3325.21,16871,1,0,0.884997,0.942499,6,25*4*8,64*16*2
416,3326.2,16871,1,0,0.884733,0.942367,6,25*4*8,64*16*2
417,3326.32,16870,1,0,0.884702,0.942351,6,25*4*8,64*16*2
418,3326.62,16871,1,0,0.884622,0.942311,6,25*4*8,64*16*2
419,3326.64,16871,1,0,0.884617,0.942308,6,25*4*8,64*16*2
420,3327.2,16871,1,0,0.884467,0.942233,6,25*4*8,64*16*2
421,3329,16870,1,0,0.883989,0.941994,6,25*4*8,64*16*2
422,3330.45,16871,1,0,0.883605,0.941802,6,25*4*8,64*16*2
423,3330.46,16871,1,0,0.883601,0.9418,6,25*4*8,64*16*2
424,3331.56,16871,1,0,0.883311,0.941655,6,25*4*8,64*16*2
425,3331.95,16870,1,0,0.883207,0.941603,6,25*4*8,64*16*2
426,3332.81,16871,1,0,0.882978,0.941489,6,25*4*8,64*16*2
427,3334.31,16871,1,0,0.882582,0.941291,6,25*4*8,64*16*2
428,3334.41,16871,1,0,0.882555,0.941277,6,25*4*8,64*16*2
429,3335.33,16870,1,0,0.88231,0.941155,6,25*4*8,64*16*2
430,3337.76,16871,1,0,0.881668,0.940834,6,25*4*8,64*16*2
431,3339.93,16871,1,0,0.881095,0.940548,6,25*4*8,64*16*2
432,3340.81,16871,1,0,0.880865,0.940432,6,25*4*8,64*16*2
433,3341.2,16870,1,0,0.880761,0.940381,6,25*4*8,64*16*2
434,3341.2,16871,1,0,0.88076,0.94038,6,25*4*8,64*16*2
435,3341.24,16871,1,0,0.880751,0.940376,6,25*4*8,64*16*2
436,3342.61,16871,1,0,0.88039,0.940195,6,25*4*8,64*16*2
437,3343.03,16870,1,0,0.880278,0.940139,6,25*4*8,64*16*2
438,3343.17,16871,1,0,0.880242,0.940121,6,25*4*8,64*16*2
439,3343.34,16871,1,0,0.880198,0.940099,6,25*4*8,64*16*2
440,3343.67,16871,1,0,0.88011,0.940055,6,25*4*8,64*16*2
441,3343.77,16870,1,0,0.880086,0.940043,6,25*4*8,64*16*2
442,3343.91,16871,1,0,0.880047,0.940024,6,25*4*8,64*16*2
443,3343.92,16871,1,0,0.880046,0.940023,6,25*4*8,64*16*2
444,3344.55,16871,1,0,0.87988,0.93994,6,25*4*8,64*16*2
445,3345.61,16870,1,0,0.879601,0.939801,6,25*4*8,64*16*2
446,3346.17,16871,1,0,0.879454,0.939727,6,25*4*8,64*16*2
447,3346.7,16871,1,0,0.879313,0.939656,6,25*4*8,64*16*2
448,3346.85,16871,1,0,0.879274,0.939637,6,25*4*8,64*16*2
449,3347.17,16870,1,0,0.87919,0.939595,6,25*4*8,64*16*2
450,3348.67,16871,1,0,0.878798,0.939399,6,25*4*8,64*16*2
451,3349.54,16871,1,0,0.878568,0.939284,6,25*4*8,64*16*2
452,3351.26,16871,1,0,0.878116,0.939058,6,25*4*8,64*16*2
453,3352,16870,1,0,0.877924,0.938962,6,25*4*8,64*16*2
454,3353.02,16871,1,0,0.877658,0.938829,6,25*4*8,64*16*2
455,3353.98,16871,1,0,0.877406,0.938703,6,25*4*8,64*16*2
456,3355.7,16871,1,0,0.876954,0.938477,6,25*4*8,64*16*2
457,3355.8,16870,1,0,0.876931,0.938465,6,25*4*8,64*16*2
458,3356.17,16871,1,0,0.876833,0.938416,6,25*4*8,64*16*2
459,3356.9,16871,1,0,0.876642,0.938321,6,25*4*8,64*16*2
460,3357.01,16871,1,0,0.876612,0.938306,6,25*4*8,64*16*2
461,3357.36,16870,1,0,0.876521,0.938261,6,25*4*8,64*16*2
462,3357.42,16871,1,0,0.876507,0.938253,6,25*4*8,64*16*2
463,3358.01,16871,1,0,0.876353,0.938177,6,25*4*8,64*16*2
464,3358.32,16871,1,0,0.876271,0.938136,6,25*4*8,64*16*2
465,3358.34,16870,1,0,0.876266,0.938133,6,25*4*8,64*16*2
466,3358.54,16871,1,0,0.876215,0.938107,6,25*4*8,64*16*2
467,3358.58,16871,1,0,0.876203,0.938102,6,25*4*8,64*16*2
468,3359.57,16871,1,0,0.875944,0.937972,6,25*4*8,64*16*2
469,3359.95,16870,1,0,0.875847,0.937924,6,25*4*8,64*16*2
470,3360.49,16871,1,0,0.875705,0.937853,6,25*4*8,64*16*2
471,3360.78,16871,1,0,0.875629,0.937815,6,25*4*8,64*16*2
472,3360.92,16871,1,0,0.875594,0.937797,6,25*4*8,64*16*2
473,3361.75,16870,1,0,0.875378,0.937689,6,25*4*8,64*16*2
474,3361.89,16871,1,0,0.87534,0.93767,6,25*4*8,64*16*2
475,3362.39,16871,1,0,0.875211,0.937605,6,25*4*8,64*16*2
476,3362.41,16871,1,0,0.875205,0.937603,6,25*4*8,64*16*2
477,3363.24,16870,1,0,0.874989,0.937494,6,25*4*8,64*16*2
478,3363.41,16871,1,0,0.874946,0.937473,6,25*4*8,64*16*2
479,3363.45,16871,1,0,0.874935,0.937468,6,25*4*8,64*16*2
480,3363.88,16871,1,0,0.874823,0.937412,6,25*4*8,64*16*2
481,3363.91,16870,1,0,0.874816,0.937408,6,25*4*8,64*16*2
482,3364.15,16871,1,0,0.874753,0.937376,6,25*4*8,64*16*2
483,3364.45,16871,1,0,0.874674,0.937337,6,25*4*8,64*16*2
484,3364.61,16871,1,0,0.874634,0.937317,6,25*4*8,64*16*2
485,3364.66,16870,1,0,0.874622,0.937311,6,25*4*8,64*16*2
486,3364.75,16871,1,0,0.874597,0.937299,6,25*4*8,64*16*2
487,3364.84,16871,1,0,0.874573,0.937287,6,25*4*8,64*16*2
488,3364.85,16871,1,0,0.87457,0.937285,6,25*4*8,64*16*2
489,3365.53,16870,1,0,0.874395,0.937198,6,25*4*8,64*16*2
490,3365.6,16871,1,0,0.874377,0.937188,6,25*4*8,64*16*2
491,3365.9,16871,1,0,0.874298,0.937149,6,25*4*8,64*16*2
492,3365.94,16871,1,0,0.874287,0.937143,6,25*4*8,64*16*2
493,3366.26,16870,1,0,0.874204,0.937102,6,25*4*8,64*16*2
494,3366.73,16871,1,0,0.874083,0.937042,6,25*4*8,64*16*2
495,3366.78,16871,1,0,0.874069,0.937035,6,25*4*8,64*16*2
496,3366.84,16871,1,0,0.874055,0.937028,6,25*4*8,64*16*2
497,3367.13,16870,1,0,0.873978,0.936989,6,25*4*8,64*16*2
498,3367.28,16871,1,0,0.87394,0.93697,6,25*4*8,64*16*2
499,3367.31,16871,1,0,0.873933,0.936966,6,25*4*8,64*16*2
500,3367.32,16871,1,0,0.873929,0.936964,6,25*4*8,64*16*2
501,3367.56,16870,1,0,0.873867,0.936933,6,25*4*8,64*16*2
502,3367.78,16871,1,0,0.873811,0.936906,6,25*4*8,64*16*2
503,3367.83,16871,1,0,0.873798,0.936899,6,25*4*8,64*16*2
504,3367.84,16871,1,0,0.873795,0.936897,6,25*4*8,64*16*2
505,3367.84,16870,1,0,0.873794,0.936897,6,25*4*8,64*16*2
506,3368.1,16871,1,0,0.873727,0.936863,6,25*4*8,64*16*2
507,3368.17,16871,1,0,0.873708,0.936854,6,25*4*8,64*16*2
508,3368.22,16871,1,0,0.873696,0.936848,6,25*4*8,64*16*2
509,3368.26,16870,1,0,0.873684,0.936842,6,25*4*8,64*16*2
510,3368.28,16871,1,0,0.873679,0.93684,6,25*4*8,64*16*2
511,3368.6,16871,1,0,0.873598,0.936799,6,25*4*8,64*16*2
512,3368.73,16871,1,0,0.873565,0.936782,6,25*4*8,64*16*2
513,3368.8,16870,1,0,0.873545,0.936772,6,25*4*8,64*16*2
514,3369.07,16871,1,0,0.873474,0.936737,6,25*4*8,64*16*2
515,3369.1,16871,1,0,0.873468,0.936734,6,25*4*8,64*16*2
516,3369.39,16871,1,0,0.873393,0.936697,6,25*4*8,64*16*2
517,3369.39,16870,1,0,0.873393,0.936697,6,25*4*8,64*16*2
518,3369.45,16871,1,0,0.873376,0.936688,6,25*4*8,64*16*2
519,3369.49,16871,1,0,0.873366,0.936683,6,25*4*8,64*16*2
520,3369.76,16871,1,0,0.873297,0.936649,6,25*4*8,64*16*2
521,3369.81,16870,1,0,0.873283,0.936641,6,25*4*8,64*16*2
522,3369.93,16871,1,0,0.873251,0.936626,6,25*4*8,64*16*2
523,3370.08,16871,1,0,0.873213,0.936606,6,25*4*8,64*16*2
524,3370.11,16871,1,0,0.873205,0.936603,6,25*4*8,64*16*2
525,3370.42,16870,1,0,0.873126,0.936563,6,25*4*8,64*16*2
526,3370.64,16871,1,0,0.873068,0.936534,6,25*4*8,64*16*2
527,3371.22,16871,1,0,0.872918,0.936459,6,25*4*8,64*16*2
528,3371.26,16871,1,0,0.872907,0.936454,6,25*4*8,64*16*2
529,3371.34,16870,1,0,0.872887,0.936444,6,25*4*8,64*16*2
530,3371.43,16871,1,0,0.872863,0.936432,6,25*4*8,64*16*2
531,3371.64,16871,1,0,0.872809,0.936404,6,25*4*8,64*16*2
532,3371.75,16871,1,0,0.87278,0.93639,6,25*4*8,64*16*2
533,3371.82,16870,1,0,0.872764,0.936382,6,25*4*8,64*16*2
534,3371.88,16871,1,0,0.872749,0.936374,6,25*4*8,64*16*2
535,3372.09,16871,1,0,0.872694,0.936347,6,25*4*8,64*16*2
536,3372.28,16871,1,0,0.872644,0.936322,6,25*4*8,64*16*2
537,3372.39,16870,1,0,0.872615,0.936308,6,25*4*8,64*16*2
538,3372.42,16871,1,0,0.872608,0.936304,6,25*4*8,64*16*2
539,3372.55,16871,1,0,0.872574,0.936287,6,25*4*8,64*16*2
540,3372.8,16871,1,0,0.872511,0.936255,6,25*4*8,64*16*2
541,3372.82,16870,1,0,0.872505,0.936253,6,25*4*8,64*16*2
542,3373.01,16871,1,0,0.872456,0.936228,6,25*4*8,64*16*2
543,3373.02,16871,1,0,0.872453,0.936227,6,25*4*8,64*16*2
544,3374.2,16871,1,0,0.872147,0.936073,6,25*4*8,64*16*2
545,3374.66,16870,1,0,0.872029,0.936015,6,25*4*8,64*16*2
546,3374.78,16871,1,0,0.871997,0.935999,6,25*4*8,64*16*2
547,3375.01,16871,1,0,0.871937,0.935969,6,25*4*8,64*16*2
548,3376.59,16871,1,0,0.871531,0.935765,6,25*4*8,64*16*2
549,3377.48,16870,1,0,0.871301,0.935651,6,25*4*8,64*16*2
550,3377.48,16871,1,0,0.871301,0.935651,6,25*4*8,64*16*2
551,3377.48,16871,1,0,0.871301,0.935651,6,25*4*8,64*16*2
552,3377.48,16871,1,0,0.871301,0.935651,6,25*4*8,64*16*2
553,3377.48,16870,1,0,0.871301,0.935651,6,25*4*8,64*16*2
554,3377.48,16871,1,0,0.871301,0.935651,6,25*4*8,64*16*2
555,3377.48,16871,1,0,0.871301,0.935651,6,25*4*8,64*16*2
556,3377.48,16871,1,0,0.871301,0.935651,6,25*4*8,64*16*2
557,3377.48,16870,1,0,0.871301,0.935651,6,25*4*8,64*16*2
558,3377.48,16871,1,0,0.871301,0.935651,6,25*4*8,64*16*2
559,3377.48,16871,1,0,0.871301,0.935651,6,25*4*8,64*16*2
560,3377.48,16871,1,0,0.871301,0.935651,6,25*4*8,64*16*2
561,3377.48,16870,1,0,0.871301,0.935651,6,25*4*8,64*16*2
562,3377.48,16871,1,0,0.871301,0.935651,6,25*4*8,64*16*2
563,3377.48,16871,1,0,0.871301,0.935651,6,25*4*8,64*16*2
564,3377.48,16871,1,0,0.871301,0.935651,6,25*4*8,64*16*2
565,3377.48,16870,1,0,0.871301,0.935651,6,25*4*8,64*16*2
566,3377.48,16871,1,0,0.871301,0.935651,6,25*4*8,64*16*2
567,3377.48,16871,1,0,0.871301,0.935651,6,25*4*8,64*16*2
568,3377.48,16871,1,0,0.871301,0.935651,6,25*4*8,64*16*2
569,3377.48,16870,1,0,0.871301,0.935651,6,25*4*8,64*16*2
570,3377.48,16871,1,0,0.871301,0.935651,6,25*4*8,64*16*2
571,3377.48,16871,1,0,0.871301,0.935651,6,25*4*8,64*16*2
572,3377.48,16871,1,0,0.871301,0.935651,6,25*4*8,64*16*2
573,3377.48,16870,1,0,0.871301,0.935651,6,25*4*8,64*16*2
574,3377.48,16871,1,0,0.871301,0.935651,6,25*4*8,64*16*2
575,3377.48,16871,1,0,0.871301,0.935651,6,25*4*8,64*16*2
576,3377.48,16871,1,0,0.871301,0.935651,6,25*4*8,64*16*2
577,3377.48,16870,1,0,0.871301,0.935651,6,25*4*8,64*16*2
578,3377.48,16871,1,0,0.871301,0.935651,6,25*4*8,64*16*2
579,3377.48,16871,1,0,0.871301,0.935651,6,25*4*8,64*16*2
580,3377.48,16871,1,0,0.871301,0.935651,6,25*4*8,64*16*2
581,3377.48,16870,1,0,0.871301,0.935651,6,25*4*8,64*16*2
582,3377.48,16871,1,0,0.871301,0.935651,6,25*4*8,64*16*2
583,3377.48,16871,1,0,0.871301,0.935651,6,25*4*8,64*16*2
584,3377.48,16871,1,0,0.871301,0.935651,6,25*4*8,64*16*2
585,3377.48,16870,1,0,0.871301,0.935651,6,25*4*8,64*16*2
586,3377.48,16871,1,0,0.871301,0.935651,6,25*4*8,64*16*2
587,3377.48,16871,1,0,0.871301,0.935651,6,25*4*8,64*16*2
588,3377.48,16871,1,0,0.871301,0.935651,6,25*4*8,64*16*2
589,3377.48,16870,1,0,0.871301,0.935651,6,25*4*8,64*16*2
590,3377.48,16871,1,0,0.871301,0.935651,6,25*4*8,64*16*2
591,3377.48,16871,1,0,0.871301,0.935651,6,25*4*8,64*16*2
592,3377.48,16871,1,0,0.871301,0.935651,6,25*4*8,64*16*2
593,3377.48,16870,1,0,0.871301,0.935651,6,25*4*8,64*16*2
594,3377.48,16871,1,0,0.871301,0.935651,6,25*4*8,64*16*2
595,3377.48,16871,1,0,0.871301,0.935651,6,25*4*8,64*16*2
596,3377.48,16871,1,0,0.871301,0.935651,6,25*4*8,64*16*2
597,3377.48,16870,1,0,0.871301,0.935651,6,25*4*8,64*16*2
598,3377.48,16871,1,0,0.871301,0.935651,6,25*4*8,64*16*2
599,3378,16871,1,0,0.871166,0.935583,6,25*4*8,64*16*2
600,3377.99,16871,1,0,0.87117,0.935585,6,25*4*8,64*16*2
601,3377.85,16870,1,0,0.871204,0.935602,6,25*4*8,64*16*2
602,3377.81,16871,1,0,0.871217,0.935608,6,25*4*8,64*16*2
603,3377.55,16871,1,0,0.871283,0.935641,6,25*4*8,64*16*2
604,3377.42,16871,1,0,0.871315,0.935658,6,25*4*8,64*16*2
605,3376.9,16870,1,0,0.87145,0.935725,6,25*4*8,64*16*2
606,3376.25,16871,1,0,0.871617,0.935808,6,25*4*8,64*16*2
607,3375.73,16871,1,0,0.871753,0.935876,6,25*4*8,64*16*2
608,3374.79,16871,1,0,0.871994,0.935997,6,25*4*8,64*16*2
609,3373.75,16870,1,0,0.872263,0.936131,6,25*4*8,64*16*2
610,3372.62,16871,1,0,0.872555,0.936278,6,25*4*8,64*16*2
611,3371.96,16871,1,0,0.872726,0.936363,6,25*4*8,64*16*2
612,3370.15,16871,1,0,0.873195,0.936597,6,25*4*8,64*16*2
613,3370,16870,1,0,0.873235,0.936617,6,25*4*8,64*16*2
614,3368.71,16871,1,0,0.873569,0.936785,6,25*4*8,64*16*2
615,3368.65,16871,1,0,0.873584,0.936792,6,25*4*8,64*16*2
616,3368.27,16871,1,0,0.873682,0.936841,6,25*4*8,64*16*2
617,3368.16,16870,1,0,0.873713,0.936856,6,25*4*8,64*16*2
618,3367.91,16871,1,0,0.873776,0.936888,6,25*4*8,64*16*2
619,3367.28,16871,1,0,0.873939,0.93697,6,25*4*8,64*16*2
620,3366.71,16871,1,0,0.874087,0.937043,6,25*4*8,64*16*2
621,3366.19,16870,1,0,0.874223,0.937111,6,25*4*8,64*16*2
622,3365.61,16871,1,0,0.874374,0.937187,6,25*4*8,64*16*2
623,3364.99,16871,1,0,0.874535,0.937268,6,25*4*8,64*16*2
624,3364,16871,1,0,0.874793,0.937396,6,25*4*8,64*16*2
625,3363.65,16870,1,0,0.874884,0.937442,6,25*4*8,64*16*2
626,3362.65,16871,1,0,0.875142,0.937571,6,25*4*8,64*16*2
627,3360.34,16871,1,0,0.875744,0.937872,6,25*4*8,64*16*2
628,3359.96,16871,1,0,0.875845,0.937922,6,25*4*8,64*16*2
629,3359.64,16870,1,0,0.875926,0.937963,6,25*4*8,64*16*2
630,3358.7,16871,1,0,0.876172,0.938086,6,25*4*8,64*16*2
631,3357.28,16871,1,0,0.876543,0.938271,6,25*4*8,64*16*2
632,3356.47,16871,1,0,0.876755,0.938378,6,25*4*8,64*16*2
633,3352.6,16870,1,0,0.877766,0.938883,6,25*4*8,64*16*2
634,3351.33,16871,1,0,0.878099,0.93905,6,25*4*8,64*16*2
635,3346.66,16871,1,0,0.879324,0.939662,6,25*4*8,64*16*2
636,3343.18,16871,1,0,0.880239,0.940119,6,25*4*8,64*16*2
637,3335.86,16870,1,0,0.88217,0.941085,6,25*4*8,64*16*2
638,3322.72,16871,1,0,0.885659,0.942829,6,25*4*8,64*16*2
639,3322.15,16871,1,0,0.885813,0.942906,6,25*4*8,64*16*2
640,3321.79,16871,1,0,0.885907,0.942953,6,25*4*8,64*16*2
641,3321.5,16870,1,0,0.885985,0.942992,6,25*4*8,64*16*2
642,3319.43,16871,1,0,0.886537,0.943269,6,25*4*8,64*16*2
643,3319.13,16871,1,0,0.886618,0.943309,6,25*4*8,64*16*2
644,3316.1,16871,1,0,0.887427,0.943713,6,25*4*8,64*16*2
645,3313.29,16870,1,0,0.888181,0.944091,6,25*4*8,64*16*2
646,3313.29,16871,1,0,0.888182,0.944091,6,25*4*8,64*16*2
647,3309.73,16871,1,0,0.889135,0.944568,6,25*4*8,64*16*2
648,3308.66,16871,1,0,0.889423,0.944711,6,25*4*8,64*16*2
649,3308.54,16870,1,0,0.889456,0.944728,6,25*4*8,64*16*2
650,3307.04,16871,1,0,0.88986,0.94493,6,25*4*8,64*16*2
651,3306.31,16871,1,0,0.890054,0.945027,6,25*4*8,64*16*2
652,3301.09,16871,1,0,0.891464,0.945732,6,25*4*8,64*16*2
653,3295.94,16870,1,0,0.892857,0.946429,6,25*4*8,64*16*2
654,3295.47,16871,1,0,0.892982,0.946491,6,25*4*8,64*16*2
655,3294.72,16871,1,0,0.893188,0.946594,6,25*4*8,64*16*2
656,3288.11,16871,1,0,0.894982,0.947491,6,25*4*8,64*16*2
657,3282.94,16870,1,0,0.896391,0.948196,6,25*4*8,64*16*2
658,3282.54,16871,1,0,0.896501,0.94825,6,25*4*8,64*16*2
659,3277.44,16871,1,0,0.897896,0.948948,6,25*4*8,64*16*2
660,3276.31,16871,1,0,0.898206,0.949103,6,25*4*8,64*16*2
661,3273.06,16870,1,0,0.899098,0.949549,6,25*4*8,64*16*2
662,3272.97,16871,1,0,0.899122,0.949561,6,25*4*8,64*16*2
663,3272.18,16871,1,0,0.89934,0.94967,6,25*4*8,64*16*2
664,3270.71,16871,1,0,0.899742,0.949871,6,25*4*8,64*16*2
665,3270.03,16870,1,0,0.899931,0.949965,6,25*4*8,64*16*2
666,3268.2,16871,1,0,0.900436,0.950218,6,25*4*8,64*16*2
667,3258.99,16871,1,0,0.902978,0.951489,6,25*4*8,64*16*2
668,3256.51,16871,1,0,0.903668,0.951834,6,25*4*8,64*16*2
669,3255.07,16870,1,0,0.904066,0.952033,6,25*4*8,64*16*2
670,3254.46,16871,1,0,0.904236,0.952118,6,25*4*8,64*16*2
671,3250.55,16871,1,0,0.905324,0.952662,6,25*4*8,64*16*2
672,3247.81,16871,1,0,0.906087,0.953044,6,25*4*8,64*16*2
673,3242.56,16870,1,0,0.907554,0.953777,6,25*4*8,64*16*2
674,3235.94,16871,1,0,0.909411,0.954705,6,25*4*8,64*16*2
675,3233.27,16871,1,0,0.910161,0.955081,6,25*4*8,64*16*2
676,3232.28,16871,1,0,0.91044,0.95522,6,25*4*8,64*16*2
677,3231.83,16870,1,0,0.910567,0.955284,6,25*4*8,64*16*2
678,3231.72,16871,1,0,0.910599,0.955299,6,25*4*8,64*16*2
679,3228.69,16871,1,0,0.911453,0.955726,6,25*4*8,64*16*2
680,3228.58,16871,1,0,0.911483,0.955742,6,25*4*8,64*16*2
681,3224.11,16870,1,0,0.912748,0.956374,6,25*4*8,64*16*2
682,3224.06,16871,1,0,0.912762,0.956381,6,25*4*8,64*16*2
683,3222.14,16871,1,0,0.913305,0.956652,6,25*4*8,64*16*2
684,3221.85,16871,1,0,0.913389,0.956695,6,25*4*8,64*16*2
685,3220.31,16870,1,0,0.913824,0.956912,6,25*4*8,64*16*2
686,3213.35,16871,1,0,0.915804,0.957902,6,25*4*8,64*16*2
687,3206.41,16871,1,0,0.917786,0.958893,6,25*4*8,64*16*2
688,3201.71,16871,1,0,0.919133,0.959566,6,25*4*8,64*16*2
689,3199.71,16870,1,0,0.919709,0.959855,6,25*4*8,64*16*2
690,3195.96,16871,1,0,0.920788,0.960394,6,25*4*8,64*16*2
691,3192.85,16871,1,0,0.921685,0.960843,6,25*4*8,64*16*2
692,3187.47,16871,1,0,0.923241,0.96162,6,25*4*8,64*16*2
693,3185.43,16870,1,0,0.923831,0.961916,6,25*4*8,64*16*2
694,3185.37,16871,1,0,0.923848,0.961924,6,25*4*8,64*16*2
695,3182.74,16871,1,0,0.924612,0.962306,6,25*4*8,64*16*2
696,3181.92,16871,1,0,0.92485,0.962425,6,25*4*8,64*16*2
697,3177.56,16870,1,0,0.926119,0.963059,6,25*4*8,64*16*2
698,3176.45,16871,1,0,0.926443,0.963221,6,25*4*8,64*16*2
699,3174.43,16871,1,0,0.927031,0.963516,6,25*4*8,64*16*2
700,3173.94,16871,1,0,0.927175,0.963587,6,25*4*8,64*16*2
701,3173.26,16870,1,0,0.927374,0.963687,6,25*4*8,64*16*2
702,3171.05,16871,1,0,0.928022,0.964011,6,25*4*8,64*16*2
703,3167.72,16871,1,0,0.928996,0.964498,6,25*4*8,64*16*2
704,3167.62,16871,1,0,0.929025,0.964512,6,25*4*8,64*16*2
705,3166.85,16870,1,0,0.929253,0.964626,6,25*4*8,64*16*2
706,3165.6,16871,1,0,0.92962,0.96481,6,25*4*8,64*16*2
707,3162.76,16871,1,0,0.930454,0.965227,6,25*4*8,64*16*2
708,3156.5,16871,1,0,0.932298,0.966149,6,25*4*8,64*16*2
709,3155.61,16870,1,0,0.932563,0.966281,6,25*4*8,64*16*2
710,3155.5,16871,1,0,0.932593,0.966296,6,25*4*8,64*16*2
711,3151.37,16871,1,0,0.933816,0.966908,6,25*4*8,64*16*2
712,3150.9,16871,1,0,0.933956,0.966978,6,25*4*8,64*16*2
713,3148.61,16870,1,0,0.934636,0.967318,6,25*4*8,64*16*2
714,3141.98,16871,1,0,0.936607,0.968303,6,25*4*8,64*16*2
715,3140.53,16871,1,0,0.937038,0.968519,6,25*4*8,64*16*2
716,3140.01,16871,1,0,0.937194,0.968597,6,25*4*8,64*16*2
717,3138.78,16870,1,0,0.937563,0.968782,6,25*4*8,64*16*2
718,3134.88,16871,1,0,0.938729,0.969364,6,25*4*8,64*16*2
719,3132.06,16871,1,0,0.939574,0.969787,6,25*4*8,64*16*2
720,3128.97,16871,1,0,0.940501,0.97025,6,25*4*8,64*16*2
721,3127.5,16870,1,0,0.940944,0.970472,6,25*4*8,64*16*2
722,3122.65,16871,1,0,0.942404,0.971202,6,25*4*8,64*16*2
723,3122.44,16871,1,0,0.942468,0.971234,6,25*4*8,64*16*2
724,3121.63,16871,1,0,0.942713,0.971356,6,25*4*8,64*16*2
725,3118.81,16870,1,0,0.943565,0.971782,6,25*4*8,64*16*2
726,3112.9,16871,1,0,0.945356,0.972678,6,25*4*8,64*16*2
727,3112.49,16871,1,0,0.945481,0.972741,6,25*4*8,64*16*2
728,3110.69,16871,1,0,0.946029,0.973015,6,25*4*8,64*16*2
729,3108.14,16870,1,0,0.946806,0.973403,6,25*4*8,64*16*2
730,3106.89,16871,1,0,0.947185,0.973592,6,25*4*8,64*16*2
731,3104.43,16871,1,0,0.947937,0.973968,6,25*4*8,64*16*2
732,3102.04,16871,1,0,0.948666,0.974333,6,25*4*8,64*16*2
733,3097.12,16870,1,0,0.950173,0.975087,6,25*4*8,64*16*2
734,3087.32,16871,1,0,0.953189,0.976594,6,25*4*8,64*16*2
735,3079.84,16871,1,0,0.955506,0.977753,6,25*4*8,64*16*2
736,3078.81,16871,1,0,0.955824,0.977912,6,25*4*8,64*16*2
737,3076.33,16870,1,0,0.956595,0.978297,6,25*4*8,64*16*2
738,3076.13,16871,1,0,0.956656,0.978328,6,25*4*8,64*16*2
739,3073.45,16871,1,0,0.95749,0.978745,6,25*4*8,64*16*2
740,3065.47,16871,1,0,0.959984,0.979992,6,25*4*8,64*16*2
741,3065.17,16870,1,0,0.960079,0.980039,6,25*4*8,64*16*2
742,3064.19,16871,1,0,0.960383,0.980192,6,25*4*8,64*16*2
743,3060.65,16871,1,0,0.961494,0.980747,6,25*4*8,64*16*2
744,3060.34,16871,1,0,0.961594,0.980797,6,25*4*8,64*16*2
745,3057.34,16870,1,0,0.962535,0.981268,6,25*4*8,64*16*2
746,3054.12,16871,1,0,0.96355,0.981775,6,25*4*8,64*16*2
747,3053.04,16871,1,0,0.963893,0.981946,6,25*4*8,64*16*2
748,3033.29,16871,1,0,0.970169,0.985084,6,25*4*8,64*16*2
749,3027.13,16870,1,0,0.972143,0.986071,6,25*4*8,64*16*2
750,3022.1,16871,1,0,0.97376,0.98688,6,25*4*8,64*16*2
751,3020.71,16871,1,0,0.974207,0.987104,6,25*4*8,64*16*2
752,3018.1,11782,0,0,0.675044,0.837522,5,25*4*7,64*16*1
753,3017.89,11782,1,0,0.67509,0.837545,5,25*4*7,64*16*1
754,3016.97,11782,1,0,0.675297,0.837648,5,25*4*7,64*16*1
755,3016.75,11782,1,0,0.675345,0.837673,5,25*4*7,64*16*1
756,3011.55,11782,1,0,0.676512,0.838256,5,25*4*7,64*16*1
757,3008.84,11782,1,0,0.677121,0.838561,5,25*4*7,64*16*1
758,3007.16,11782,1,0,0.677501,0.83875,5,25*4*7,64*16*1
759,3006.49,11782,1,0,0.677652,0.838826,5,25*4*7,64*16*1
760,2999.66,11782,1,0,0.679195,0.839597,5,25*4*7,64*16*1
761,2998.43,11782,1,0,0.679471,0.839736,5,25*4*7,64*16*1
762,2996.97,11782,1,0,0.679803,0.839902,5,25*4*7,64*16*1
763,2993.18,11783,1,0,0.680663,0.840331,5,25*4*7,64*16*1
764,2990.49,11782,1,0,0.681276,0.840638,5,25*4*7,64*16*1
765,2987.98,11782,1,0,0.681848,0.840924,5,25*4*7,64*16*1
766,2983.1,11782,1,0,0.682964,0.841482,5,25*4*7,64*16*1
767,2982.65,11782,1,0,0.683068,0.841534,5,25*4*7,64*16*1
768,2980.27,11782,1,0,0.683613,0.841807,5,25*4*7,64*16*1
769,2979.1,11782,1,0,0.683881,0.84194,5,25*4*7,64*16*1
770,2955.47,11782,1,0,0.689348,0.844674,5,25*4*7,64*16*1
771,2951.31,11782,1,0,0.690321,0.845161,5,25*4*7,64*16*1
772,2945.46,11782,1,0,0.691691,0.845845,5,25*4*7,64*16*1
773,2941.32,11782,1,0,0.692666,0.846333,5,25*4*7,64*16*1
774,2940.86,11782,1,0,0.692773,0.846387,5,25*4*7,64*16*1
775,2938.25,11783,1,0,0.693389,0.846695,5,25*4*7,64*16*1
776,2937.31,11782,1,0,0.693612,0.846806,5,25*4*7,64*16*1
777,2931.56,11782,1,0,0.694972,0.847486,5,25*4*7,64*16*1
778,2928.07,11782,1,0,0.695799,0.847899,5,25*4*7,64*16*1
779,2926.34,11782,1,0,0.696212,0.848106,5,25*4*7,64*16*1
780,2924.39,11782,1,0,0.696676,0.848338,5,25*4*7,64*16*1
781,2914.73,11782,1,0,0.698985,0.849492,5,25*4*7,64*16*1
782,2913.32,11782,1,0,0.699323,0.849661,5,25*4*7,64*16*1
783,2906.8,11782,1,0,0.700891,0.850446,5,25*4*7,64*16*1
784,2905.93,11782,1,0,0.7011,0.85055,5,25*4*7,64*16*1
785,2903.93,11782,1,0,0.701584,0.850792,5,25*4*7,64*16*1
786,2903.31,11782,1,0,0.701734,0.850867,5,25*4*7,64*16*1
787,2900.26,11782,1,0,0.702473,0.851236,5,25*4*7,64*16*1
788,2896.42,11782,1,0,0.703403,0.851701,5,25*4*7,64*16*1
789,2890.46,11782,1,0,0.704853,0.852427,5,25*4*7,64*16*1
790,2888.34,11783,1,0,0.70537,0.852685,5,25*4*7,64*16*1
791,2882.44,11782,1,0,0.706814,0.853407,5,25*4*7,64*16*1
792,2879.77,11782,1,0,0.707471,0.853735,5,25*4*7,64*16*1
793,2878.6,11782,1,0,0.707757,0.853878,5,25*4*7,64*16*1
794,2877.99,11782,1,0,0.707908,0.853954,5,25*4*7,64*16*1
795,2877.05,11782,1,0,0.708139,0.854069,5,25*4*7,64*16*1
796,2873.59,11782,1,0,0.70899,0.854495,5,25*4*7,64*16*1
797,2872.91,11782,1,0,0.709159,0.85458,5,25*4*7,64*16*1
798,2868.55,11782,1,0,0.710238,0.855119,5,25*4*7,64*16*1
799,2866.74,11782,1,0,0.710687,0.855343,5,25*4*7,64*16*1
800,2865.72,11782,1,0,0.71094,0.85547,5,25*4*7,64*16*1
801,2859.62,11782,1,0,0.712455,0.856228,5,25*4*7,64*16*1
802,2857.61,11782,1,0,0.712955,0.856477,5,25*4*7,64*16*1
803,2855.55,11783,1,0,0.713471,0.856735,5,25*4*7,64*16*1
804,2854.93,11782,1,0,0.713624,0.856812,5,25*4*7,64*16*1
805,2854.56,11782,1,0,0.713717,0.856858,5,25*4*7,64*16*1
806,2853.42,11782,1,0,0.714004,0.857002,5,25*4*7,64*16*1
807,2848.41,11782,1,0,0.715258,0.857629,5,25*4*7,64*16*1
808,2845.96,11782,1,0,0.715874,0.857937,5,25*4*7,64*16*1
809,2845.66,11782,1,0,0.715951,0.857975,5,25*4*7,64*16*1
810,2843.43,11782,1,0,0.716512,0.858256,5,25*4*7,64*16*1
811,2832.73,11782,1,0,0.719217,0.859608,5,25*4*7,64*16*1
812,2830.96,11782,1,0,0.719668,0.859834,5,25*4*7,64*16*1
813,2830.83,11782,1,0,0.719701,0.859851,5,25*4*7,64*16*1
814,2828.97,11782,1,0,0.720175,0.860087,5,25*4*7,64*16*1
815,2824.94,11782,1,0,0.721201,0.8606,5,25*4*7,64*16*1
816,2822.33,11782,1,0,0.721869,0.860935,5,25*4*7,64*16*1
817,2817.94,11782,1,0,0.722993,0.861496,5,25*4*7,64*16*1
818,2815.57,11782,1,0,0.723602,0.861801,5,25*4*7,64*16*1
819,2814.53,11782,1,0,0.723868,0.861934,5,25*4*7,64*16*1
820,2814.44,11782,1,0,0.723892,0.861946,5,25*4*7,64*16*1
821,2812.03,11783,1,0,0.724511,0.862256,5,25*4*7,64*16*1
822,2809.11,11782,1,0,0.725264,0.862632,5,25*4*7,64*16*1
823,2802.13,11782,1,0,0.727072,0.863536,5,25*4*7,64*16*1
824,2801.94,11782,1,0,0.727122,0.863561,5,25*4*7,64*16*1
825,2801.36,11782,1,0,0.727272,0.863636,5,25*4*7,64*16*1
826,2800.08,11782,1,0,0.727603,0.863802,5,25*4*7,64*16*1
827,2797.83,11782,1,0,0.728189,0.864094,5,25*4*7,64*16*1
828,2796.76,11782,1,0,0.728469,0.864234,5,25*4*7,64*16*1
829,2796.63,11782,1,0,0.728502,0.864251,5,25*4*7,64*16*1
830,2796.22,11782,1,0,0.728609,0.864304,5,25*4*7,64*16*1
831,2792.25,11782,1,0,0.729644,0.864822,5,25*4*7,64*16*1
832,2791.66,11782,1,0,0.729799,0.8649,5,25*4*7,64*16*1
833,2791.35,11783,1,0,0.729879,0.86494,5,25*4*7,64*16*1
834,2789.91,11782,1,0,0.730257,0.865128,5,25*4*7,64*16*1
835,2786.8,11782,1,0,0.731073,0.865536,5,25*4*7,64*16*1
836,2786.43,11782,1,0,0.731168,0.865584,5,25*4*7,64*16*1
837,2771.17,11782,1,0,0.735196,0.867598,5,25*4*7,64*16*1
838,2768.88,11782,1,0,0.735804,0.867902,5,25*4*7,64*16*1
839,2767.74,11782,1,0,0.736107,0.868053,5,25*4*7,64*16*1
840,2765.32,11782,1,0,0.736751,0.868375,5,25*4*7,64*16*1
841,2765.13,11782,1,0,0.736802,0.868401,5,25*4*7,64*16*1
842,2764.29,11782,1,0,0.737025,0.868513,5,25*4*7,64*16*1
843,2763.5,11782,1,0,0.737236,0.868618,5,25*4*7,64*16*1
844,2763.1,11782,1,0,0.737342,0.868671,5,25*4*7,64*16*1
845,2759.07,11782,1,0,0.73842,0.86921,5,25*4*7,64*16*1
846,2758.86,11782,1,0,0.738474,0.869237,5,25*4*7,64*16*1
847,2757.28,11782,1,0,0.738899,0.86945,5,25*4*7,64*16*1
848,2756.7,11783,1,0,0.739053,0.869526,5,25*4*7,64*16*1
849,2754.93,11782,1,0,0.73953,0.869765,5,25*4*7,64*16*1
850,2754.79,11782,1,0,0.739567,0.869783,5,25*4*7,64*16*1
851,2750.56,11782,1,0,0.740703,0.870352,5,25*4*7,64*16*1
852,2749.18,11782,1,0,0.741076,0.870538,5,25*4*7,64*16*1
853,2745.24,11782,1,0,0.742138,0.871069,5,25*4*7,64*16*1
854,2745,11782,1,0,0.742205,0.871102,5,25*4*7,64*16*1
855,2740.54,11782,1,0,0.743412,0.871706,5,25*4*7,64*16*1
856,2737.38,11782,1,0,0.74427,0.872135,5,25*4*7,64*16*1
857,2736.01,11782,1,0,0.744642,0.872321,5,25*4*7,64*16*1
858,2734.91,11782,1,0,0.744943,0.872472,5,25*4*7,64*16*1
859,2733.61,11782,1,0,0.745297,0.872649,5,25*4*7,64*16*1
860,2733.28,11782,1,0,0.745387,0.872694,5,25*4*7,64*16*1
861,2731.82,11783,1,0,0.745786,0.872893,5,25*4*7,64*16*1
862,2731.38,11782,1,0,0.745906,0.872953,5,25*4*7,64*16*1
863,2731.3,11782,1,0,0.745927,0.872963,5,25*4*7,64*16*1
864,2726.2,11782,1,0,0.747324,0.873662,5,25*4*7,64*16*1
865,2723.57,11782,1,0,0.748045,0.874023,5,25*4*7,64*16*1
866,2718.78,11782,1,0,0.749363,0.874682,5,25*4*7,64*16*1
867,2718.1,11782,1,0,0.749549,0.874775,5,25*4*7,64*16*1
868,2716.76,11782,1,0,0.74992,0.87496,5,25*4*7,64*16*1
869,2716.38,11782,1,0,0.750025,0.875013,5,25*4*7,64*16*1
870,2713.51,11782,1,0,0.750817,0.875408,5,25*4*7,64*16*1
871,2708.72,11782,1,0,0.752144,0.876072,5,25*4*7,64*16*1
872,2708.44,11782,1,0,0.752222,0.876111,5,25*4*7,64*16*1
873,2708.44,11782,1,0,0.752223,0.876111,5,25*4*7,64*16*1
874,2707.25,11782,1,0,0.752552,0.876276,5,25*4*7,64*16*1
875,2707.12,11782,1,0,0.752589,0.876294,5,25*4*7,64*16*1
876,2705.79,11782,1,0,0.752958,0.876479,5,25*4*7,64*16*1
877,2705.56,11782,1,0,0.753023,0.876512,5,25*4*7,64*16*1
878,2702.05,11782,1,0,0.754,0.877,5,25*4*7,64*16*1
879,2702.01,11783,1,0,0.754011,0.877006,5,25*4*7,64*16*1
880,2700.61,11782,1,0,0.754402,0.877201,5,25*4*7,64*16*1
881,2697.56,11782,1,0,0.755257,0.877628,5,25*4*7,64*16*1
882,2696.04,11782,1,0,0.755683,0.877841,5,25*4*7,64*16*1
883,2691.55,11782,1,0,0.756942,0.878471,5,25*4*7,64*16*1
884,2691.39,11782,1,0,0.756988,0.878494,5,25*4*7,64*16*1
885,2689.98,11782,1,0,0.757385,0.878692,5,25*4*7,64*16*1
886,2689.96,11782,1,0,0.75739,0.878695,5,25*4*7,64*16*1
887,2689.04,11782,1,0,0.757648,0.878824,5,25*4*7,64*16*1
888,2688.95,11782,1,0,0.757675,0.878838,5,25*4*7,64*16*1
889,2688.28,11782,1,0,0.757865,0.878933,5,25*4*7,64*16*1
890,2687.13,11782,1,0,0.758187,0.879094,5,25*4*7,64*16*1
891,2684.1,11783,1,0,0.759045,0.879523,5,25*4*7,64*16*1
892,2684.08,11782,1,0,0.759049,0.879525,5,25*4*7,64*16*1
893,2678.91,11782,1,0,0.760514,0.880257,5,25*4*7,64*16*1
894,2676.11,11782,1,0,0.761311,0.880655,5,25*4*7,64*16*1
895,2675.97,11782,1,0,0.761351,0.880676,5,25*4*7,64*16*1
896,2674.33,11782,1,0,0.761818,0.880909,5,25*4*7,64*16*1
897,2673.75,11782,1,0,0.761981,0.880991,5,25*4*7,64*16*1
898,2660.23,11782,1,0,0.765855,0.882928,5,25*4*7,64*16*1
899,2652.49,11782,1,0,0.76809,0.884045,5,25*4*7,64*16*1
900,2651.15,11782,1,0,0.768479,0.884239,5,25*4*7,64*16*1
901,2649.07,11782,1,0,0.769082,0.884541,5,25*4*7,64*16*1
902,2645.04,11782,1,0,0.770254,0.885127,5,25*4*7,64*16*1
903,2644.46,11782,1,0,0.770422,0.885211,5,25*4*7,64*16*1
904,2644.01,11782,1,0,0.770554,0.885277,5,25*4*7,64*16*1
905,2642.36,11782,1,0,0.771035,0.885517,5,25*4*7,64*16*1
906,2641.65,11783,1,0,0.771242,0.885621,5,25*4*7,64*16*1
907,2641.07,10829,0,0,0.699981,0.849991,4,25*4*6,64*16*1
908,2641.07,10830,1,0,0.699981,0.849991,4,25*4*6,64*16*1
909,2640.81,10829,1,0,0.700051,0.850026,4,25*4*6,64*16*1
910,2640.77,10830,1,0,0.70006,0.85003,4,25*4*6,64*16*1
911,2638.66,10830,1,0,0.70062,0.85031,4,25*4*6,64*16*1
912,2636.65,10829,1,0,0.701155,0.850578,4,25*4*6,64*16*1
913,2629.6,10830,1,0,0.703034,0.851517,4,25*4*6,64*16*1
914,2627.25,10830,1,0,0.703664,0.851832,4,25*4*6,64*16*1
915,2625.37,10829,1,0,0.704167,0.852083,4,25*4*6,64*16*1
916,2624.65,10830,1,0,0.704361,0.85218,4,25*4*6,64*16*1
917,2620.53,10829,1,0,0.705468,0.852734,4,25*4*6,64*16*1
918,2617.16,10830,1,0,0.706376,0.853188,4,25*4*6,64*16*1
919,2617.01,10830,1,0,0.706417,0.853208,4,25*4*6,64*16*1
920,2612.26,10829,1,0,0.707701,0.85385,4,25*4*6,64*16*1
921,2610.12,10830,1,0,0.708283,0.854141,4,25*4*6,64*16*1
922,2608.78,10829,1,0,0.708647,0.854323,4,25*4*6,64*16*1
923,2607.36,10830,1,0,0.70903,0.854515,4,25*4*6,64*16*1
924,2600.97,10830,1,0,0.710772,0.855386,4,25*4*6,64*16*1
925,2599.7,10829,1,0,0.711122,0.855561,4,25*4*6,64*16*1
926,2598.75,10830,1,0,0.71138,0.85569,4,25*4*6,64*16*1
927,2597.46,10829,1,0,0.711735,0.855867,4,25*4*6,64*16*1
928,2595.85,10830,1,0,0.712174,0.856087,4,25*4*6,64*16*1
929,2595.79,10830,1,0,0.712191,0.856096,4,25*4*6,64*16*1
930,2595.07,10829,1,0,0.712389,0.856194,4,25*4*6,64*16*1
931,2593.08,10830,1,0,0.712935,0.856467,4,25*4*6,64*16*1
932,2592.85,10830,1,0,0.713,0.8565,4,25*4*6,64*16*1
933,2592.73,10829,1,0,0.713031,0.856516,4,25*4*6,64*16*1
934,2590.18,10830,1,0,0.713733,0.856866,4,25*4*6,64*16*1
935,2589.23,10830,1,0,0.713995,0.856997,4,25*4*6,64*16*1
936,2588.89,10829,1,0,0.714089,0.857044,4,25*4*6,64*16*1
937,2588.46,10829,1,0,0.714209,0.857105,4,25*4*6,64*16*1
938,2587.7,10830,1,0,0.71442,0.85721,4,25*4*6,64*16*1
939,2586.56,10830,1,0,0.714732,0.857366,4,25*4*6,64*16*1
940,2585.36,10829,1,0,0.715066,0.857533,4,25*4*6,64*16*1
941,2585.19,10830,1,0,0.715111,0.857556,4,25*4*6,64*16*1
942,2582.66,10829,1,0,0.715812,0.857906,4,25*4*6,64*16*1
943,2582.46,10830,1,0,0.715868,0.857934,4,25*4*6,64*16*1
944,2582.1,10829,1,0,0.715968,0.857984,4,25*4*6,64*16*1
945,2580.97,10830,1,0,0.71628,0.85814,4,25*4*6,64*16*1
946,2578.27,10830,1,0,0.71703,0.858515,4,25*4*6,64*16*1
947,2575,10829,1,0,0.717941,0.85897,4,25*4*6,64*16*1
948,2571.35,10830,1,0,0.71896,0.85948,4,25*4*6,64*16*1
949,2571.16,10829,1,0,0.719015,0.859508,4,25*4*6,64*16*1
950,2571.12,10830,1,0,0.719025,0.859512,4,25*4*6,64*16*1
951,2570.22,10830,1,0,0.719278,0.859639,4,25*4*6,64*16*1
952,2568.1,10829,1,0,0.719871,0.859935,4,25*4*6,64*16*1
953,2567.24,10830,1,0,0.720113,0.860057,4,25*4*6,64*16*1
954,2566.79,10829,1,0,0.720239,0.860119,4,25*4*6,64*16*1
955,2565.09,10830,1,0,0.720715,0.860357,4,25*4*6,64*16*1
956,2564.77,10830,1,0,0.720806,0.860403,4,25*4*6,64*16*1
957,2564.62,10829,1,0,0.720849,0.860424,4,25*4*6,64*16*1
958,2564.19,10830,1,0,0.720967,0.860484,4,25*4*6,64*16*1
959,2564.18,10830,1,0,0.72097,0.860485,4,25*4*6,64*16*1
960,2563.61,10829,1,0,0.721132,0.860566,4,25*4*6,64*16*1
961,2563.26,10830,1,0,0.72123,0.860615,4,25*4*6,64*16*1
962,2563.05,10830,1,0,0.721289,0.860645,4,25*4*6,64*16*1
963,2562.83,10829,1,0,0.721352,0.860676,4,25*4*6,64*16*1
964,2561.79,10829,1,0,0.721644,0.860822,4,25*4*6,64*16*1
965,2560.8,10830,1,0,0.721923,0.860961,4,25*4*6,64*16*1
966,2560.68,10830,1,0,0.721956,0.860978,4,25*4*6,64*16*1
967,2560.38,10829,1,0,0.722041,0.861021,4,25*4*6,64*16*1
968,2560.36,10830,1,0,0.722046,0.861023,4,25*4*6,64*16*1
969,2559.8,10829,1,0,0.722205,0.861103,4,25*4*6,64*16*1
970,2558,10830,1,0,0.722714,0.861357,4,25*4*6,64*16*1
971,2556.55,10829,1,0,0.723123,0.861561,4,25*4*6,64*16*1
972,2556.54,10830,1,0,0.723127,0.861563,4,25*4*6,64*16*1
973,2555.44,10830,1,0,0.723436,0.861718,4,25*4*6,64*16*1
974,2555.05,10829,1,0,0.723547,0.861774,4,25*4*6,64*16*1
975,2554.19,10830,1,0,0.723792,0.861896,4,25*4*6,64*16*1
976,2552.69,10829,1,0,0.724216,0.862108,4,25*4*6,64*16*1
977,2552.59,10830,1,0,0.724245,0.862123,4,25*4*6,64*16*1
978,2551.67,10830,1,0,0.724507,0.862254,4,25*4*6,64*16*1
979,2549.24,10829,1,0,0.725198,0.862599,4,25*4*6,64*16*1
980,2547.07,10830,1,0,0.725816,0.862908,4,25*4*6,64*16*1
981,2546.19,10829,1,0,0.726065,0.863032,4,25*4*6,64*16*1
982,2545.8,10830,1,0,0.726176,0.863088,4,25*4*6,64*16*1
983,2545.8,10830,1,0,0.726178,0.863089,4,25*4*6,64*16*1
984,2545.76,10829,1,0,0.726188,0.863094,4,25*4*6,64*16*1
985,2544.39,10830,1,0,0.726578,0.863289,4,25*4*6,64*16*1
986,2543.97,10830,1,0,0.7267,0.86335,4,25*4*6,64*16*1
987,2543.83,10829,1,0,0.726739,0.86337,4,25*4*6,64*16*1
988,2543.66,10830,1,0,0.726787,0.863393,4,25*4*6,64*16*1
989,2543.33,10830,1,0,0.726883,0.863441,4,25*4*6,64*16*1
990,2543.23,10829,1,0,0.726909,0.863455,4,25*4*6,64*16*1
991,2543.09,10829,1,0,0.726951,0.863475,4,25*4*6,64*16*1
992,2543.08,10830,1,0,0.726952,0.863476,4,25*4*6,64*16*1
993,2542.45,10830,1,0,0.727132,0.863566,4,25*4*6,64*16*1
994,2541.39,10829,1,0,0.727436,0.863718,4,25*4*6,64*16*1
995,2540.83,10830,1,0,0.727596,0.863798,4,25*4*6,64*16*1
996,2540.3,10829,1,0,0.72775,0.863875,4,25*4*6,64*16*1
997,2540.15,10830,1,0,0.727792,0.863896,4,25*4*6,64*16*1
998,2539.83,10829,1,0,0.727884,0.863942,4,25*4*6,64*16*1
999,2538.33,10830,1,0,0.728312,0.864156,4,25*4*6,64*16*1
1000,2537.46,10830,1,0,0.728564,0.864282,4,25*4*6,64*16*1
1001,2535.74,10829,1,0,0.729059,0.864529,4,25*4*6,64*16*1
1002,2535,10830,1,0,0.72927,0.864635,4,25*4*6,64*16*1
1003,2533.98,10829,1,0,0.729563,0.864781,4,25*4*6,64*16*1
1004,2533.02,10830,1,0,0.729839,0.86492,4,25*4*6,64*16*1
1005,2531.3,10830,1,0,0.730338,0.865169,4,25*4*6,64*16*1
1006,2531.2,10829,1,0,0.730364,0.865182,4,25*4*6,64*16*1
1007,2530.83,10830,1,0,0.730472,0.865236,4,25*4*6,64*16*1
1008,2530.1,10829,1,0,0.730683,0.865341,4,25*4*6,64*16*1
1009,2529.99,10830,1,0,0.730716,0.865358,4,25*4*6,64*16*1
1010,2529.64,10830,1,0,0.730816,0.865408,4,25*4*6,64*16*1
1011,2529.58,10829,1,0,0.730832,0.865416,4,25*4*6,64*16*1
1012,2528.99,10830,1,0,0.731002,0.865501,4,25*4*6,64*16*1
1013,2528.68,10830,1,0,0.731093,0.865547,4,25*4*6,64*16*1
1014,2528.66,10829,1,0,0.731099,0.865549,4,25*4*6,64*16*1
1015,2528.46,10830,1,0,0.731156,0.865578,4,25*4*6,64*16*1
1016,2528.42,10830,1,0,0.731169,0.865584,4,25*4*6,64*16*1
1017,2527.43,10829,1,0,0.731456,0.865728,4,25*4*6,64*16*1
1018,2527.05,10829,1,0,0.731563,0.865782,4,25*4*6,64*16*1
1019,2526.51,10830,1,0,0.731721,0.865861,4,25*4*6,64*16*1
1020,2526.22,10830,1,0,0.731806,0.865903,4,25*4*6,64*16*1
1021,2526.08,10829,1,0,0.731845,0.865922,4,25*4*6,64*16*1
1022,2525.25,10830,1,0,0.732085,0.866042,4,25*4*6,64*16*1
1023,2525.11,10829,1,0,0.732128,0.866064,4,25*4*6,64*16*1
1024,2524.61,10830,1,0,0.732272,0.866136,4,25*4*6,64*16*1
1025,2524.59,10829,1,0,0.732278,0.866139,4,25*4*6,64*16*1
1026,2523.76,10830,1,0,0.732519,0.86626,4,25*4*6,64*16*1
1027,2523.59,10830,1,0,0.732567,0.866283,4,25*4*6,64*16*1
1028,2523.55,10829,1,0,0.732579,0.866289,4,25*4*6,64*16*1
1029,2523.12,10830,1,0,0.732704,0.866352,4,25*4*6,64*16*1
1030,2523.09,10829,1,0,0.732712,0.866356,4,25*4*6,64*16*1
1031,2522.85,10830,1,0,0.732783,0.866391,4,25*4*6,64*16*1
1032,2522.55,10830,1,0,0.732871,0.866435,4,25*4*6,64*16*1
1033,2522.39,10829,1,0,0.732915,0.866457,4,25*4*6,64*16*1
1034,2522.34,10830,1,0,0.732929,0.866465,4,25*4*6,64*16*1
1035,2522.25,10829,1,0,0.732956,0.866478,4,25*4*6,64*16*1
1036,2522.16,10830,1,0,0.732983,0.866492,4,25*4*6,64*16*1
1037,2522.15,10830,1,0,0.732987,0.866493,4,25*4*6,64*16*1
1038,2521.47,10829,1,0,0.733182,0.866591,4,25*4*6,64*16*1
1039,2521.4,10830,1,0,0.733203,0.866602,4,25*4*6,64*16*1
1040,2521.1,10830,1,0,0.733291,0.866645,4,25*4*6,64*16*1
1041,2521.06,10829,1,0,0.733304,0.866652,4,25*4*6,64*16*1
1042,2520.74,10830,1,0,0.733396,0.866698,4,25*4*6,64*16*1
1043,2520.27,10830,1,0,0.733532,0.866766,4,25*4*6,64*16*1
1044,2520.22,10829,1,0,0.733547,0.866774,4,25*4*6,64*16*1
1045,2520.16,10829,1,0,0.733563,0.866782,4,25*4*6,64*16*1
1046,2519.87,10830,1,0,0.73365,0.866825,4,25*4*6,64*16*1
1047,2519.72,10830,1,0,0.733692,0.866846,4,25*4*6,64*16*1
1048,2519.69,10829,1,0,0.733701,0.86685,4,25*4*6,64*16*1
1049,2519.68,10830,1,0,0.733705,0.866852,4,25*4*6,64*16*1
1050,2519.44,10829,1,0,0.733775,0.866887,4,25*4*6,64*16*1
1051,2519.22,10830,1,0,0.733837,0.866918,4,25*4*6,64*16*1
1052,2519.17,10829,1,0,0.733852,0.866926,4,25*4*6,64*16*1
1053,2519.16,10830,1,0,0.733855,0.866928,4,25*4*6,64*16*1
1054,2519.16,10830,1,0,0.733856,0.866928,4,25*4*6,64*16*1
1055,2518.9,10829,1,0,0.733932,0.866966,4,25*4*6,64*16*1
1056,2518.83,10830,1,0,0.733952,0.866976,4,25*4*6,64*16*1
1057,2518.78,10829,1,0,0.733967,0.866983,4,25*4*6,64*16*1
1058,2518.74,10830,1,0,0.733979,0.86699,4,25*4*6,64*16*1
1059,2518.72,10830,1,0,0.733985,0.866993,4,25*4*6,64*16*1
1060,2518.4,10829,1,0,0.734077,0.867038,4,25*4*6,64*16*1
1061,2518.27,10830,1,0,0.734114,0.867057,4,25*4*6,64*16*1
1062,2518.2,10829,1,0,0.734136,0.867068,4,25*4*6,64*16*1
1063,2517.93,10830,1,0,0.734216,0.867108,4,25*4*6,64*16*1
1064,2517.9,10830,1,0,0.734223,0.867111,4,25*4*6,64*16*1
1065,2517.61,10829,1,0,0.734307,0.867153,4,25*4*6,64*16*1
1066,2517.61,10830,1,0,0.734307,0.867153,4,25*4*6,64*16*1
1067,2517.55,10830,1,0,0.734326,0.867163,4,25*4*6,64*16*1
1068,2517.51,10829,1,0,0.734337,0.867168,4,25*4*6,64*16*1
1069,2517.24,10830,1,0,0.734415,0.867207,4,25*4*6,64*16*1
1070,2517.19,10830,1,0,0.734431,0.867215,4,25*4*6,64*16*1
1071,2517.07,10829,1,0,0.734467,0.867233,4,25*4*6,64*16*1
1072,2516.92,10829,1,0,0.73451,0.867255,4,25*4*6,64*16*1
1073,2516.89,10830,1,0,0.734518,0.867259,4,25*4*6,64*16*1
1074,2516.58,10830,1,0,0.734607,0.867304,4,25*4*6,64*16*1
1075,2516.36,10829,1,0,0.734673,0.867336,4,25*4*6,64*16*1
1076,2515.78,10830,1,0,0.734842,0.867421,4,25*4*6,64*16*1
1077,2515.74,10829,1,0,0.734855,0.867427,4,25*4*6,64*16*1
1078,2515.66,10830,1,0,0.734877,0.867439,4,25*4*6,64*16*1
1079,2515.57,10829,1,0,0.734904,0.867452,4,25*4*6,64*16*1
1080,2515.36,10830,1,0,0.734966,0.867483,4,25*4*6,64*16*1
1081,2515.25,10830,1,0,0.734998,0.867499,4,25*4*6,64*16*1
1082,2515.18,10829,1,0,0.735016,0.867508,4,25*4*6,64*16*1
1083,2515.12,10830,1,0,0.735033,0.867517,4,25*4*6,64*16*1
1084,2514.91,10829,1,0,0.735095,0.867548,4,25*4*6,64*16*1
1085,2514.72,10830,1,0,0.735151,0.867576,4,25*4*6,64*16*1
1086,2514.61,10830,1,0,0.735184,0.867592,4,25*4*6,64*16*1
1087,2514.58,10829,1,0,0.735193,0.867596,4,25*4*6,64*16*1
1088,2514.45,10830,1,0,0.735231,0.867615,4,25*4*6,64*16*1
1089,2514.2,10829,1,0,0.735302,0.867651,4,25*4*6,64*16*1
1090,2514.18,10830,1,0,0.735308,0.867654,4,25*4*6,64*16*1
1091,2513.99,10830,1,0,0.735363,0.867682,4,25*4*6,64*16*1
1092,2513.98,10829,1,0,0.735367,0.867683,4,25*4*6,64*16*1
1093,2512.8,10830,1,0,0.735714,0.867857,4,25*4*6,64*16*1
1094,2512.34,10830,1,0,0.735847,0.867924,4,25*4*6,64*16*1
1095,2512.22,10829,1,0,0.735884,0.867942,4,25*4*6,64*16*1
1096,2511.99,10830,1,0,0.735952,0.867976,4,25*4*6,64*16*1
1097,2510.41,10830,1,0,0.736413,0.868206,4,25*4*6,64*16*1
1098,2509.52,10829,1,0,0.736674,0.868337,4,25*4*6,64*16*1
