1,2509,2827,0,0,0.360881,0.68044,1,25*4*1,64*16*1
2,2509,2828,1,0,0.360881,0.68044,1,25*4*1,64*16*1
3,2509,2827,1,0,0.360881,0.68044,1,25*4*1,64*16*1
4,2509,2828,1,0,0.360881,0.68044,1,25*4*1,64*16*1
5,2509,2827,1,0,0.360881,0.68044,1,25*4*1,64*16*1
6,2509,2828,1,0,0.360881,0.68044,1,25*4*1,64*16*1
7,2509,2827,1,0,0.360881,0.68044,1,25*4*1,64*16*1
8,2509,2828,1,0,0.360881,0.68044,1,25*4*1,64*16*1
9,2509,2827,1,0,0.360881,0.68044,1,25*4*1,64*16*1
10,2509,2828,1,0,0.360881,0.68044,1,25*4*1,64*16*1
11,2509,2827,1,0,0.360881,0.68044,1,25*4*1,64*16*1
12,2509,2828,1,0,0.360881,0.68044,1,25*4*1,64*16*1
13,2509,2827,1,0,0.360881,0.68044,1,25*4*1,64*16*1
14,2509,2828,1,0,0.360881,0.68044,1,25*4*1,64*16*1
15,2509,2828,1,0,0.360881,0.68044,1,25*4*1,64*16*1
16,2509,2827,1,0,0.360881,0.68044,1,25*4*1,64*16*1
17,2509,2828,1,0,0.360881,0.68044,1,25*4*1,64*16*1
18,2509,2827,1,0,0.360881,0.68044,1,25*4*1,64*16*1
19,2509,2828,1,0,0.360881,0.68044,1,25*4*1,64*16*1
20,2509,2827,1,0,0.360881,0.68044,1,25*4*1,64*16*1
21,2509,2828,1,0,0.360881,0.68044,1,25*4*1,64*16*1
22,2509,2827,1,0,0.360881,0.68044,1,25*4*1,64*16*1
23,2509,2828,1,0,0.360881,0.68044,1,25*4*1,64*16*1
24,2509,2827,1,0,0.360881,0.68044,1,25*4*1,64*16*1
25,2509,2828,1,0,0.360881,0.68044,1,25*4*1,64*16*1
26,2509,2827,1,0,0.360881,0.68044,1,25*4*1,64*16*1
27,2509,2828,1,0,0.360881,0.68044,1,25*4*1,64*16*1
28,2509,2827,1,0,0.360881,0.68044,1,25*4*1,64*16*1
29,2509,2828,1,0,0.360881,0.68044,1,25*4*1,64*16*1
30,2509,2828,1,0,0.360881,0.68044,1,25*4*1,64*16*1
31,2509,2827,1,0,0.360881,0.68044,1,25*4*1,64*16*1
32,2509,2828,1,0,0.360881,0.68044,1,25*4*1,64*16*1
33,2509,2827,1,0,0.360881,0.68044,1,25*4*1,64*16*1
34,2509,2828,1,0,0.360881,0.68044,1,25*4*1,64*16*1
35,2509,2827,1,0,0.360881,0.68044,1,25*4*1,64*16*1
36,2509,2828,1,0,0.360881,0.68044,1,25*4*1,64*16*1
37,2509,2827,1,0,0.360881,0.68044,1,25*4*1,64*16*1
38,2509,2828,1,0,0.360881,0.68044,1,25*4*1,64*16*1
39,2509,2827,1,0,0.360881,0.68044,1,25*4*1,64*16*1
40,2509,2828,1,0,0.360881,0.68044,1,25*4*1,64*16*1
41,2509,2827,1,0,0.360881,0.68044,1,25*4*1,64*16*1
42,2509,2828,1,0,0.360881,0.68044,1,25*4*1,64*16*1
43,2509,2827,1,0,0.360881,0.68044,1,25*4*1,64*16*1
44,2509,2828,1,0,0.360881,0.68044,1,25*4*1,64*16*1
45,2509,2827,1,0,0.360881,0.68044,1,25*4*1,64*16*1
46,2509,2828,1,0,0.360881,0.68044,1,25*4*1,64*16*1
47,2509,2827,1,0,0.360881,0.68044,1,25*4*1,64*16*1
48,2509,2828,1,0,0.360881,0.68044,1,25*4*1,64*16*1
49,2509,2828,1,0,0.360881,0.68044,1,25*4*1,64*16*1
50,2509,2827,1,0,0.360881,0.68044,1,25*4*1,64*16*1
51,2509.01,2828,1,0,0.360879,0.680439,1,25*4*1,64*16*1
52,2509.15,2827,1,0,0.36086,0.68043,1,25*4*1,64*16*1
53,2509.19,2828,1,0,0.360853,0.680426,1,25*4*1,64*16*1
54,2509.45,2827,1,0,0.360816,0.680408,1,25*4*1,64*16*1
55,2509.58,2828,1,0,0.360798,0.680399,1,25*4*1,64*16*1
56,2510.1,2827,1,0,0.360723,0.680361,1,25*4*1,64*16*1
57,2510.75,2828,1,0,0.36063,0.680315,1,25*4*1,64*16*1
58,2511.27,2827,1,0,0.360554,0.680277,1,25*4*1,64*16*1
59,2512.21,2828,1,0,0.36042,0.68021,1,25*4*1,64*16*1
60,2513.25,2827,1,0,0.360271,0.680136,1,25*4*1,64*16*1
61,2514.38,2828,1,0,0.360109,0.680055,1,25*4*1,64*16*1
62,2515.04,2827,1,0,0.360015,0.680007,1,25*4*1,64*16*1
63,2516.85,2828,1,0,0.359756,0.679878,1,25*4*1,64*16*1
64,2517,2828,1,0,0.359734,0.679867,1,25*4*1,64*16*1
65,2518.29,2827,1,0,0.359549,0.679775,1,25*4*1,64*16*1
66,2518.35,2828,1,0,0.359541,0.679771,1,25*4*1,64*16*1
67,2518.73,2827,1,0,0.359487,0.679744,1,25*4*1,64*16*1
68,2518.84,2828,1,0,0.35947,0.679735,1,25*4*1,64*16*1
69,2519.09,2827,1,0,0.359436,0.679718,1,25*4*1,64*16*1
70,2519.72,2828,1,0,0.359346,0.679673,1,25*4*1,64*16*1
71,2520.29,2827,1,0,0.359265,0.679632,1,25*4*1,64*16*1
72,2520.81,2828,1,0,0.35919,0.679595,1,25*4*1,64*16*1
73,2521.39,2827,1,0,0.359107,0.679553,1,25*4*1,64*16*1
74,2522.01,2828,1,0,0.359019,0.679509,1,25*4*1,64*16*1
75,2523,2827,1,0,0.358878,0.679439,1,25*4*1,64*16*1
76,2523.35,2828,1,0,0.358828,0.679414,1,25*4*1,64*16*1
77,2524.35,2827,1,0,0.358687,0.679343,1,25*4*1,64*16*1
78,2526.66,2828,1,0,0.358359,0.679179,1,25*4*1,64*16*1
79,2527.04,2828,1,0,0.358304,0.679152,1,25*4*1,64*16*1
80,2527.36,2827,1,0,0.35826,0.67913,1,25*4*1,64*16*1
81,2528.3,2828,1,0,0.358126,0.679063,1,25*4*1,64*16*1
82,2529.72,2827,1,0,0.357925,0.678963,1,25*4*1,64*16*1
83,2530.53,2828,1,0,0.35781,0.678905,1,25*4*1,64*16*1
84,2534.4,2827,1,0,0.357264,0.678632,1,25*4*1,64*16*1
85,2535.67,2828,1,0,0.357085,0.678543,1,25*4*1,64*16*1
86,2540.34,2827,1,0,0.356429,0.678214,1,25*4*1,64*16*1
87,2543.82,2828,1,0,0.355942,0.677971,1,25*4*1,64*16*1
88,2551.14,2827,1,0,0.35492,0.67746,1,25*4*1,64*16*1
89,2564.28,2828,1,0,0.353102,0.676551,1,25*4*1,64*16*1
90,2564.85,2827,1,0,0.353022,0.676511,1,25*4*1,64*16*1
91,2565.21,2828,1,0,0.352974,0.676487,1,25*4*1,64*16*1
92,2565.5,2827,1,0,0.352933,0.676467,1,25*4*1,64*16*1
93,2567.57,2828,1,0,0.352649,0.676324,1,25*4*1,64*16*1
94,2567.87,2827,1,0,0.352608,0.676304,1,25*4*1,64*16*1
95,2570.9,2828,1,0,0.352192,0.676096,1,25*4*1,64*16*1
96,2573.71,2827,1,0,0.351807,0.675904,1,25*4*1,64*16*1
97,2573.71,2828,1,0,0.351807,0.675903,1,25*4*1,64*16*1
98,2577.27,2828,1,0,0.351322,0.675661,1,25*4*1,64*16*1
99,2578.34,2827,1,0,0.351176,0.675588,1,25*4*1,64*16*1
100,2578.46,2828,1,0,0.351159,0.67558,1,25*4*1,64*16*1
101,2579.96,2827,1,0,0.350955,0.675477,1,25*4*1,64*16*1
102,2580.69,2828,1,0,0.350856,0.675428,1,25*4*1,64*16*1
103,2585.91,2827,1,0,0.350147,0.675073,1,25*4*1,64*16*1
104,2591.06,2828,1,0,0.349451,0.674725,1,25*4*1,64*16*1
105,2591.53,2827,1,0,0.349389,0.674694,1,25*4*1,64*16*1
106,2592.28,2828,1,0,0.349287,0.674643,1,25*4*1,64*16*1
107,2598.89,2827,1,0,0.348399,0.674199,1,25*4*1,64*16*1
108,2604.06,2828,1,0,0.347707,0.673854,1,25*4*1,64*16*1
109,2604.46,2827,1,0,0.347654,0.673827,1,25*4*1,64*16*1
110,2609.56,2828,1,0,0.346974,0.673487,1,25*4*1,64*16*1
111,2610.69,2827,1,0,0.346824,0.673412,1,25*4*1,64*16*1
112,2613.94,2828,1,0,0.346393,0.673196,1,25*4*1,64*16*1
113,2614.03,2828,1,0,0.346381,0.673191,1,25*4*1,64*16*1
114,2614.82,2827,1,0,0.346276,0.673138,1,25*4*1,64*16*1
115,2616.29,2828,1,0,0.346082,0.673041,1,25*4*1,64*16*1
116,2616.97,2827,1,0,0.345992,0.672996,1,25*4*1,64*16*1
117,2618.8,2828,1,0,0.345749,0.672875,1,25*4*1,64*16*1
118,2628.01,2827,1,0,0.344539,0.672269,1,25*4*1,64*16*1
119,2630.49,2828,1,0,0.344213,0.672107,1,25*4*1,64*16*1
120,2631.93,2827,1,0,0.344025,0.672013,1,25*4*1,64*16*1
121,2632.54,2828,1,0,0.343945,0.671973,1,25*4*1,64*16*1
122,2636.45,2827,1,0,0.343435,0.671718,1,25*4*1,64*16*1
123,2639.19,2828,1,0,0.343079,0.671539,1,25*4*1,64*16*1
124,2644.44,2827,1,0,0.342398,0.671199,1,25*4*1,64*16*1
125,2651.06,2828,1,0,0.341543,0.670771,1,25*4*1,64*16*1
126,2653.73,2827,1,0,0.341199,0.6706,1,25*4*1,64*16*1
127,2654.72,2828,1,0,0.341072,0.670536,1,25*4*1,64*16*1
128,2655.17,2828,1,0,0.341014,0.670507,1,25*4*1,64*16*1
129,2655.28,2827,1,0,0.341,0.6705,1,25*4*1,64*16*1
130,2658.31,2828,1,0,0.340611,0.670306,1,25*4*1,64*16*1
131,2658.42,2827,1,0,0.340597,0.670299,1,25*4*1,64*16*1
132,2662.89,2828,1,0,0.340025,0.670013,1,25*4*1,64*16*1
133,2662.94,2827,1,0,0.340019,0.67001,1,25*4*1,64*16*1
134,2664.86,2828,1,0,0.339775,0.669887,1,25*4*1,64*16*1
135,2665.15,2827,1,0,0.339737,0.669868,1,25*4*1,64*16*1
136,2666.69,2828,1,0,0.339541,0.669771,1,25*4*1,64*16*1
137,2673.65,2827,1,0,0.338657,0.669329,1,25*4*1,64*16*1
138,2680.59,2828,1,0,0.33778,0.66889,1,25*4*1,64*16*1
139,2685.29,2827,1,0,0.337189,0.668595,1,25*4*1,64*16*1
140,2687.29,2828,1,0,0.336937,0.668469,1,25*4*1,64*16*1
141,2691.04,2827,1,0,0.336468,0.668234,1,25*4*1,64*16*1
142,2694.15,2828,1,0,0.33608,0.66804,1,25*4*1,64*16*1
143,2699.53,2827,1,0,0.33541,0.667705,1,25*4*1,64*16*1
144,2701.57,2828,1,0,0.335157,0.667579,1,25*4*1,64*16*1
145,2701.63,2827,1,0,0.33515,0.667575,1,25*4*1,64*16*1
146,2704.26,2828,1,0,0.334823,0.667412,1,25*4*1,64*16*1
147,2705.08,2828,1,0,0.334722,0.667361,1,25*4*1,64*16*1
148,2709.44,2827,1,0,0.334184,0.667092,1,25*4*1,64*16*1
149,2710.55,2828,1,0,0.334047,0.667023,1,25*4*1,64*16*1
150,2712.57,2827,1,0,0.333798,0.666899,1,25*4*1,64*16*1
151,2713.06,2828,1,0,0.333738,0.666869,1,25*4*1,64*16*1
152,2713.74,2827,1,0,0.333654,0.666827,1,25*4*1,64*16*1
153,2715.95,2828,1,0,0.333382,0.666691,1,25*4*1,64*16*1
154,2719.28,2827,1,0,0.332974,0.666487,1,25*4*1,64*16*1
155,2719.38,2828,1,0,0.332962,0.666481,1,25*4*1,64*16*1
156,2720.15,2827,1,0,0.332867,0.666434,1,25*4*1,64*16*1
157,2721.4,2828,1,0,0.332714,0.666357,1,25*4*1,64*16*1
158,2724.24,2827,1,0,0.332368,0.666184,1,25*4*1,64*16*1
159,2730.5,2828,1,0,0.331606,0.665803,1,25*4*1,64*16*1
160,2731.39,2827,1,0,0.331497,0.665749,1,25*4*1,64*16*1
161,2731.5,2828,1,0,0.331485,0.665742,1,25*4*1,64*16*1
162,2735.63,2828,1,0,0.330984,0.665492,1,25*4*1,64*16*1
163,2736.1,2827,1,0,0.330927,0.665464,1,25*4*1,64*16*1
164,2738.39,2828,1,0,0.33065,0.665325,1,25*4*1,64*16*1
165,2745.02,2827,1,0,0.329852,0.664926,1,25*4*1,64*16*1
166,2746.47,2828,1,0,0.329678,0.664839,1,25*4*1,64*16*1
167,2746.99,2827,1,0,0.329616,0.664808,1,25*4*1,64*16*1
168,2748.22,2828,1,0,0.329467,0.664734,1,25*4*1,64*16*1
169,2752.12,2827,1,0,0.329001,0.6645,1,25*4*1,64*16*1
170,2754.94,2828,1,0,0.328664,0.664332,1,25*4*1,64*16*1
171,2758.03,2827,1,0,0.328296,0.664148,1,25*4*1,64*16*1
172,2759.5,2828,1,0,0.328121,0.66406,1,25*4*1,64*16*1
173,2764.35,2827,1,0,0.327546,0.663773,1,25*4*1,64*16*1
174,2764.56,2828,1,0,0.32752,0.66376,1,25*4*1,64*16*1
175,2765.37,2827,1,0,0.327425,0.663712,1,25*4*1,64*16*1
176,2768.19,2828,1,0,0.327091,0.663546,1,25*4*1,64*16*1
177,2774.1,2828,1,0,0.326394,0.663197,1,25*4*1,64*16*1
178,2774.51,2827,1,0,0.326346,0.663173,1,25*4*1,64*16*1
179,2776.31,2828,1,0,0.326134,0.663067,1,25*4*1,64*16*1
180,2778.86,2827,1,0,0.325834,0.662917,1,25*4*1,64*16*1
181,2780.11,2828,1,0,0.325689,0.662844,1,25*4*1,64*16*1
182,2782.57,2827,1,0,0.3254,0.6627,1,25*4*1,64*16*1
183,2784.96,2828,1,0,0.325121,0.662561,1,25*4*1,64*16*1
184,2789.88,2827,1,0,0.324548,0.662274,1,25*4*1,64*16*1
185,2799.68,2828,1,0,0.323412,0.661706,1,25*4*1,64*16*1
186,2807.16,2827,1,0,0.32255,0.661275,1,25*4*1,64*16*1
187,2808.19,2828,1,0,0.322432,0.661216,1,25*4*1,64*16*1
188,2810.67,2827,1,0,0.322147,0.661074,1,25*4*1,64*16*1
189,2810.87,2828,1,0,0.322125,0.661062,1,25*4*1,64*16*1
190,2813.55,2827,1,0,0.321818,0.660909,1,25*4*1,64*16*1
191,2821.53,2828,1,0,0.320907,0.660454,1,25*4*1,64*16*1
192,2821.83,2827,1,0,0.320873,0.660436,1,25*4*1,64*16*1
193,2822.81,2828,1,0,0.320762,0.660381,1,25*4*1,64*16*1
194,2826.35,2827,1,0,0.320361,0.66018,1,25*4*1,64*16*1
195,2826.66,2828,1,0,0.320324,0.660162,1,25*4*1,64*16*1
196,2829.66,2828,1,0,0.319986,0.659993,1,25*4*1,64*16*1
197,2832.88,2827,1,0,0.319622,0.659811,1,25*4*1,64*16*1
198,2833.96,2828,1,0,0.3195,0.65975,1,25*4*1,64*16*1
199,2853.71,2827,1,0,0.317288,0.658644,1,25*4*1,64*16*1
200,2859.87,2828,1,0,0.316605,0.658303,1,25*4*1,64*16*1
201,2864.9,2827,1,0,0.31605,0.658025,1,25*4*1,64*16*1
202,2866.29,2828,1,0,0.315896,0.657948,1,25*4*1,64*16*1
203,2868.9,2827,1,0,0.315609,0.657804,1,25*4*1,64*16*1
204,2869.11,2828,1,0,0.315586,0.657793,1,25*4*1,64*16*1
205,2870.03,2827,1,0,0.315484,0.657742,1,25*4*1,64*16*1
206,2870.25,2828,1,0,0.315461,0.65773,1,25*4*1,64*16*1
207,2875.45,2827,1,0,0.31489,0.657445,1,25*4*1,64*16*1
208,2878.16,2828,1,0,0.314593,0.657297,1,25*4*1,64*16*1
209,2879.84,2827,1,0,0.314409,0.657205,1,25*4*1,64*16*1
210,2880.51,2828,1,0,0.314336,0.657168,1,25*4*1,64*16*1
211,2887.34,2828,1,0,0.313593,0.656796,1,25*4*1,64*16*1
212,2888.57,2827,1,0,0.31346,0.65673,1,25*4*1,64*16*1
213,2890.03,2828,1,0,0.313301,0.656651,1,25*4*1,64*16*1
214,2893.82,2827,1,0,0.312891,0.656446,1,25*4*1,64*16*1
215,2896.51,2828,1,0,0.3126,0.6563,1,25*4*1,64*16*1
216,2899.02,2827,1,0,0.31233,0.656165,1,25*4*1,64*16*1
217,2903.9,2828,1,0,0.311805,0.655902,1,25*4*1,64*16*1
218,2904.35,2827,1,0,0.311756,0.655878,1,25*4*1,64*16*1
219,2906.73,2828,1,0,0.311501,0.65575,1,25*4*1,64*16*1
220,2907.9,2827,1,0,0.311376,0.655688,1,25*4*1,64*16*1
221,2931.53,2828,1,0,0.308866,0.654433,1,25*4*1,64*16*1
222,2935.69,2827,1,0,0.308428,0.654214,1,25*4*1,64*16*1
223,2941.54,2828,1,0,0.307815,0.653908,1,25*4*1,64*16*1
224,2945.68,2827,1,0,0.307382,0.653691,1,25*4*1,64*16*1
225,2946.14,2828,1,0,0.307334,0.653667,1,25*4*1,64*16*1
226,2948.75,2828,1,0,0.307062,0.653531,1,25*4*1,64*16*1
227,2949.69,2827,1,0,0.306964,0.653482,1,25*4*1,64*16*1
228,2955.44,2828,1,0,0.306367,0.653184,1,25*4*1,64*16*1
229,2958.93,2827,1,0,0.306006,0.653003,1,25*4*1,64*16*1
230,2960.66,2828,1,0,0.305827,0.652913,1,25*4*1,64*16*1
231,2962.61,2827,1,0,0.305625,0.652813,1,25*4*1,64*16*1
232,2972.27,2828,1,0,0.304632,0.652316,1,25*4*1,64*16*1
233,2973.68,2827,1,0,0.304488,0.652244,1,25*4*1,64*16*1
234,2980.2,2828,1,0,0.303822,0.651911,1,25*4*1,64*16*1
235,2981.07,2827,1,0,0.303734,0.651867,1,25*4*1,64*16*1
236,2983.07,2828,1,0,0.303529,0.651765,1,25*4*1,64*16*1
237,2983.69,2827,1,0,0.303466,0.651733,1,25*4*1,64*16*1
238,2986.74,2828,1,0,0.303156,0.651578,1,25*4*1,64*16*1
239,2990.58,2827,1,0,0.302767,0.651384,1,25*4*1,64*16*1
240,2996.54,2828,1,0,0.302165,0.651083,1,25*4*1,64*16*1
241,2998.66,2827,1,0,0.301952,0.650976,1,25*4*1,64*16*1
242,3004.56,2828,1,0,0.301359,0.650679,1,25*4*1,64*16*1
243,3007.23,2827,1,0,0.301091,0.650545,1,25*4*1,64*16*1
244,3008.4,2828,1,0,0.300974,0.650487,1,25*4*1,64*16*1
245,3009.01,2828,1,0,0.300913,0.650456,1,25*4*1,64*16*1
246,3009.95,2827,1,0,0.300819,0.650409,1,25*4*1,64*16*1
247,3013.41,2828,1,0,0.300474,0.650237,1,25*4*1,64*16*1
248,3014.09,2827,1,0,0.300406,0.650203,1,25*4*1,64*16*1
249,3018.45,2828,1,0,0.299971,0.649986,1,25*4*1,64*16*1
250,3020.26,2827,1,0,0.299792,0.649896,1,25*4*1,64*16*1
251,3021.28,2828,1,0,0.29969,0.649845,1,25*4*1,64*16*1
252,3027.38,2827,1,0,0.299087,0.649543,1,25*4*1,64*16*1
253,3029.39,2828,1,0,0.298889,0.649444,1,25*4*1,64*16*1
254,3031.45,2827,1,0,0.298685,0.649343,1,25*4*1,64*16*1
255,3032.07,2828,1,0,0.298625,0.649312,1,25*4*1,64*16*1
256,3032.44,2827,1,0,0.298588,0.649294,1,25*4*1,64*16*1
257,3033.58,2828,1,0,0.298475,0.649238,1,25*4*1,64*16*1
258,3038.59,2827,1,0,0.297984,0.648992,1,25*4*1,64*16*1
259,3041.04,2828,1,0,0.297744,0.648872,1,25*4*1,64*16*1
260,3041.34,2828,1,0,0.297714,0.648857,1,25*4*1,64*16*1
261,3043.57,2827,1,0,0.297496,0.648748,1,25*4*1,64*16*1
262,3054.27,2828,1,0,0.296454,0.648227,1,25*4*1,64*16*1
263,3056.04,2827,1,0,0.296282,0.648141,1,25*4*1,64*16*1
264,3056.17,2828,1,0,0.296269,0.648135,1,25*4*1,64*16*1
265,3058.03,2827,1,0,0.296089,0.648045,1,25*4*1,64*16*1
266,3062.06,2828,1,0,0.2957,0.64785,1,25*4*1,64*16*1
267,3064.67,2827,1,0,0.295447,0.647724,1,25*4*1,64*16*1
268,3069.06,2828,1,0,0.295025,0.647513,1,25*4*1,64*16*1
269,3071.43,2827,1,0,0.294797,0.647399,1,25*4*1,64*16*1
270,3072.47,2828,1,0,0.294698,0.647349,1,25*4*1,64*16*1
271,3072.56,2827,1,0,0.294689,0.647344,1,25*4*1,64*16*1
272,3074.97,2828,1,0,0.294459,0.647229,1,25*4*1,64*16*1
273,3077.89,2827,1,0,0.294179,0.64709,1,25*4*1,64*16*1
274,3084.87,2828,1,0,0.293513,0.646757,1,25*4*1,64*16*1
275,3085.06,2828,1,0,0.293495,0.646747,1,25*4*1,64*16*1
276,3085.64,2827,1,0,0.29344,0.64672,1,25*4*1,64*16*1
277,3086.92,2828,1,0,0.293319,0.646659,1,25*4*1,64*16*1
278,3089.17,2827,1,0,0.293105,0.646552,1,25*4*1,64*16*1
279,3090.24,2828,1,0,0.293003,0.646501,1,25*4*1,64*16*1
280,3090.37,2827,1,0,0.292991,0.646495,1,25*4*1,64*16*1
281,3090.78,2828,1,0,0.292952,0.646476,1,25*4*1,64*16*1
282,3094.75,2827,1,0,0.292577,0.646288,1,25*4*1,64*16*1
283,3095.34,2828,1,0,0.29252,0.64626,1,25*4*1,64*16*1
284,3095.65,2827,1,0,0.292491,0.646246,1,25*4*1,64*16*1
285,3097.09,2828,1,0,0.292355,0.646178,1,25*4*1,64*16*1
286,3100.2,2827,1,0,0.292061,0.646031,1,25*4*1,64*16*1
287,3100.57,2828,1,0,0.292027,0.646014,1,25*4*1,64*16*1
288,3115.83,2827,1,0,0.290596,0.645298,1,25*4*1,64*16*1
289,3118.12,2828,1,0,0.290383,0.645192,1,25*4*1,64*16*1
290,3119.26,2827,1,0,0.290277,0.645138,1,25*4*1,64*16*1
291,3121.68,2828,1,0,0.290052,0.645026,1,25*4*1,64*16*1
292,3121.87,2827,1,0,0.290034,0.645017,1,25*4*1,64*16*1
293,3122.71,2828,1,0,0.289956,0.644978,1,25*4*1,64*16*1
294,3123.5,2828,1,0,0.289883,0.644941,1,25*4*1,64*16*1
295,3123.9,2827,1,0,0.289846,0.644923,1,25*4*1,64*16*1
296,3127.93,2828,1,0,0.289472,0.644736,1,25*4*1,64*16*1
297,3128.14,2827,1,0,0.289454,0.644727,1,25*4*1,64*16*1
298,3129.72,2828,1,0,0.289307,0.644653,1,25*4*1,64*16*1
299,3130.3,2827,1,0,0.289254,0.644627,1,25*4*1,64*16*1
300,3132.07,2828,1,0,0.28909,0.644545,1,25*4*1,64*16*1
301,3132.21,2827,1,0,0.289077,0.644538,1,25*4*1,64*16*1
302,3136.44,2828,1,0,0.288687,0.644344,1,25*4*1,64*16*1
303,3137.82,2827,1,0,0.28856,0.64428,1,25*4*1,64*16*1
304,3141.76,2828,1,0,0.288199,0.644099,1,25*4*1,64*16*1
305,3142,2827,1,0,0.288176,0.644088,1,25*4*1,64*16*1
306,3146.46,2828,1,0,0.287768,0.643884,1,25*4*1,64*16*1
307,3149.62,2827,1,0,0.287479,0.64374,1,25*4*1,64*16*1
308,3150.99,2828,1,0,0.287354,0.643677,1,25*4*1,64*16*1
309,3152.09,2828,1,0,0.287254,0.643627,1,25*4*1,64*16*1
310,3153.39,2827,1,0,0.287135,0.643568,1,25*4*1,64*16*1
311,3153.72,2828,1,0,0.287105,0.643553,1,25*4*1,64*16*1
312,3155.18,2827,1,0,0.286972,0.643486,1,25*4*1,64*16*1
313,3155.62,2828,1,0,0.286932,0.643466,1,25*4*1,64*16*1
314,3155.7,2827,1,0,0.286925,0.643463,1,25*4*1,64*16*1
315,3160.8,2828,1,0,0.286462,0.643231,1,25*4*1,64*16*1
316,3163.43,2827,1,0,0.286224,0.643112,1,25*4*1,64*16*1
317,3168.22,2828,1,0,0.285791,0.642895,1,25*4*1,64*16*1
318,3168.9,2827,1,0,0.28573,0.642865,1,25*4*1,64*16*1
319,3170.24,2828,1,0,0.285609,0.642804,1,25*4*1,64*16*1
320,3170.62,2827,1,0,0.285575,0.642787,1,25*4*1,64*16*1
321,3173.49,2828,1,0,0.285317,0.642658,1,25*4*1,64*16*1
322,3178.28,2827,1,0,0.284887,0.642444,1,25*4*1,64*16*1
323,3178.56,2828,1,0,0.284862,0.642431,1,25*4*1,64*16*1
324,3178.56,2828,1,0,0.284862,0.642431,1,25*4*1,64*16*1
325,3179.75,2827,1,0,0.284755,0.642378,1,25*4*1,64*16*1
326,3179.88,2828,1,0,0.284744,0.642372,1,25*4*1,64*16*1
327,3181.21,2827,1,0,0.284625,0.642312,1,25*4*1,64*16*1
328,3181.44,2828,1,0,0.284604,0.642302,1,25*4*1,64*16*1
329,3184.95,2827,1,0,0.284291,0.642145,1,25*4*1,64*16*1
330,3184.99,2828,1,0,0.284287,0.642144,1,25*4*1,64*16*1
331,3186.39,2827,1,0,0.284162,0.642081,1,25*4*1,64*16*1
332,3189.44,2828,1,0,0.28389,0.641945,1,25*4*1,64*16*1
333,3190.96,2827,1,0,0.283755,0.641877,1,25*4*1,64*16*1
334,3195.45,2828,1,0,0.283356,0.641678,1,25*4*1,64*16*1
335,3195.61,2827,1,0,0.283342,0.641671,1,25*4*1,64*16*1
336,3197.02,2828,1,0,0.283217,0.641608,1,25*4*1,64*16*1
337,3197.04,2827,1,0,0.283215,0.641608,1,25*4*1,64*16*1
338,3197.96,2828,1,0,0.283134,0.641567,1,25*4*1,64*16*1
339,3198.05,2827,1,0,0.283125,0.641563,1,25*4*1,64*16*1
340,3198.72,2828,1,0,0.283066,0.641533,1,25*4*1,64*16*1
341,3199.87,2827,1,0,0.282965,0.641482,1,25*4*1,64*16*1
342,3202.9,2828,1,0,0.282697,0.641348,1,25*4*1,64*16*1
343,3202.92,2828,1,0,0.282695,0.641348,1,25*4*1,64*16*1
344,3208.09,2827,1,0,0.28224,0.64112,1,25*4*1,64*16*1
345,3210.89,2828,1,0,0.281993,0.640997,1,25*4*1,64*16*1
346,3211.03,2827,1,0,0.281981,0.64099,1,25*4*1,64*16*1
347,3212.67,2828,1,0,0.281837,0.640919,1,25*4*1,64*16*1
348,3213.25,2827,1,0,0.281787,0.640893,1,25*4*1,64*16*1
349,3226.77,2828,1,0,0.280606,0.640303,1,25*4*1,64*16*1
350,3234.51,2827,1,0,0.279934,0.639967,1,25*4*1,64*16*1
351,3235.85,2828,1,0,0.279818,0.639909,1,25*4*1,64*16*1
352,3237.93,2827,1,0,0.279638,0.639819,1,25*4*1,64*16*1
353,3241.96,2828,1,0,0.279291,0.639645,1,25*4*1,64*16*1
354,3242.54,2827,1,0,0.279241,0.639621,1,25*4*1,64*16*1
355,3242.99,2828,1,0,0.279202,0.639601,1,25*4*1,64*16*1
356,3244.64,2827,1,0,0.27906,0.63953,1,25*4*1,64*16*1
357,3245.35,2828,1,0,0.278999,0.6395,1,25*4*1,64*16*1
358,3245.93,2828,1,0,0.278949,0.639475,1,25*4*1,64*16*1
359,3245.93,2827,1,0,0.278949,0.639475,1,25*4*1,64*16*1
360,3246.19,2828,1,0,0.278927,0.639463,1,25*4*1,64*16*1
361,3246.23,2827,1,0,0.278924,0.639462,1,25*4*1,64*16*1
362,3248.34,2828,1,0,0.278743,0.639371,1,25*4*1,64*16*1
363,3250.35,2827,1,0,0.27857,0.639285,1,25*4*1,64*16*1
364,3257.4,2828,1,0,0.277967,0.638984,1,25*4*1,64*16*1
365,3259.75,2827,1,0,0.277766,0.638883,1,25*4*1,64*16*1
366,3261.63,2828,1,0,0.277607,0.638803,1,25*4*1,64*16*1
367,3262.35,2827,1,0,0.277545,0.638773,1,25*4*1,64*16*1
368,3266.47,2828,1,0,0.277195,0.638598,1,25*4*1,64*16*1
369,3269.84,2827,1,0,0.27691,0.638455,1,25*4*1,64*16*1
370,3269.99,2828,1,0,0.276897,0.638448,1,25*4*1,64*16*1
371,3274.74,2827,1,0,0.276495,0.638248,1,25*4*1,64*16*1
372,3276.88,2828,1,0,0.276314,0.638157,1,25*4*1,64*16*1
373,3278.22,2828,1,0,0.276201,0.638101,1,25*4*1,64*16*1
374,3279.64,2827,1,0,0.276083,0.638041,1,25*4*1,64*16*1
375,3286.03,2828,1,0,0.275546,0.637773,1,25*4*1,64*16*1
376,3287.3,2827,1,0,0.275438,0.637719,1,25*4*1,64*16*1
377,3288.25,2828,1,0,0.275359,0.63768,1,25*4*1,64*16*1
378,3289.54,2827,1,0,0.275251,0.637625,1,25*4*1,64*16*1
379,3291.15,2828,1,0,0.275117,0.637558,1,25*4*1,64*16*1
380,3291.21,2827,1,0,0.275112,0.637556,1,25*4*1,64*16*1
381,3291.93,2828,1,0,0.275052,0.637526,1,25*4*1,64*16*1
382,3293.92,2827,1,0,0.274886,0.637443,1,25*4*1,64*16*1
383,3294.15,2828,1,0,0.274866,0.637433,1,25*4*1,64*16*1
384,3294.27,2827,1,0,0.274856,0.637428,1,25*4*1,64*16*1
385,3296.82,2828,1,0,0.274644,0.637322,1,25*4*1,64*16*1
386,3297.77,2827,1,0,0.274565,0.637282,1,25*4*1,64*16*1
387,3298.11,2828,1,0,0.274536,0.637268,1,25*4*1,64*16*1
388,3298.54,2827,1,0,0.2745,0.63725,1,25*4*1,64*16*1
389,3299.3,2828,1,0,0.274437,0.637218,1,25*4*1,64*16*1
390,3300.44,2827,1,0,0.274342,0.637171,1,25*4*1,64*16*1
391,3301.64,2828,1,0,0.274242,0.637121,1,25*4*1,64*16*1
392,3301.81,2828,1,0,0.274229,0.637114,1,25*4*1,64*16*1
393,3304.34,2827,1,0,0.274018,0.637009,1,25*4*1,64*16*1
394,3304.54,2828,1,0,0.274002,0.637001,1,25*4*1,64*16*1
395,3304.9,2827,1,0,0.273972,0.636986,1,25*4*1,64*16*1
396,3306.03,2828,1,0,0.273879,0.636939,1,25*4*1,64*16*1
397,3308.73,2827,1,0,0.273655,0.636828,1,25*4*1,64*16*1
398,3312,2828,1,0,0.273385,0.636692,1,25*4*1,64*16*1
399,3315.65,2827,1,0,0.273084,0.636542,1,25*4*1,64*16*1
400,3315.84,2828,1,0,0.273068,0.636534,1,25*4*1,64*16*1
401,3315.88,2827,1,0,0.273065,0.636532,1,25*4*1,64*16*1
402,3316.78,2828,1,0,0.27299,0.636495,1,25*4*1,64*16*1
403,3318.9,2827,1,0,0.272816,0.636408,1,25*4*1,64*16*1
404,3319.76,2828,1,0,0.272745,0.636373,1,25*4*1,64*16*1
405,3320.21,2827,1,0,0.272708,0.636354,1,25*4*1,64*16*1
406,3321.91,2828,1,0,0.272569,0.636285,1,25*4*1,64*16*1
407,3322.23,2828,1,0,0.272543,0.636271,1,25*4*1,64*16*1
408,3322.38,2827,1,0,0.27253,0.636265,1,25*4*1,64*16*1
409,3322.81,2828,1,0,0.272496,0.636248,1,25*4*1,64*16*1
410,3322.82,2827,1,0,0.272495,0.636247,1,25*4*1,64*16*1
411,3323.39,2828,1,0,0.272447,0.636224,1,25*4*1,64*16*1
412,3323.74,2827,1,0,0.272419,0.63621,1,25*4*1,64*16*1
413,3323.95,2828,1,0,0.272402,0.636201,1,25*4*1,64*16*1
414,3324.17,2827,1,0,0.272383,0.636192,1,25*4*1,64*16*1
415,3325.21,2828,1,0,0.272299,0.636149,1,25*4*1,64*16*1
416,3326.2,2827,1,0,0.272218,0.636109,1,25*4*1,64*16*1
417,3326.32,2828,1,0,0.272208,0.636104,1,25*4*1,64*16*1
418,3326.62,2827,1,0,0.272183,0.636092,1,25*4*1,64*16*1
419,3326.64,2828,1,0,0.272182,0.636091,1,25*4*1,64*16*1
420,3327.2,2827,1,0,0.272136,0.636068,1,25*4*1,64*16*1
421,3329,2828,1,0,0.271988,0.635994,1,25*4*1,64*16*1
422,3330.45,2828,1,0,0.27187,0.635935,1,25*4*1,64*16*1
423,3330.46,2827,1,0,0.271869,0.635935,1,25*4*1,64*16*1
424,3331.56,2828,1,0,0.27178,0.63589,1,25*4*1,64*16*1
425,3331.95,2827,1,0,0.271748,0.635874,1,25*4*1,64*16*1
426,3332.81,2828,1,0,0.271677,0.635839,1,25*4*1,64*16*1
427,3334.31,2827,1,0,0.271556,0.635778,1,25*4*1,64*16*1
428,3334.41,2828,1,0,0.271547,0.635774,1,25*4*1,64*16*1
429,3335.33,2827,1,0,0.271472,0.635736,1,25*4*1,64*16*1
430,3337.76,2828,1,0,0.271274,0.635637,1,25*4*1,64*16*1
431,3339.93,2827,1,0,0.271098,0.635549,1,25*4*1,64*16*1
432,3340.81,2828,1,0,0.271027,0.635514,1,25*4*1,64*16*1
433,3341.2,2827,1,0,0.270995,0.635498,1,25*4*1,64*16*1
434,3341.2,2828,1,0,0.270995,0.635498,1,25*4*1,64*16*1
435,3341.24,2827,1,0,0.270992,0.635496,1,25*4*1,64*16*1
436,3342.61,2828,1,0,0.270881,0.635441,1,25*4*1,64*16*1
437,3343.03,2827,1,0,0.270847,0.635423,1,25*4*1,64*16*1
438,3343.17,2828,1,0,0.270836,0.635418,1,25*4*1,64*16*1
439,3343.34,2827,1,0,0.270822,0.635411,1,25*4*1,64*16*1
440,3343.67,2828,1,0,0.270795,0.635397,1,25*4*1,64*16*1
441,3343.77,2828,1,0,0.270787,0.635394,1,25*4*1,64*16*1
442,3343.91,2827,1,0,0.270776,0.635388,1,25*4*1,64*16*1
443,3343.92,2828,1,0,0.270775,0.635388,1,25*4*1,64*16*1
444,3344.55,2827,1,0,0.270724,0.635362,1,25*4*1,64*16*1
445,3345.61,2828,1,0,0.270638,0.635319,1,25*4*1,64*16*1
446,3346.17,2827,1,0,0.270593,0.635297,1,25*4*1,64*16*1
447,3346.7,2828,1,0,0.27055,0.635275,1,25*4*1,64*16*1
448,3346.85,2827,1,0,0.270538,0.635269,1,25*4*1,64*16*1
449,3347.17,2828,1,0,0.270512,0.635256,1,25*4*1,64*16*1
450,3348.67,2827,1,0,0.270391,0.635196,1,25*4*1,64*16*1
451,3349.54,2828,1,0,0.270321,0.63516,1,25*4*1,64*16*1
452,3351.26,2827,1,0,0.270182,0.635091,1,25*4*1,64*16*1
453,3352,2828,1,0,0.270122,0.635061,1,25*4*1,64*16*1
454,3353.02,2827,1,0,0.27004,0.63502,1,25*4*1,64*16*1
455,3353.98,2828,1,0,0.269963,0.634982,1,25*4*1,64*16*1
456,3355.7,2828,1,0,0.269824,0.634912,1,25*4*1,64*16*1
457,3355.8,2827,1,0,0.269817,0.634908,1,25*4*1,64*16*1
458,3356.17,2828,1,0,0.269787,0.634893,1,25*4*1,64*16*1
459,3356.9,2827,1,0,0.269728,0.634864,1,25*4*1,64*16*1
460,3357.01,2828,1,0,0.269719,0.634859,1,25*4*1,64*16*1
461,3357.36,2827,1,0,0.269691,0.634845,1,25*4*1,64*16*1
462,3357.42,2828,1,0,0.269686,0.634843,1,25*4*1,64*16*1
463,3358.01,2827,1,0,0.269639,0.63482,1,25*4*1,64*16*1
464,3358.32,2828,1,0,0.269614,0.634807,1,25*4*1,64*16*1
465,3358.34,2827,1,0,0.269612,0.634806,1,25*4*1,64*16*1
466,3358.54,2828,1,0,0.269597,0.634798,1,25*4*1,64*16*1
467,3358.58,2827,1,0,0.269593,0.634796,1,25*4*1,64*16*1
468,3359.57,2828,1,0,0.269513,0.634757,1,25*4*1,64*16*1
469,3359.95,2827,1,0,0.269483,0.634742,1,25*4*1,64*16*1
470,3360.49,2828,1,0,0.26944,0.63472,1,25*4*1,64*16*1
471,3360.78,2828,1,0,0.269416,0.634708,1,25*4*1,64*16*1
472,3360.92,2827,1,0,0.269406,0.634703,1,25*4*1,64*16*1
473,3361.75,2828,1,0,0.269339,0.63467,1,25*4*1,64*16*1
474,3361.89,2827,1,0,0.269327,0.634664,1,25*4*1,64*16*1
475,3362.39,2828,1,0,0.269288,0.634644,1,25*4*1,64*16*1
476,3362.41,2827,1,0,0.269286,0.634643,1,25*4*1,64*16*1
477,3363.24,2828,1,0,0.269219,0.63461,1,25*4*1,64*16*1
478,3363.41,2827,1,0,0.269206,0.634603,1,25*4*1,64*16*1
479,3363.45,2828,1,0,0.269203,0.634601,1,25*4*1,64*16*1
480,3363.88,2827,1,0,0.269168,0.634584,1,25*4*1,64*16*1
481,3363.91,2828,1,0,0.269166,0.634583,1,25*4*1,64*16*1
482,3364.15,2827,1,0,0.269147,0.634573,1,25*4*1,64*16*1
483,3364.45,2828,1,0,0.269122,0.634561,1,25*4*1,64*16*1
484,3364.61,2827,1,0,0.26911,0.634555,1,25*4*1,64*16*1
485,3364.66,2828,1,0,0.269106,0.634553,1,25*4*1,64*16*1
486,3364.75,2827,1,0,0.269099,0.634549,1,25*4*1,64*16*1
487,3364.84,2828,1,0,0.269091,0.634546,1,25*4*1,64*16*1
488,3364.85,2827,1,0,0.26909,0.634545,1,25*4*1,64*16*1
489,3365.53,2828,1,0,0.269037,0.634518,1,25*4*1,64*16*1
490,3365.6,2828,1,0,0.269031,0.634515,1,25*4*1,64*16*1
491,3365.9,2827,1,0,0.269007,0.634503,1,25*4*1,64*16*1
492,3365.94,2828,1,0,0.269003,0.634502,1,25*4*1,64*16*1
493,3366.26,2827,1,0,0.268978,0.634489,1,25*4*1,64*16*1
494,3366.73,2828,1,0,0.268941,0.63447,1,25*4*1,64*16*1
495,3366.78,2827,1,0,0.268936,0.634468,1,25*4*1,64*16*1
496,3366.84,2828,1,0,0.268932,0.634466,1,25*4*1,64*16*1
497,3367.13,2827,1,0,0.268908,0.634454,1,25*4*1,64*16*1
498,3367.28,2828,1,0,0.268897,0.634448,1,25*4*1,64*16*1
499,3367.31,2827,1,0,0.268894,0.634447,1,25*4*1,64*16*1
500,3367.32,2828,1,0,0.268893,0.634447,1,25*4*1,64*16*1
501,3367.56,2827,1,0,0.268874,0.634437,1,25*4*1,64*16*1
502,3367.78,2828,1,0,0.268857,0.634429,1,25*4*1,64*16*1
503,3367.83,2827,1,0,0.268853,0.634426,1,25*4*1,64*16*1
504,3367.84,2828,1,0,0.268852,0.634426,1,25*4*1,64*16*1
505,3367.84,2828,1,0,0.268852,0.634426,1,25*4*1,64*16*1
506,3368.1,2827,1,0,0.268831,0.634415,1,25*4*1,64*16*1
507,3368.17,2828,1,0,0.268825,0.634413,1,25*4*1,64*16*1
508,3368.22,2827,1,0,0.268821,0.634411,1,25*4*1,64*16*1
509,3368.26,2828,1,0,0.268818,0.634409,1,25*4*1,64*16*1
510,3368.28,2827,1,0,0.268816,0.634408,1,25*4*1,64*16*1
511,3368.6,2828,1,0,0.268791,0.634396,1,25*4*1,64*16*1
512,3368.73,2827,1,0,0.268781,0.634391,1,25*4*1,64*16*1
513,3368.8,2828,1,0,0.268775,0.634388,1,25*4*1,64*16*1
514,3369.07,2827,1,0,0.268753,0.634377,1,25*4*1,64*16*1
515,3369.1,2828,1,0,0.268751,0.634376,1,25*4*1,64*16*1
516,3369.39,2827,1,0,0.268728,0.634364,1,25*4*1,64*16*1
517,3369.39,2828,1,0,0.268728,0.634364,1,25*4*1,64*16*1
518,3369.45,2827,1,0,0.268723,0.634362,1,25*4*1,64*16*1
519,3369.49,2828,1,0,0.26872,0.63436,1,25*4*1,64*16*1
520,3369.76,2828,1,0,0.268699,0.634349,1,25*4*1,64*16*1
521,3369.81,2827,1,0,0.268694,0.634347,1,25*4*1,64*16*1
522,3369.93,2828,1,0,0.268685,0.634342,1,25*4*1,64*16*1
523,3370.08,2827,1,0,0.268673,0.634336,1,25*4*1,64*16*1
524,3370.11,2828,1,0,0.268671,0.634335,1,25*4*1,64*16*1
525,3370.42,2827,1,0,0.268646,0.634323,1,25*4*1,64*16*1
526,3370.64,2828,1,0,0.268628,0.634314,1,25*4*1,64*16*1
527,3371.22,2827,1,0,0.268582,0.634291,1,25*4*1,64*16*1
528,3371.26,2828,1,0,0.268579,0.634289,1,25*4*1,64*16*1
529,3371.34,2827,1,0,0.268573,0.634286,1,25*4*1,64*16*1
530,3371.43,2828,1,0,0.268565,0.634283,1,25*4*1,64*16*1
531,3371.64,2827,1,0,0.268549,0.634274,1,25*4*1,64*16*1
532,3371.75,2828,1,0,0.26854,0.63427,1,25*4*1,64*16*1
533,3371.82,2827,1,0,0.268535,0.634267,1,25*4*1,64*16*1
534,3371.88,2828,1,0,0.26853,0.634265,1,25*4*1,64*16*1
535,3372.09,2827,1,0,0.268513,0.634257,1,25*4*1,64*16*1
536,3372.28,2828,1,0,0.268498,0.634249,1,25*4*1,64*16*1
537,3372.39,2827,1,0,0.268489,0.634244,1,25*4*1,64*16*1
538,3372.42,2828,1,0,0.268487,0.634243,1,25*4*1,64*16*1
539,3372.55,2828,1,0,0.268476,0.634238,1,25*4*1,64*16*1
540,3372.8,2827,1,0,0.268457,0.634228,1,25*4*1,64*16*1
541,3372.82,2828,1,0,0.268455,0.634228,1,25*4*1,64*16*1
542,3373.01,2827,1,0,0.26844,0.63422,1,25*4*1,64*16*1
543,3373.02,2828,1,0,0.268439,0.63422,1,25*4*1,64*16*1
544,3374.2,2827,1,0,0.268345,0.634172,1,25*4*1,64*16*1
545,3374.66,2828,1,0,0.268309,0.634154,1,25*4*1,64*16*1
546,3374.78,2827,1,0,0.268299,0.634149,1,25*4*1,64*16*1
547,3375.01,2828,1,0,0.26828,0.63414,1,25*4*1,64*16*1
548,3376.59,2827,1,0,0.268155,0.634078,1,25*4*1,64*16*1
549,3377.48,2828,1,0,0.268085,0.634042,1,25*4*1,64*16*1
550,3377.48,2827,1,0,0.268085,0.634042,1,25*4*1,64*16*1
551,3377.48,2828,1,0,0.268085,0.634042,1,25*4*1,64*16*1
552,3377.48,2827,1,0,0.268085,0.634042,1,25*4*1,64*16*1
553,3377.48,2828,1,0,0.268085,0.634042,1,25*4*1,64*16*1
554,3377.48,2828,1,0,0.268085,0.634042,1,25*4*1,64*16*1
555,3377.48,2827,1,0,0.268085,0.634042,1,25*4*1,64*16*1
556,3377.48,2828,1,0,0.268085,0.634042,1,25*4*1,64*16*1
557,3377.48,2827,1,0,0.268085,0.634042,1,25*4*1,64*16*1
558,3377.48,2828,1,0,0.268085,0.634042,1,25*4*1,64*16*1
559,3377.48,2827,1,0,0.268085,0.634042,1,25*4*1,64*16*1
560,3377.48,2828,1,0,0.268085,0.634042,1,25*4*1,64*16*1
561,3377.48,2827,1,0,0.268085,0.634042,1,25*4*1,64*16*1
562,3377.48,2828,1,0,0.268085,0.634042,1,25*4*1,64*16*1
563,3377.48,2827,1,0,0.268085,0.634042,1,25*4*1,64*16*1
564,3377.48,2828,1,0,0.268085,0.634042,1,25*4*1,64*16*1
565,3377.48,2827,1,0,0.268085,0.634042,1,25*4*1,64*16*1
566,3377.48,2828,1,0,0.268085,0.634042,1,25*4*1,64*16*1
567,3377.48,2827,1,0,0.268085,0.634042,1,25*4*1,64*16*1
568,3377.48,2828,1,0,0.268085,0.634042,1,25*4*1,64*16*1
569,3377.48,2828,1,0,0.268085,0.634042,1,25*4*1,64*16*1
570,3377.48,2827,1,0,0.268085,0.634042,1,25*4*1,64*16*1
571,3377.48,2828,1,0,0.268085,0.634042,1,25*4*1,64*16*1
572,3377.48,2827,1,0,0.268085,0.634042,1,25*4*1,64*16*1
573,3377.48,2828,1,0,0.268085,0.634042,1,25*4*1,64*16*1
574,3377.48,2827,1,0,0.268085,0.634042,1,25*4*1,64*16*1
575,3377.48,2828,1,0,0.268085,0.634042,1,25*4*1,64*16*1
576,3377.48,2827,1,0,0.268085,0.634042,1,25*4*1,64*16*1
577,3377.48,2828,1,0,0.268085,0.634042,1,25*4*1,64*16*1
578,3377.48,2827,1,0,0.268085,0.634042,1,25*4*1,64*16*1
579,3377.48,2828,1,0,0.268085,0.634042,1,25*4*1,64*16*1
580,3377.48,2827,1,0,0.268085,0.634042,1,25*4*1,64*16*1
581,3377.48,2828,1,0,0.268085,0.634042,1,25*4*1,64*16*1
582,3377.48,2827,1,0,0.268085,0.634042,1,25*4*1,64*16*1
583,3377.48,2828,1,0,0.268085,0.634042,1,25*4*1,64*16*1
584,3377.48,2827,1,0,0.268085,0.634042,1,25*4*1,64*16*1
585,3377.48,2828,1,0,0.268085,0.634042,1,25*4*1,64*16*1
586,3377.48,2827,1,0,0.268085,0.634042,1,25*4*1,64*16*1
587,3377.48,2828,1,0,0.268085,0.634042,1,25*4*1,64*16*1
588,3377.48,2828,1,0,0.268085,0.634042,1,25*4*1,64*16*1
589,3377.48,2827,1,0,0.268085,0.634042,1,25*4*1,64*16*1
590,3377.48,2828,1,0,0.268085,0.634042,1,25*4*1,64*16*1
591,3377.48,2827,1,0,0.268085,0.634042,1,25*4*1,64*16*1
592,3377.48,2828,1,0,0.268085,0.634042,1,25*4*1,64*16*1
593,3377.48,2827,1,0,0.268085,0.634042,1,25*4*1,64*16*1
594,3377.48,2828,1,0,0.268085,0.634042,1,25*4*1,64*16*1
595,3377.48,2827,1,0,0.268085,0.634042,1,25*4*1,64*16*1
596,3377.48,2828,1,0,0.268085,0.634042,1,25*4*1,64*16*1
597,3377.48,2827,1,0,0.268085,0.634042,1,25*4*1,64*16*1
598,3377.48,2828,1,0,0.268085,0.634042,1,25*4*1,64*16*1
599,3378,2827,1,0,0.268043,0.634022,1,25*4*1,64*16*1
600,3377.99,2828,1,0,0.268044,0.634022,1,25*4*1,64*16*1
601,3377.85,2827,1,0,0.268055,0.634027,1,25*4*1,64*16*1
602,3377.81,2828,1,0,0.268059,0.634029,1,25*4*1,64*16*1
603,3377.55,2828,1,0,0.268079,0.63404,1,25*4*1,64*16*1
604,3377.42,2827,1,0,0.268089,0.634045,1,25*4*1,64*16*1
605,3376.9,2828,1,0,0.26813,0.634065,1,25*4*1,64*16*1
606,3376.25,2827,1,0,0.268182,0.634091,1,25*4*1,64*16*1
607,3375.73,2828,1,0,0.268224,0.634112,1,25*4*1,64*16*1
608,3374.79,2827,1,0,0.268298,0.634149,1,25*4*1,64*16*1
609,3373.75,2828,1,0,0.268381,0.63419,1,25*4*1,64*16*1
610,3372.62,2827,1,0,0.268471,0.634235,1,25*4*1,64*16*1
611,3371.96,2828,1,0,0.268523,0.634261,1,25*4*1,64*16*1
612,3370.15,2827,1,0,0.268667,0.634334,1,25*4*1,64*16*1
613,3370,2828,1,0,0.26868,0.63434,1,25*4*1,64*16*1
614,3368.71,2827,1,0,0.268783,0.634391,1,25*4*1,64*16*1
615,3368.65,2828,1,0,0.268787,0.634394,1,25*4*1,64*16*1
616,3368.27,2827,1,0,0.268817,0.634409,1,25*4*1,64*16*1
617,3368.16,2828,1,0,0.268827,0.634413,1,25*4*1,64*16*1
618,3367.91,2828,1,0,0.268846,0.634423,1,25*4*1,64*16*1
619,3367.28,2827,1,0,0.268896,0.634448,1,25*4*1,64*16*1
620,3366.71,2828,1,0,0.268942,0.634471,1,25*4*1,64*16*1
621,3366.19,2827,1,0,0.268984,0.634492,1,25*4*1,64*16*1
622,3365.61,2828,1,0,0.26903,0.634515,1,25*4*1,64*16*1
623,3364.99,2827,1,0,0.26908,0.63454,1,25*4*1,64*16*1
624,3364,2828,1,0,0.269159,0.634579,1,25*4*1,64*16*1
625,3363.65,2827,1,0,0.269187,0.634593,1,25*4*1,64*16*1
626,3362.65,2828,1,0,0.269267,0.634633,1,25*4*1,64*16*1
627,3360.34,2827,1,0,0.269452,0.634726,1,25*4*1,64*16*1
628,3359.96,2828,1,0,0.269483,0.634741,1,25*4*1,64*16*1
629,3359.64,2827,1,0,0.269508,0.634754,1,25*4*1,64*16*1
630,3358.7,2828,1,0,0.269583,0.634792,1,25*4*1,64*16*1
631,3357.28,2827,1,0,0.269697,0.634849,1,25*4*1,64*16*1
632,3356.47,2828,1,0,0.269763,0.634881,1,25*4*1,64*16*1
633,3352.6,2827,1,0,0.270074,0.635037,1,25*4*1,64*16*1
634,3351.33,2828,1,0,0.270176,0.635088,1,25*4*1,64*16*1
635,3346.66,2827,1,0,0.270553,0.635277,1,25*4*1,64*16*1
636,3343.18,2828,1,0,0.270835,0.635417,1,25*4*1,64*16*1
637,3335.86,2828,1,0,0.271429,0.635714,1,25*4*1,64*16*1
638,3322.72,2827,1,0,0.272502,0.636251,1,25*4*1,64*16*1
639,3322.15,2828,1,0,0.27255,0.636275,1,25*4*1,64*16*1
640,3321.79,2827,1,0,0.272579,0.636289,1,25*4*1,64*16*1
641,3321.5,2828,1,0,0.272603,0.636301,1,25*4*1,64*16*1
642,3319.43,2827,1,0,0.272773,0.636386,1,25*4*1,64*16*1
643,3319.13,2828,1,0,0.272797,0.636399,1,25*4*1,64*16*1
644,3316.1,2827,1,0,0.273046,0.636523,1,25*4*1,64*16*1
645,3313.29,2828,1,0,0.273278,0.636639,1,25*4*1,64*16*1
646,3313.29,2827,1,0,0.273279,0.636639,1,25*4*1,64*16*1
647,3309.73,2828,1,0,0.273572,0.636786,1,25*4*1,64*16*1
648,3308.66,2827,1,0,0.27366,0.63683,1,25*4*1,64*16*1
649,3308.54,2828,1,0,0.273671,0.636835,1,25*4*1,64*16*1
650,3307.04,2827,1,0,0.273795,0.636897,1,25*4*1,64*16*1
651,3306.31,2828,1,0,0.273855,0.636927,1,25*4*1,64*16*1
652,3301.09,2828,1,0,0.274289,0.637144,1,25*4*1,64*16*1
653,3295.94,2827,1,0,0.274717,0.637359,1,25*4*1,64*16*1
654,3295.47,2828,1,0,0.274756,0.637378,1,25*4*1,64*16*1
655,3294.72,2827,1,0,0.274819,0.637409,1,25*4*1,64*16*1
656,3288.11,2828,1,0,0.275371,0.637685,1,25*4*1,64*16*1
657,3282.94,2827,1,0,0.275804,0.637902,1,25*4*1,64*16*1
658,3282.54,2828,1,0,0.275838,0.637919,1,25*4*1,64*16*1
659,3277.44,2827,1,0,0.276267,0.638134,1,25*4*1,64*16*1
660,3276.31,2828,1,0,0.276363,0.638181,1,25*4*1,64*16*1
661,3273.06,2827,1,0,0.276637,0.638319,1,25*4*1,64*16*1
662,3272.97,2828,1,0,0.276645,0.638322,1,25*4*1,64*16*1
663,3272.18,2827,1,0,0.276712,0.638356,1,25*4*1,64*16*1
664,3270.71,2828,1,0,0.276836,0.638418,1,25*4*1,64*16*1
665,3270.03,2827,1,0,0.276893,0.638447,1,25*4*1,64*16*1
666,3268.2,2828,1,0,0.277049,0.638524,1,25*4*1,64*16*1
667,3258.99,2828,1,0,0.277831,0.638916,1,25*4*1,64*16*1
668,3256.51,2827,1,0,0.278043,0.639022,1,25*4*1,64*16*1
669,3255.07,2828,1,0,0.278166,0.639083,1,25*4*1,64*16*1
670,3254.46,2827,1,0,0.278218,0.639109,1,25*4*1,64*16*1
671,3250.55,2828,1,0,0.278553,0.639276,1,25*4*1,64*16*1
672,3247.81,2827,1,0,0.278788,0.639394,1,25*4*1,64*16*1
673,3242.56,2828,1,0,0.279239,0.63962,1,25*4*1,64*16*1
674,3235.94,2827,1,0,0.27981,0.639905,1,25*4*1,64*16*1
675,3233.27,2828,1,0,0.280041,0.640021,1,25*4*1,64*16*1
676,3232.28,2827,1,0,0.280127,0.640063,1,25*4*1,64*16*1
677,3231.83,2828,1,0,0.280166,0.640083,1,25*4*1,64*16*1
678,3231.72,2827,1,0,0.280176,0.640088,1,25*4*1,64*16*1
679,3228.69,2828,1,0,0.280439,0.640219,1,25*4*1,64*16*1
680,3228.58,2827,1,0,0.280448,0.640224,1,25*4*1,64*16*1
681,3224.11,2828,1,0,0.280837,0.640419,1,25*4*1,64*16*1
682,3224.06,2827,1,0,0.280841,0.640421,1,25*4*1,64*16*1
683,3222.14,2828,1,0,0.281008,0.640504,1,25*4*1,64*16*1
684,3221.85,2827,1,0,0.281034,0.640517,1,25*4*1,64*16*1
685,3220.31,2828,1,0,0.281168,0.640584,1,25*4*1,64*16*1
686,3213.35,2828,1,0,0.281777,0.640889,1,25*4*1,64*16*1
687,3206.41,2827,1,0,0.282387,0.641194,1,25*4*1,64*16*1
688,3201.71,2828,1,0,0.282802,0.641401,1,25*4*1,64*16*1
689,3199.71,2827,1,0,0.282979,0.64149,1,25*4*1,64*16*1
690,3195.96,2828,1,0,0.283311,0.641655,1,25*4*1,64*16*1
691,3192.85,2827,1,0,0.283587,0.641794,1,25*4*1,64*16*1
692,3187.47,2828,1,0,0.284066,0.642033,1,25*4*1,64*16*1
693,3185.43,2827,1,0,0.284247,0.642124,1,25*4*1,64*16*1
694,3185.37,2828,1,0,0.284252,0.642126,1,25*4*1,64*16*1
695,3182.74,2827,1,0,0.284488,0.642244,1,25*4*1,64*16*1
696,3181.92,2828,1,0,0.284561,0.64228,1,25*4*1,64*16*1
697,3177.56,2827,1,0,0.284951,0.642476,1,25*4*1,64*16*1
698,3176.45,2828,1,0,0.285051,0.642525,1,25*4*1,64*16*1
699,3174.43,2827,1,0,0.285232,0.642616,1,25*4*1,64*16*1
700,3173.94,2828,1,0,0.285276,0.642638,1,25*4*1,64*16*1
701,3173.26,2828,1,0,0.285337,0.642669,1,25*4*1,64*16*1
702,3171.05,2827,1,0,0.285537,0.642768,1,25*4*1,64*16*1
703,3167.72,2828,1,0,0.285836,0.642918,1,25*4*1,64*16*1
704,3167.62,2827,1,0,0.285845,0.642923,1,25*4*1,64*16*1
705,3166.85,2828,1,0,0.285915,0.642958,1,25*4*1,64*16*1
706,3165.6,2827,1,0,0.286028,0.643014,1,25*4*1,64*16*1
707,3162.76,2828,1,0,0.286285,0.643142,1,25*4*1,64*16*1
708,3156.5,2827,1,0,0.286852,0.643426,1,25*4*1,64*16*1
709,3155.61,2828,1,0,0.286934,0.643467,1,25*4*1,64*16*1
710,3155.5,2827,1,0,0.286943,0.643472,1,25*4*1,64*16*1
711,3151.37,2828,1,0,0.287319,0.64366,1,25*4*1,64*16*1
712,3150.9,2827,1,0,0.287362,0.643681,1,25*4*1,64*16*1
713,3148.61,2828,1,0,0.287572,0.643786,1,25*4*1,64*16*1
714,3141.98,2827,1,0,0.288178,0.644089,1,25*4*1,64*16*1
715,3140.53,2828,1,0,0.288311,0.644155,1,25*4*1,64*16*1
716,3140.01,2828,1,0,0.288359,0.644179,1,25*4*1,64*16*1
717,3138.78,2827,1,0,0.288472,0.644236,1,25*4*1,64*16*1
718,3134.88,2828,1,0,0.288831,0.644416,1,25*4*1,64*16*1
719,3132.06,2827,1,0,0.289091,0.644546,1,25*4*1,64*16*1
720,3128.97,2828,1,0,0.289376,0.644688,1,25*4*1,64*16*1
721,3127.5,2827,1,0,0.289512,0.644756,1,25*4*1,64*16*1
722,3122.65,2828,1,0,0.289962,0.644981,1,25*4*1,64*16*1
723,3122.44,2827,1,0,0.289982,0.644991,1,25*4*1,64*16*1
724,3121.63,2828,1,0,0.290057,0.645028,1,25*4*1,64*16*1
725,3118.81,2827,1,0,0.290319,0.645159,1,25*4*1,64*16*1
726,3112.9,2828,1,0,0.29087,0.645435,1,25*4*1,64*16*1
727,3112.49,2827,1,0,0.290909,0.645454,1,25*4*1,64*16*1
728,3110.69,2828,1,0,0.291077,0.645539,1,25*4*1,64*16*1
729,3108.14,2827,1,0,0.291316,0.645658,1,25*4*1,64*16*1
730,3106.89,2828,1,0,0.291433,0.645716,1,25*4*1,64*16*1
731,3104.43,2827,1,0,0.291664,0.645832,1,25*4*1,64*16*1
732,3102.04,2828,1,0,0.291889,0.645944,1,25*4*1,64*16*1
733,3097.12,2827,1,0,0.292352,0.646176,1,25*4*1,64*16*1
734,3087.32,2828,1,0,0.29328,0.64664,1,25*4*1,64*16*1
735,3079.84,2828,1,0,0.293993,0.646997,1,25*4*1,64*16*1
736,3078.81,2827,1,0,0.294091,0.647045,1,25*4*1,64*16*1
737,3076.33,2828,1,0,0.294328,0.647164,1,25*4*1,64*16*1
738,3076.13,2827,1,0,0.294347,0.647173,1,25*4*1,64*16*1
739,3073.45,2828,1,0,0.294603,0.647302,1,25*4*1,64*16*1
740,3065.47,2827,1,0,0.295371,0.647685,1,25*4*1,64*16*1
741,3065.17,2828,1,0,0.2954,0.6477,1,25*4*1,64*16*1
742,3064.19,2827,1,0,0.295494,0.647747,1,25*4*1,64*16*1
743,3060.65,2828,1,0,0.295835,0.647918,1,25*4*1,64*16*1
744,3060.34,2827,1,0,0.295866,0.647933,1,25*4*1,64*16*1
745,3057.34,2828,1,0,0.296156,0.648078,1,25*4*1,64*16*1
746,3054.12,2827,1,0,0.296468,0.648234,1,25*4*1,64*16*1
747,3053.04,2828,1,0,0.296574,0.648287,1,25*4*1,64*16*1
748,3033.29,2827,1,0,0.298505,0.649252,1,25*4*1,64*16*1
749,3027.13,2828,1,0,0.299112,0.649556,1,25*4*1,64*16*1
750,3022.1,2828,1,0,0.299609,0.649805,1,25*4*1,64*16*1
751,3020.71,2827,1,0,0.299747,0.649874,1,25*4*1,64*16*1
752,3018.1,2828,1,0,0.300007,0.650003,1,25*4*1,64*16*1
753,3017.89,2827,1,0,0.300027,0.650014,1,25*4*1,64*16*1
754,3016.97,2828,1,0,0.300119,0.65006,1,25*4*1,64*16*1
755,3016.75,2827,1,0,0.30014,0.65007,1,25*4*1,64*16*1
756,3011.55,2828,1,0,0.300659,0.650329,1,25*4*1,64*16*1
757,3008.84,2827,1,0,0.30093,0.650465,1,25*4*1,64*16*1
758,3007.16,2828,1,0,0.301099,0.650549,1,25*4*1,64*16*1
759,3006.49,2827,1,0,0.301166,0.650583,1,25*4*1,64*16*1
760,2999.66,2828,1,0,0.301851,0.650926,1,25*4*1,64*16*1
761,2998.43,2827,1,0,0.301974,0.650987,1,25*4*1,64*16*1
762,2996.97,2828,1,0,0.302122,0.651061,1,25*4*1,64*16*1
763,2993.18,2827,1,0,0.302504,0.651252,1,25*4*1,64*16*1
764,2990.49,2828,1,0,0.302776,0.651388,1,25*4*1,64*16*1
765,2987.98,2828,1,0,0.303031,0.651515,1,25*4*1,64*16*1
766,2983.1,2827,1,0,0.303527,0.651763,1,25*4*1,64*16*1
767,2982.65,2828,1,0,0.303573,0.651786,1,25*4*1,64*16*1
768,2980.27,2827,1,0,0.303815,0.651908,1,25*4*1,64*16*1
769,2979.1,2828,1,0,0.303934,0.651967,1,25*4*1,64*16*1
770,2955.47,2827,1,0,0.306364,0.653182,1,25*4*1,64*16*1
771,2951.31,2828,1,0,0.306796,0.653398,1,25*4*1,64*16*1
772,2945.46,2827,1,0,0.307405,0.653702,1,25*4*1,64*16*1
773,2941.32,2828,1,0,0.307838,0.653919,1,25*4*1,64*16*1
774,2940.86,2827,1,0,0.307886,0.653943,1,25*4*1,64*16*1
775,2938.25,2828,1,0,0.30816,0.65408,1,25*4*1,64*16*1
776,2937.31,2827,1,0,0.308259,0.654129,1,25*4*1,64*16*1
777,2931.56,2828,1,0,0.308863,0.654432,1,25*4*1,64*16*1
778,2928.07,2827,1,0,0.309231,0.654615,1,25*4*1,64*16*1
779,2926.34,2828,1,0,0.309414,0.654707,1,25*4*1,64*16*1
780,2924.39,2827,1,0,0.30962,0.65481,1,25*4*1,64*16*1
781,2914.73,2828,1,0,0.310646,0.655323,1,25*4*1,64*16*1
782,2913.32,2827,1,0,0.310797,0.655398,1,25*4*1,64*16*1
783,2906.8,2828,1,0,0.311494,0.655747,1,25*4*1,64*16*1
784,2905.93,2828,1,0,0.311587,0.655793,1,25*4*1,64*16*1
785,2903.93,2827,1,0,0.311802,0.655901,1,25*4*1,64*16*1
786,2903.31,2828,1,0,0.311868,0.655934,1,25*4*1,64*16*1
787,2900.26,2827,1,0,0.312197,0.656098,1,25*4*1,64*16*1
788,2896.42,2828,1,0,0.31261,0.656305,1,25*4*1,64*16*1
789,2890.46,2827,1,0,0.313255,0.656627,1,25*4*1,64*16*1
790,2888.34,2828,1,0,0.313484,0.656742,1,25*4*1,64*16*1
791,2882.44,2827,1,0,0.314126,0.657063,1,25*4*1,64*16*1
792,2879.77,2828,1,0,0.314418,0.657209,1,25*4*1,64*16*1
793,2878.6,2827,1,0,0.314545,0.657272,1,25*4*1,64*16*1
794,2877.99,2828,1,0,0.314612,0.657306,1,25*4*1,64*16*1
795,2877.05,2827,1,0,0.314715,0.657357,1,25*4*1,64*16*1
796,2873.59,2828,1,0,0.315093,0.657547,1,25*4*1,64*16*1
797,2872.91,2827,1,0,0.315168,0.657584,1,25*4*1,64*16*1
798,2868.55,2828,1,0,0.315648,0.657824,1,25*4*1,64*16*1
799,2866.74,2828,1,0,0.315847,0.657924,1,25*4*1,64*16*1
800,2865.72,2827,1,0,0.31596,0.65798,1,25*4*1,64*16*1
801,2859.62,2828,1,0,0.316633,0.658317,1,25*4*1,64*16*1
802,2857.61,2827,1,0,0.316855,0.658428,1,25*4*1,64*16*1
803,2855.55,2828,1,0,0.317084,0.658542,1,25*4*1,64*16*1
804,2854.93,2827,1,0,0.317153,0.658576,1,25*4*1,64*16*1
805,2854.56,2828,1,0,0.317194,0.658597,1,25*4*1,64*16*1
806,2853.42,2827,1,0,0.317321,0.658661,1,25*4*1,64*16*1
807,2848.41,2828,1,0,0.317879,0.658939,1,25*4*1,64*16*1
808,2845.96,2827,1,0,0.318153,0.659076,1,25*4*1,64*16*1
809,2845.66,2828,1,0,0.318187,0.659093,1,25*4*1,64*16*1
810,2843.43,2827,1,0,0.318436,0.659218,1,25*4*1,64*16*1
811,2832.73,2828,1,0,0.319638,0.659819,1,25*4*1,64*16*1
812,2830.96,2827,1,0,0.319839,0.659919,1,25*4*1,64*16*1
813,2830.83,2828,1,0,0.319853,0.659927,1,25*4*1,64*16*1
814,2828.97,2828,1,0,0.320064,0.660032,1,25*4*1,64*16*1
815,2824.94,2827,1,0,0.32052,0.66026,1,25*4*1,64*16*1
816,2822.33,2828,1,0,0.320817,0.660408,1,25*4*1,64*16*1
817,2817.94,2827,1,0,0.321316,0.660658,1,25*4*1,64*16*1
818,2815.57,2828,1,0,0.321587,0.660793,1,25*4*1,64*16*1
819,2814.53,2827,1,0,0.321705,0.660853,1,25*4*1,64*16*1
820,2814.44,2828,1,0,0.321716,0.660858,1,25*4*1,64*16*1
821,2812.03,2827,1,0,0.321991,0.660996,1,25*4*1,64*16*1
822,2809.11,2828,1,0,0.322326,0.661163,1,25*4*1,64*16*1
823,2802.13,2827,1,0,0.323129,0.661565,1,25*4*1,64*16*1
824,2801.94,2828,1,0,0.323151,0.661576,1,25*4*1,64*16*1
825,2801.36,2827,1,0,0.323218,0.661609,1,25*4*1,64*16*1
826,2800.08,2828,1,0,0.323365,0.661683,1,25*4*1,64*16*1
827,2797.83,2827,1,0,0.323625,0.661813,1,25*4*1,64*16*1
828,2796.76,2828,1,0,0.32375,0.661875,1,25*4*1,64*16*1
829,2796.63,2827,1,0,0.323765,0.661882,1,25*4*1,64*16*1
830,2796.22,2828,1,0,0.323812,0.661906,1,25*4*1,64*16*1
831,2792.25,2827,1,0,0.324272,0.662136,1,25*4*1,64*16*1
832,2791.66,2828,1,0,0.324341,0.662171,1,25*4*1,64*16*1
833,2791.35,2828,1,0,0.324377,0.662188,1,25*4*1,64*16*1
834,2789.91,2827,1,0,0.324545,0.662272,1,25*4*1,64*16*1
835,2786.8,2828,1,0,0.324907,0.662454,1,25*4*1,64*16*1
836,2786.43,2827,1,0,0.32495,0.662475,1,25*4*1,64*16*1
837,2771.17,2828,1,0,0.32674,0.66337,1,25*4*1,64*16*1
838,2768.88,2827,1,0,0.32701,0.663505,1,25*4*1,64*16*1
839,2767.74,2828,1,0,0.327145,0.663572,1,25*4*1,64*16*1
840,2765.32,2827,1,0,0.327431,0.663715,1,25*4*1,64*16*1
841,2765.13,2828,1,0,0.327453,0.663727,1,25*4*1,64*16*1
842,2764.29,2827,1,0,0.327553,0.663776,1,25*4*1,64*16*1
843,2763.5,2828,1,0,0.327646,0.663823,1,25*4*1,64*16*1
844,2763.1,2827,1,0,0.327694,0.663847,1,25*4*1,64*16*1
845,2759.07,2828,1,0,0.328173,0.664086,1,25*4*1,64*16*1
846,2758.86,2827,1,0,0.328197,0.664098,1,25*4*1,64*16*1
847,2757.28,2828,1,0,0.328386,0.664193,1,25*4*1,64*16*1
848,2756.7,2828,1,0,0.328454,0.664227,1,25*4*1,64*16*1
849,2754.93,2827,1,0,0.328666,0.664333,1,25*4*1,64*16*1
850,2754.79,2828,1,0,0.328682,0.664341,1,25*4*1,64*16*1
851,2750.56,2827,1,0,0.329187,0.664594,1,25*4*1,64*16*1
852,2749.18,2828,1,0,0.329353,0.664676,1,25*4*1,64*16*1
853,2745.24,2827,1,0,0.329825,0.664912,1,25*4*1,64*16*1
854,2745,2828,1,0,0.329855,0.664927,1,25*4*1,64*16*1
855,2740.54,2827,1,0,0.330391,0.665196,1,25*4*1,64*16*1
856,2737.38,2828,1,0,0.330772,0.665386,1,25*4*1,64*16*1
857,2736.01,2827,1,0,0.330938,0.665469,1,25*4*1,64*16*1
858,2734.91,2828,1,0,0.331072,0.665536,1,25*4*1,64*16*1
859,2733.61,2827,1,0,0.331229,0.665614,1,25*4*1,64*16*1
860,2733.28,2828,1,0,0.331269,0.665634,1,25*4*1,64*16*1
861,2731.82,2827,1,0,0.331446,0.665723,1,25*4*1,64*16*1
862,2731.38,2828,1,0,0.3315,0.66575,1,25*4*1,64*16*1
863,2731.3,2828,1,0,0.331509,0.665754,1,25*4*1,64*16*1
864,2726.2,2827,1,0,0.33213,0.666065,1,25*4*1,64*16*1
865,2723.57,2828,1,0,0.33245,0.666225,1,25*4*1,64*16*1
866,2718.78,2827,1,0,0.333036,0.666518,1,25*4*1,64*16*1
867,2718.1,2828,1,0,0.333119,0.666559,1,25*4*1,64*16*1
868,2716.76,2827,1,0,0.333284,0.666642,1,25*4*1,64*16*1
869,2716.38,2828,1,0,0.33333,0.666665,1,25*4*1,64*16*1
870,2713.51,2827,1,0,0.333682,0.666841,1,25*4*1,64*16*1
871,2708.72,2828,1,0,0.334272,0.667136,1,25*4*1,64*16*1
872,2708.44,2827,1,0,0.334307,0.667153,1,25*4*1,64*16*1
873,2708.44,2828,1,0,0.334307,0.667153,1,25*4*1,64*16*1
874,2707.25,2827,1,0,0.334453,0.667227,1,25*4*1,64*16*1
875,2707.12,2828,1,0,0.33447,0.667235,1,25*4*1,64*16*1
876,2705.79,2827,1,0,0.334634,0.667317,1,25*4*1,64*16*1
877,2705.56,2828,1,0,0.334663,0.667331,1,25*4*1,64*16*1
878,2702.05,2827,1,0,0.335097,0.667548,1,25*4*1,64*16*1
879,2702.01,2828,1,0,0.335102,0.667551,1,25*4*1,64*16*1
880,2700.61,2827,1,0,0.335275,0.667638,1,25*4*1,64*16*1
881,2697.56,2828,1,0,0.335655,0.667828,1,25*4*1,64*16*1
882,2696.04,2828,1,0,0.335845,0.667922,1,25*4*1,64*16*1
883,2691.55,2827,1,0,0.336404,0.668202,1,25*4*1,64*16*1
884,2691.39,2828,1,0,0.336425,0.668212,1,25*4*1,64*16*1
885,2689.98,2827,1,0,0.336601,0.6683,1,25*4*1,64*16*1
886,2689.96,2828,1,0,0.336603,0.668302,1,25*4*1,64*16*1
887,2689.04,2827,1,0,0.336718,0.668359,1,25*4*1,64*16*1
888,2688.95,2828,1,0,0.33673,0.668365,1,25*4*1,64*16*1
889,2688.28,2827,1,0,0.336815,0.668407,1,25*4*1,64*16*1
890,2687.13,2828,1,0,0.336958,0.668479,1,25*4*1,64*16*1
891,2684.1,2827,1,0,0.337339,0.668669,1,25*4*1,64*16*1
892,2684.08,2828,1,0,0.337341,0.66867,1,25*4*1,64*16*1
893,2678.91,2827,1,0,0.337992,0.668996,1,25*4*1,64*16*1
894,2676.11,2828,1,0,0.338346,0.669173,1,25*4*1,64*16*1
895,2675.97,2827,1,0,0.338364,0.669182,1,25*4*1,64*16*1
896,2674.33,2828,1,0,0.338571,0.669286,1,25*4*1,64*16*1
897,2673.75,2828,1,0,0.338644,0.669322,1,25*4*1,64*16*1
898,2660.23,2827,1,0,0.340366,0.670183,1,25*4*1,64*16*1
899,2652.49,2828,1,0,0.341359,0.670679,1,25*4*1,64*16*1
900,2651.15,2827,1,0,0.341532,0.670766,1,25*4*1,64*16*1
901,2649.07,2828,1,0,0.3418,0.6709,1,25*4*1,64*16*1
902,2645.04,2827,1,0,0.34232,0.67116,1,25*4*1,64*16*1
903,2644.46,2828,1,0,0.342395,0.671197,1,25*4*1,64*16*1
904,2644.01,2827,1,0,0.342454,0.671227,1,25*4*1,64*16*1
905,2642.36,2828,1,0,0.342667,0.671334,1,25*4*1,64*16*1
906,2641.65,2827,1,0,0.34276,0.67138,1,25*4*1,64*16*1
907,2641.07,2828,1,0,0.342834,0.671417,1,25*4*1,64*16*1
908,2641.07,2827,1,0,0.342835,0.671417,1,25*4*1,64*16*1
909,2640.81,2828,1,0,0.342869,0.671434,1,25*4*1,64*16*1
910,2640.77,2827,1,0,0.342873,0.671436,1,25*4*1,64*16*1
911,2638.66,2828,1,0,0.343147,0.671574,1,25*4*1,64*16*1
912,2636.65,2828,1,0,0.34341,0.671705,1,25*4*1,64*16*1
913,2629.6,2827,1,0,0.344329,0.672165,1,25*4*1,64*16*1
914,2627.25,2828,1,0,0.344638,0.672319,1,25*4*1,64*16*1
915,2625.37,2827,1,0,0.344884,0.672442,1,25*4*1,64*16*1
916,2624.65,2828,1,0,0.344979,0.67249,1,25*4*1,64*16*1
917,2620.53,2827,1,0,0.345522,0.672761,1,25*4*1,64*16*1
918,2617.16,2828,1,0,0.345966,0.672983,1,25*4*1,64*16*1
919,2617.01,2827,1,0,0.345986,0.672993,1,25*4*1,64*16*1
920,2612.26,2828,1,0,0.346615,0.673308,1,25*4*1,64*16*1
921,2610.12,2827,1,0,0.3469,0.67345,1,25*4*1,64*16*1
922,2608.78,2828,1,0,0.347078,0.673539,1,25*4*1,64*16*1
923,2607.36,2827,1,0,0.347266,0.673633,1,25*4*1,64*16*1
924,2600.97,2828,1,0,0.34812,0.67406,1,25*4*1,64*16*1
925,2599.7,2827,1,0,0.348291,0.674145,1,25*4*1,64*16*1
926,2598.75,2828,1,0,0.348418,0.674209,1,25*4*1,64*16*1
927,2597.46,2827,1,0,0.348591,0.674296,1,25*4*1,64*16*1
928,2595.85,2828,1,0,0.348806,0.674403,1,25*4*1,64*16*1
929,2595.79,2827,1,0,0.348815,0.674407,1,25*4*1,64*16*1
930,2595.07,2828,1,0,0.348911,0.674456,1,25*4*1,64*16*1
931,2593.08,2828,1,0,0.349179,0.674589,1,25*4*1,64*16*1
932,2592.85,2827,1,0,0.349211,0.674605,1,25*4*1,64*16*1
933,2592.73,2828,1,0,0.349226,0.674613,1,25*4*1,64*16*1
934,2590.18,2827,1,0,0.34957,0.674785,1,25*4*1,64*16*1
935,2589.23,2828,1,0,0.349698,0.674849,1,25*4*1,64*16*1
936,2588.89,2827,1,0,0.349744,0.674872,1,25*4*1,64*16*1
937,2588.46,2828,1,0,0.349803,0.674901,1,25*4*1,64*16*1
938,2587.7,2827,1,0,0.349906,0.674953,1,25*4*1,64*16*1
939,2586.56,2828,1,0,0.350059,0.67503,1,25*4*1,64*16*1
940,2585.36,2827,1,0,0.350222,0.675111,1,25*4*1,64*16*1
941,2585.19,2828,1,0,0.350245,0.675122,1,25*4*1,64*16*1
942,2582.66,2827,1,0,0.350588,0.675294,1,25*4*1,64*16*1
943,2582.46,2828,1,0,0.350615,0.675308,1,25*4*1,64*16*1
944,2582.1,2827,1,0,0.350664,0.675332,1,25*4*1,64*16*1
945,2580.97,2828,1,0,0.350817,0.675409,1,25*4*1,64*16*1
946,2578.27,2828,1,0,0.351185,0.675592,1,25*4*1,64*16*1
947,2575,2827,1,0,0.351631,0.675815,1,25*4*1,64*16*1
948,2571.35,2828,1,0,0.35213,0.676065,1,25*4*1,64*16*1
949,2571.16,2827,1,0,0.352157,0.676078,1,25*4*1,64*16*1
950,2571.12,2828,1,0,0.352161,0.676081,1,25*4*1,64*16*1
951,2570.22,2827,1,0,0.352286,0.676143,1,25*4*1,64*16*1
952,2568.1,2828,1,0,0.352576,0.676288,1,25*4*1,64*16*1
953,2567.24,2827,1,0,0.352695,0.676347,1,25*4*1,64*16*1
954,2566.79,2828,1,0,0.352756,0.676378,1,25*4*1,64*16*1
955,2565.09,2827,1,0,0.352989,0.676495,1,25*4*1,64*16*1
956,2564.77,2828,1,0,0.353034,0.676517,1,25*4*1,64*16*1
957,2564.62,2827,1,0,0.353055,0.676527,1,25*4*1,64*16*1
958,2564.19,2828,1,0,0.353113,0.676556,1,25*4*1,64*16*1
959,2564.18,2827,1,0,0.353114,0.676557,1,25*4*1,64*16*1
960,2563.61,2828,1,0,0.353194,0.676597,1,25*4*1,64*16*1
961,2563.26,2828,1,0,0.353241,0.676621,1,25*4*1,64*16*1
962,2563.05,2827,1,0,0.353271,0.676635,1,25*4*1,64*16*1
963,2562.83,2828,1,0,0.353301,0.676651,1,25*4*1,64*16*1
964,2561.79,2827,1,0,0.353444,0.676722,1,25*4*1,64*16*1
965,2560.8,2828,1,0,0.353581,0.67679,1,25*4*1,64*16*1
966,2560.68,2827,1,0,0.353597,0.676799,1,25*4*1,64*16*1
967,2560.38,2828,1,0,0.353639,0.676819,1,25*4*1,64*16*1
968,2560.36,2827,1,0,0.353641,0.676821,1,25*4*1,64*16*1
969,2559.8,2828,1,0,0.353719,0.67686,1,25*4*1,64*16*1
970,2558,2827,1,0,0.353968,0.676984,1,25*4*1,64*16*1
971,2556.55,2828,1,0,0.354169,0.677084,1,25*4*1,64*16*1
972,2556.54,2827,1,0,0.354171,0.677085,1,25*4*1,64*16*1
973,2555.44,2828,1,0,0.354322,0.677161,1,25*4*1,64*16*1
974,2555.05,2827,1,0,0.354376,0.677188,1,25*4*1,64*16*1
975,2554.19,2828,1,0,0.354497,0.677248,1,25*4*1,64*16*1
976,2552.69,2827,1,0,0.354704,0.677352,1,25*4*1,64*16*1
977,2552.59,2828,1,0,0.354718,0.677359,1,25*4*1,64*16*1
978,2551.67,2827,1,0,0.354847,0.677423,1,25*4*1,64*16*1
979,2549.24,2828,1,0,0.355185,0.677592,1,25*4*1,64*16*1
980,2547.07,2828,1,0,0.355487,0.677744,1,25*4*1,64*16*1
981,2546.19,2827,1,0,0.355609,0.677805,1,25*4*1,64*16*1
982,2545.8,2828,1,0,0.355664,0.677832,1,25*4*1,64*16*1
983,2545.8,2827,1,0,0.355665,0.677832,1,25*4*1,64*16*1
984,2545.76,2828,1,0,0.35567,0.677835,1,25*4*1,64*16*1
985,2544.39,2827,1,0,0.355861,0.677931,1,25*4*1,64*16*1
986,2543.97,2828,1,0,0.355921,0.67796,1,25*4*1,64*16*1
987,2543.83,2827,1,0,0.35594,0.67797,1,25*4*1,64*16*1
988,2543.66,2828,1,0,0.355963,0.677982,1,25*4*1,64*16*1
989,2543.33,2827,1,0,0.35601,0.678005,1,25*4*1,64*16*1
990,2543.23,2828,1,0,0.356023,0.678012,1,25*4*1,64*16*1
991,2543.09,2827,1,0,0.356043,0.678022,1,25*4*1,64*16*1
992,2543.08,2828,1,0,0.356044,0.678022,1,25*4*1,64*16*1
993,2542.45,2827,1,0,0.356132,0.678066,1,25*4*1,64*16*1
994,2541.39,2828,1,0,0.356281,0.67814,1,25*4*1,64*16*1
995,2540.83,2828,1,0,0.35636,0.67818,1,25*4*1,64*16*1
996,2540.3,2827,1,0,0.356435,0.678217,1,25*4*1,64*16*1
997,2540.15,2828,1,0,0.356455,0.678228,1,25*4*1,64*16*1
998,2539.83,2827,1,0,0.356501,0.67825,1,25*4*1,64*16*1
999,2538.33,2828,1,0,0.35671,0.678355,1,25*4*1,64*16*1
1000,2537.46,2827,1,0,0.356833,0.678417,1,25*4*1,64*16*1
1001,2535.74,2828,1,0,0.357076,0.678538,1,25*4*1,64*16*1
1002,2535,2827,1,0,0.357179,0.67859,1,25*4*1,64*16*1
1003,2533.98,2828,1,0,0.357323,0.678661,1,25*4*1,64*16*1
1004,2533.02,2827,1,0,0.357458,0.678729,1,25*4*1,64*16*1
1005,2531.3,2828,1,0,0.357702,0.678851,1,25*4*1,64*16*1
1006,2531.2,2827,1,0,0.357715,0.678858,1,25*4*1,64*16*1
1007,2530.83,2828,1,0,0.357768,0.678884,1,25*4*1,64*16*1
1008,2530.1,2827,1,0,0.357871,0.678936,1,25*4*1,64*16*1
1009,2529.99,2828,1,0,0.357887,0.678944,1,25*4*1,64*16*1
1010,2529.64,2828,1,0,0.357937,0.678968,1,25*4*1,64*16*1
1011,2529.58,2827,1,0,0.357945,0.678972,1,25*4*1,64*16*1
1012,2528.99,2828,1,0,0.358028,0.679014,1,25*4*1,64*16*1
1013,2528.68,2827,1,0,0.358072,0.679036,1,25*4*1,64*16*1
1014,2528.66,2828,1,0,0.358075,0.679038,1,25*4*1,64*16*1
1015,2528.46,2827,1,0,0.358103,0.679051,1,25*4*1,64*16*1
1016,2528.42,2828,1,0,0.358109,0.679055,1,25*4*1,64*16*1
1017,2527.43,2827,1,0,0.35825,0.679125,1,25*4*1,64*16*1
1018,2527.05,2828,1,0,0.358303,0.679151,1,25*4*1,64*16*1
1019,2526.51,2827,1,0,0.35838,0.67919,1,25*4*1,64*16*1
1020,2526.22,2828,1,0,0.358421,0.679211,1,25*4*1,64*16*1
1021,2526.08,2827,1,0,0.35844,0.67922,1,25*4*1,64*16*1
1022,2525.25,2828,1,0,0.358558,0.679279,1,25*4*1,64*16*1
1023,2525.11,2827,1,0,0.358579,0.67929,1,25*4*1,64*16*1
1024,2524.61,2828,1,0,0.358649,0.679325,1,25*4*1,64*16*1
1025,2524.59,2827,1,0,0.358653,0.679326,1,25*4*1,64*16*1
1026,2523.76,2828,1,0,0.358771,0.679385,1,25*4*1,64*16*1
1027,2523.59,2827,1,0,0.358794,0.679397,1,25*4*1,64*16*1
1028,2523.55,2828,1,0,0.3588,0.6794,1,25*4*1,64*16*1
1029,2523.12,2828,1,0,0.358861,0.679431,1,25*4*1,64*16*1
1030,2523.09,2827,1,0,0.358865,0.679432,1,25*4*1,64*16*1
1031,2522.85,2828,1,0,0.3589,0.67945,1,25*4*1,64*16*1
1032,2522.55,2827,1,0,0.358943,0.679472,1,25*4*1,64*16*1
1033,2522.39,2828,1,0,0.358965,0.679482,1,25*4*1,64*16*1
1034,2522.34,2827,1,0,0.358972,0.679486,1,25*4*1,64*16*1
1035,2522.25,2828,1,0,0.358985,0.679492,1,25*4*1,64*16*1
1036,2522.16,2827,1,0,0.358998,0.679499,1,25*4*1,64*16*1
1037,2522.15,2828,1,0,0.359,0.6795,1,25*4*1,64*16*1
1038,2521.47,2827,1,0,0.359096,0.679548,1,25*4*1,64*16*1
1039,2521.4,2828,1,0,0.359106,0.679553,1,25*4*1,64*16*1
1040,2521.1,2827,1,0,0.359149,0.679574,1,25*4*1,64*16*1
1041,2521.06,2828,1,0,0.359155,0.679577,1,25*4*1,64*16*1
1042,2520.74,2827,1,0,0.3592,0.6796,1,25*4*1,64*16*1
1043,2520.27,2828,1,0,0.359267,0.679633,1,25*4*1,64*16*1
1044,2520.22,2828,1,0,0.359274,0.679637,1,25*4*1,64*16*1
1045,2520.16,2827,1,0,0.359282,0.679641,1,25*4*1,64*16*1
1046,2519.87,2828,1,0,0.359325,0.679662,1,25*4*1,64*16*1
1047,2519.72,2827,1,0,0.359345,0.679673,1,25*4*1,64*16*1
1048,2519.69,2828,1,0,0.359349,0.679675,1,25*4*1,64*16*1
1049,2519.68,2827,1,0,0.359351,0.679676,1,25*4*1,64*16*1
1050,2519.44,2828,1,0,0.359386,0.679693,1,25*4*1,64*16*1
1051,2519.22,2827,1,0,0.359416,0.679708,1,25*4*1,64*16*1
1052,2519.17,2828,1,0,0.359424,0.679712,1,25*4*1,64*16*1
1053,2519.16,2827,1,0,0.359425,0.679713,1,25*4*1,64*16*1
1054,2519.16,2828,1,0,0.359426,0.679713,1,25*4*1,64*16*1
1055,2518.9,2827,1,0,0.359463,0.679731,1,25*4*1,64*16*1
1056,2518.83,2828,1,0,0.359473,0.679736,1,25*4*1,64*16*1
1057,2518.78,2827,1,0,0.35948,0.67974,1,25*4*1,64*16*1
1058,2518.74,2828,1,0,0.359486,0.679743,1,25*4*1,64*16*1
1059,2518.72,2828,1,0,0.359489,0.679744,1,25*4*1,64*16*1
1060,2518.4,2827,1,0,0.359534,0.679767,1,25*4*1,64*16*1
1061,2518.27,2828,1,0,0.359552,0.679776,1,25*4*1,64*16*1
1062,2518.2,2827,1,0,0.359563,0.679781,1,25*4*1,64*16*1
1063,2517.93,2828,1,0,0.359602,0.679801,1,25*4*1,64*16*1
1064,2517.9,2827,1,0,0.359605,0.679803,1,25*4*1,64*16*1
1065,2517.61,2828,1,0,0.359646,0.679823,1,25*4*1,64*16*1
1066,2517.61,2827,1,0,0.359646,0.679823,1,25*4*1,64*16*1
1067,2517.55,2828,1,0,0.359656,0.679828,1,25*4*1,64*16*1
1068,2517.51,2827,1,0,0.359661,0.679831,1,25*4*1,64*16*1
1069,2517.24,2828,1,0,0.359699,0.67985,1,25*4*1,64*16*1
1070,2517.19,2827,1,0,0.359707,0.679854,1,25*4*1,64*16*1
1071,2517.07,2828,1,0,0.359725,0.679862,1,25*4*1,64*16*1
1072,2516.92,2827,1,0,0.359746,0.679873,1,25*4*1,64*16*1
1073,2516.89,2828,1,0,0.35975,0.679875,1,25*4*1,64*16*1
1074,2516.58,2827,1,0,0.359793,0.679897,1,25*4*1,64*16*1
1075,2516.36,2828,1,0,0.359825,0.679913,1,25*4*1,64*16*1
1076,2515.78,2827,1,0,0.359908,0.679954,1,25*4*1,64*16*1
1077,2515.74,2828,1,0,0.359915,0.679957,1,25*4*1,64*16*1
1078,2515.66,2828,1,0,0.359926,0.679963,1,25*4*1,64*16*1
1079,2515.57,2827,1,0,0.359939,0.679969,1,25*4*1,64*16*1
1080,2515.36,2828,1,0,0.359969,0.679984,1,25*4*1,64*16*1
1081,2515.25,2827,1,0,0.359985,0.679992,1,25*4*1,64*16*1
1082,2515.18,2828,1,0,0.359994,0.679997,1,25*4*1,64*16*1
1083,2515.12,2827,1,0,0.360002,0.680001,1,25*4*1,64*16*1
1084,2514.91,2828,1,0,0.360032,0.680016,1,25*4*1,64*16*1
1085,2514.72,2827,1,0,0.36006,0.68003,1,25*4*1,64*16*1
1086,2514.61,2828,1,0,0.360076,0.680038,1,25*4*1,64*16*1
1087,2514.58,2827,1,0,0.36008,0.68004,1,25*4*1,64*16*1
1088,2514.45,2828,1,0,0.360099,0.680049,1,25*4*1,64*16*1
1089,2514.2,2827,1,0,0.360134,0.680067,1,25*4*1,64*16*1
1090,2514.18,2828,1,0,0.360137,0.680068,1,25*4*1,64*16*1
1091,2513.99,2827,1,0,0.360164,0.680082,1,25*4*1,64*16*1
1092,2513.98,2828,1,0,0.360166,0.680083,1,25*4*1,64*16*1
1093,2512.8,2828,1,0,0.360336,0.680168,1,25*4*1,64*16*1
1094,2512.34,2827,1,0,0.360401,0.6802,1,25*4*1,64*16*1
1095,2512.22,2828,1,0,0.360419,0.680209,1,25*4*1,64*16*1
1096,2511.99,2827,1,0,0.360452,0.680226,1,25*4*1,64*16*1
1097,2510.41,2828,1,0,0.360678,0.680339,1,25*4*1,64*16*1
1098,2509.52,2827,1,0,0.360806,0.680403,1,25*4*1,64*16*1
