1,2509,12656,0,0,0.919849,0.959924,111,25*4*6,64*8*3
2,2509,12657,1,0,0.919849,0.959924,111,25*4*6,64*8*3
3,2509,12657,1,0,0.919849,0.959924,111,25*4*6,64*8*3
4,2509,12657,1,0,0.919849,0.959924,111,25*4*6,64*8*3
5,2509,12657,1,0,0.919849,0.959924,111,25*4*6,64*8*3
6,2509,12657,1,0,0.919849,0.959924,111,25*4*6,64*8*3
7,2509,12657,1,0,0.919849,0.959924,111,25*4*6,64*8*3
8,2509,12657,1,0,0.919849,0.959924,111,25*4*6,64*8*3
9,2509,12657,1,0,0.919849,0.959924,111,25*4*6,64*8*3
10,2509,12657,1,0,0.919849,0.959924,111,25*4*6,64*8*3
11,2509,12657,1,0,0.919849,0.959924,111,25*4*6,64*8*3
12,2509,12657,1,0,0.919849,0.959924,111,25*4*6,64*8*3
13,2509,12657,1,0,0.919849,0.959924,111,25*4*6,64*8*3
14,2509,12657,1,0,0.919849,0.959924,111,25*4*6,64*8*3
15,2509,12657,1,0,0.919849,0.959924,111,25*4*6,64*8*3
16,2509,12657,1,0,0.919849,0.959924,111,25*4*6,64*8*3
17,2509,12657,1,0,0.919849,0.959924,111,25*4*6,64*8*3
18,2509,12657,1,0,0.919849,0.959924,111,25*4*6,64*8*3
19,2509,12657,1,0,0.919849,0.959924,111,25*4*6,64*8*3
20,2509,12657,1,0,0.919849,0.959924,111,25*4*6,64*8*3
21,2509,12657,1,0,0.919849,0.959924,111,25*4*6,64*8*3
22,2509,12657,1,0,0.919849,0.959924,111,25*4*6,64*8*3
23,2509,12657,1,0,0.919849,0.959924,111,25*4*6,64*8*3
24,2509,12657,1,0,0.919849,0.959924,111,25*4*6,64*8*3
25,2509,12657,1,0,0.919849,0.959924,111,25*4*6,64*8*3
26,2509,12657,1,0,0.919849,0.959924,111,25*4*6,64*8*3
27,2509,12657,1,0,0.919849,0.959924,111,25*4*6,64*8*3
28,2509,12657,1,0,0.919849,0.959924,111,25*4*6,64*8*3
29,2509,12657,1,0,0.919849,0.959924,111,25*4*6,64*8*3
30,2509,12657,1,0,0.919849,0.959924,111,25*4*6,64*8*3
31,2509,12657,1,0,0.919849,0.959924,111,25*4*6,64*8*3
32,2509,12657,1,0,0.919849,0.959924,111,25*4*6,64*8*3
33,2509,12657,1,0,0.919849,0.959924,111,25*4*6,64*8*3
34,2509,12657,1,0,0.919849,0.959924,111,25*4*6,64*8*3
35,2509,12657,1,0,0.919849,0.959924,111,25*4*6,64*8*3
36,2509,12657,1,0,0.919849,0.959924,111,25*4*6,64*8*3
37,2509,12657,1,0,0.919849,0.959924,111,25*4*6,64*8*3
38,2509,12657,1,0,0.919849,0.959924,111,25*4*6,64*8*3
39,2509,12657,1,0,0.919849,0.959924,111,25*4*6,64*8*3
40,2509,12657,1,0,0.919849,0.959924,111,25*4*6,64*8*3
41,2509,12657,1,0,0.919849,0.959924,111,25*4*6,64*8*3
42,2509,12657,1,0,0.919849,0.959924,111,25*4*6,64*8*3
43,2509,12657,1,0,0.919849,0.959924,111,25*4*6,64*8*3
44,2509,12657,1,0,0.919849,0.959924,111,25*4*6,64*8*3
45,2509,12657,1,0,0.919849,0.959924,111,25*4*6,64*8*3
46,2509,12657,1,0,0.919849,0.959924,111,25*4*6,64*8*3
47,2509,12657,1,0,0.919849,0.959924,111,25*4*6,64*8*3
48,2509,12657,1,0,0.919849,0.959924,111,25*4*6,64*8*3
49,2509,12657,1,0,0.919849,0.959924,111,25*4*6,64*8*3
50,2509,12657,1,0,0.919849,0.959924,111,25*4*6,64*8*3
51,2509.01,12657,1,0,0.919843,0.959922,111,25*4*6,64*8*3
52,2509.15,12657,1,0,0.919795,0.959897,111,25*4*6,64*8*3
53,2509.19,12657,1,0,0.919777,0.959889,111,25*4*6,64*8*3
54,2509.45,12657,1,0,0.919683,0.959841,111,25*4*6,64*8*3
55,2509.58,12657,1,0,0.919637,0.959818,111,25*4*6,64*8*3
56,2510.1,12657,1,0,0.919446,0.959723,111,25*4*6,64*8*3
57,2510.75,12657,1,0,0.919209,0.959604,111,25*4*6,64*8*3
58,2511.27,12657,1,0,0.919016,0.959508,111,25*4*6,64*8*3
59,2512.21,12657,1,0,0.918674,0.959337,111,25*4*6,64*8*3
60,2513.25,12657,1,0,0.918294,0.959147,111,25*4*6,64*8*3
61,2514.38,12657,1,0,0.917881,0.958941,111,25*4*6,64*8*3
62,2515.04,12657,1,0,0.917641,0.958821,111,25*4*6,64*8*3
63,2516.85,12657,1,0,0.916981,0.95849,111,25*4*6,64*8*3
64,2517,12657,1,0,0.916924,0.958462,111,25*4*6,64*8*3
65,2518.29,12657,1,0,0.916455,0.958227,111,25*4*6,64*8*3
66,2518.35,12657,1,0,0.916434,0.958217,111,25*4*6,64*8*3
67,2518.73,12657,1,0,0.916297,0.958148,111,25*4*6,64*8*3
68,2518.84,12657,1,0,0.916254,0.958127,111,25*4*6,64*8*3
69,2519.09,12657,1,0,0.916165,0.958082,111,25*4*6,64*8*3
70,2519.72,12657,1,0,0.915936,0.957968,111,25*4*6,64*8*3
71,2520.29,12657,1,0,0.91573,0.957865,111,25*4*6,64*8*3
72,2520.81,12657,1,0,0.915539,0.957769,111,25*4*6,64*8*3
73,2521.39,12657,1,0,0.915327,0.957664,111,25*4*6,64*8*3
74,2522.01,12657,1,0,0.915103,0.957551,111,25*4*6,64*8*3
75,2523,12657,1,0,0.914743,0.957372,111,25*4*6,64*8*3
76,2523.35,12657,1,0,0.914616,0.957308,111,25*4*6,64*8*3
77,2524.35,12657,1,0,0.914256,0.957128,111,25*4*6,64*8*3
78,2526.66,12657,1,0,0.91342,0.95671,111,25*4*6,64*8*3
79,2527.04,12657,1,0,0.91328,0.95664,111,25*4*6,64*8*3
80,2527.36,12657,1,0,0.913167,0.956584,111,25*4*6,64*8*3
81,2528.3,12657,1,0,0.912827,0.956414,111,25*4*6,64*8*3
82,2529.72,12657,1,0,0.912315,0.956157,111,25*4*6,64*8*3
83,2530.53,12657,1,0,0.912021,0.956011,111,25*4*6,64*8*3
84,2534.4,12657,1,0,0.91063,0.955315,111,25*4*6,64*8*3
85,2535.67,12657,1,0,0.910174,0.955087,111,25*4*6,64*8*3
86,2540.34,12657,1,0,0.908501,0.954251,111,25*4*6,64*8*3
87,2543.82,12657,1,0,0.907259,0.953629,111,25*4*6,64*8*3
88,2551.14,12657,1,0,0.904656,0.952328,111,25*4*6,64*8*3
89,2564.28,12657,1,0,0.90002,0.95001,111,25*4*6,64*8*3
90,2564.85,12657,1,0,0.899818,0.949909,111,25*4*6,64*8*3
91,2565.21,12657,1,0,0.899694,0.949847,111,25*4*6,64*8*3
92,2565.5,12657,1,0,0.899591,0.949796,111,25*4*6,64*8*3
93,2567.57,12657,1,0,0.898866,0.949433,111,25*4*6,64*8*3
94,2567.87,12657,1,0,0.898761,0.94938,111,25*4*6,64*8*3
95,2570.9,12657,1,0,0.897703,0.948851,111,25*4*6,64*8*3
96,2573.71,12657,1,0,0.89672,0.94836,111,25*4*6,64*8*3
97,2573.71,12657,1,0,0.89672,0.94836,111,25*4*6,64*8*3
98,2577.27,12657,1,0,0.895483,0.947742,111,25*4*6,64*8*3
99,2578.34,12657,1,0,0.895112,0.947556,111,25*4*6,64*8*3
100,2578.46,12657,1,0,0.895069,0.947534,111,25*4*6,64*8*3
101,2579.96,12657,1,0,0.894548,0.947274,111,25*4*6,64*8*3
102,2580.69,12657,1,0,0.894297,0.947149,111,25*4*6,64*8*3
103,2585.91,12657,1,0,0.892489,0.946245,111,25*4*6,64*8*3
104,2591.06,12657,1,0,0.890715,0.945357,111,25*4*6,64*8*3
105,2591.53,12657,1,0,0.890556,0.945278,111,25*4*6,64*8*3
106,2592.28,12657,1,0,0.890296,0.945148,111,25*4*6,64*8*3
107,2598.89,12657,1,0,0.888033,0.944017,111,25*4*6,64*8*3
108,2604.06,12657,1,0,0.886271,0.943135,112,25*4*6,64*8*3
109,2604.46,12657,1,0,0.886134,0.943067,112,25*4*6,64*8*3
110,2609.56,12657,1,0,0.884402,0.942201,114,25*4*6,64*8*3
111,2610.69,12657,1,0,0.884019,0.94201,114,25*4*6,64*8*3
112,2613.94,12657,1,0,0.88292,0.94146,114,25*4*6,64*8*3
113,2614.03,12657,1,0,0.88289,0.941445,114,25*4*6,64*8*3
114,2614.82,12657,1,0,0.882622,0.941311,114,25*4*6,64*8*3
115,2616.29,12657,1,0,0.882128,0.941064,116,25*4*6,64*8*3
116,2616.97,12657,1,0,0.881898,0.940949,116,25*4*6,64*8*3
117,2618.8,12657,1,0,0.88128,0.94064,116,25*4*6,64*8*3
118,2628.01,12657,1,0,0.878194,0.939097,116,25*4*6,64*8*3
119,2630.49,12657,1,0,0.877364,0.938682,116,25*4*6,64*8*3
120,2631.93,12657,1,0,0.876886,0.938443,116,25*4*6,64*8*3
121,2632.54,12657,1,0,0.876682,0.938341,118,25*4*6,64*8*3
122,2636.45,12657,1,0,0.875382,0.937691,118,25*4*6,64*8*3
123,2639.19,12657,1,0,0.874473,0.937236,118,25*4*6,64*8*3
124,2644.44,12657,1,0,0.872737,0.936369,118,25*4*6,64*8*3
125,2651.06,12657,1,0,0.870558,0.935279,118,25*4*6,64*8*3
126,2653.73,12657,1,0,0.869683,0.934841,118,25*4*6,64*8*3
127,2654.72,12657,1,0,0.869359,0.934679,118,25*4*6,64*8*3
128,2655.17,12657,1,0,0.869211,0.934605,118,25*4*6,64*8*3
129,2655.28,12657,1,0,0.869174,0.934587,118,25*4*6,64*8*3
130,2658.31,12657,1,0,0.868184,0.934092,118,25*4*6,64*8*3
131,2658.42,12657,1,0,0.868148,0.934074,118,25*4*6,64*8*3
132,2662.89,12657,1,0,0.86669,0.933345,118,25*4*6,64*8*3
133,2662.94,12657,1,0,0.866674,0.933337,118,25*4*6,64*8*3
134,2664.86,12657,1,0,0.866051,0.933025,118,25*4*6,64*8*3
135,2665.15,12657,1,0,0.865954,0.932977,118,25*4*6,64*8*3
136,2666.69,13978,1,0,0.936199,0.968099,120,25*4*7,64*8*3
137,2673.65,13978,1,0,0.933762,0.966881,120,25*4*7,64*8*3
138,2680.59,13978,1,0,0.931345,0.965672,120,25*4*7,64*8*3
139,2685.29,13978,1,0,0.929715,0.964857,120,25*4*7,64*8*3
140,2687.29,13978,1,0,0.92902,0.96451,120,25*4*7,64*8*3
141,2691.04,13978,1,0,0.927726,0.963863,120,25*4*7,64*8*3
142,2694.15,13978,1,0,0.926655,0.963327,120,25*4*7,64*8*3
143,2699.53,13978,1,0,0.924808,0.962404,120,25*4*7,64*8*3
144,2701.57,13978,1,0,0.924111,0.962056,120,25*4*7,64*8*3
145,2701.63,13978,1,0,0.924091,0.962046,120,25*4*7,64*8*3
146,2704.26,13978,1,0,0.923191,0.961596,120,25*4*7,64*8*3
147,2705.08,13978,1,0,0.922912,0.961456,120,25*4*7,64*8*3
148,2709.44,13978,1,0,0.921428,0.960714,120,25*4*7,64*8*3
149,2710.55,13978,1,0,0.92105,0.960525,120,25*4*7,64*8*3
150,2712.57,13978,1,0,0.920365,0.960182,120,25*4*7,64*8*3
151,2713.06,13978,1,0,0.920198,0.960099,120,25*4*7,64*8*3
152,2713.74,13978,1,0,0.919967,0.959984,120,25*4*7,64*8*3
153,2715.95,13978,1,0,0.919217,0.959608,120,25*4*7,64*8*3
154,2719.28,13978,1,0,0.918093,0.959046,120,25*4*7,64*8*3
155,2719.38,13978,1,0,0.918059,0.95903,120,25*4*7,64*8*3
156,2720.15,13978,1,0,0.917797,0.958899,120,25*4*7,64*8*3
157,2721.4,13978,1,0,0.917376,0.958688,120,25*4*7,64*8*3
158,2724.24,13978,1,0,0.91642,0.95821,120,25*4*7,64*8*3
159,2730.5,13978,1,0,0.91432,0.95716,120,25*4*7,64*8*3
160,2731.39,13978,1,0,0.91402,0.95701,120,25*4*7,64*8*3
161,2731.5,13978,1,0,0.913986,0.956993,120,25*4*7,64*8*3
162,2735.63,13978,1,0,0.912605,0.956303,122,25*4*7,64*8*3
163,2736.1,13978,1,0,0.912448,0.956224,122,25*4*7,64*8*3
164,2738.39,13978,1,0,0.911684,0.955842,122,25*4*7,64*8*3
165,2745.02,13978,1,0,0.909484,0.954742,122,25*4*7,64*8*3
166,2746.47,13978,1,0,0.909004,0.954502,122,25*4*7,64*8*3
167,2746.99,13978,1,0,0.908832,0.954416,122,25*4*7,64*8*3
168,2748.22,13978,1,0,0.908423,0.954211,122,25*4*7,64*8*3
169,2752.12,13978,1,0,0.907136,0.953568,122,25*4*7,64*8*3
170,2754.94,13978,1,0,0.906207,0.953104,122,25*4*7,64*8*3
171,2758.03,13978,1,0,0.905194,0.952597,122,25*4*7,64*8*3
172,2759.5,13978,1,0,0.904711,0.952355,122,25*4*7,64*8*3
173,2764.35,13978,1,0,0.903124,0.951562,122,25*4*7,64*8*3
174,2764.56,13978,1,0,0.903055,0.951527,122,25*4*7,64*8*3
175,2765.37,13978,1,0,0.902791,0.951395,122,25*4*7,64*8*3
176,2768.19,13978,1,0,0.901871,0.950936,122,25*4*7,64*8*3
177,2774.1,13978,1,0,0.89995,0.949975,122,25*4*7,64*8*3
178,2774.51,13978,1,0,0.899816,0.949908,122,25*4*7,64*8*3
179,2776.31,13978,1,0,0.899232,0.949616,122,25*4*7,64*8*3
180,2778.86,13978,1,0,0.898406,0.949203,122,25*4*7,64*8*3
181,2780.11,13978,1,0,0.898005,0.949002,122,25*4*7,64*8*3
182,2782.57,13978,1,0,0.897209,0.948604,122,25*4*7,64*8*3
183,2784.96,13978,1,0,0.89644,0.94822,122,25*4*7,64*8*3
184,2789.88,13978,1,0,0.894859,0.94743,122,25*4*7,64*8*3
185,2799.68,13978,1,0,0.891727,0.945864,122,25*4*7,64*8*3
186,2807.16,13978,1,0,0.889349,0.944675,122,25*4*7,64*8*3
187,2808.19,13978,1,0,0.889024,0.944512,122,25*4*7,64*8*3
188,2810.67,13978,1,0,0.88824,0.94412,122,25*4*7,64*8*3
189,2810.87,13978,1,0,0.888178,0.944089,122,25*4*7,64*8*3
190,2813.55,13978,1,0,0.887332,0.943666,122,25*4*7,64*8*3
191,2821.53,13978,1,0,0.884821,0.94241,122,25*4*7,64*8*3
192,2821.83,13978,1,0,0.884726,0.942363,122,25*4*7,64*8*3
193,2822.81,13978,1,0,0.884421,0.942211,122,25*4*7,64*8*3
194,2826.35,13978,1,0,0.883314,0.941657,122,25*4*7,64*8*3
195,2826.66,13978,1,0,0.883214,0.941607,122,25*4*7,64*8*3
196,2829.66,13978,1,0,0.88228,0.94114,122,25*4*7,64*8*3
197,2832.88,13978,1,0,0.881277,0.940638,122,25*4*7,64*8*3
198,2833.96,13978,1,0,0.88094,0.94047,122,25*4*7,64*8*3
199,2853.71,13978,1,0,0.874842,0.937421,122,25*4*7,64*8*3
200,2859.87,13978,1,0,0.872959,0.936479,122,25*4*7,64*8*3
201,2864.9,13978,1,0,0.871427,0.935713,122,25*4*7,64*8*3
202,2866.29,13978,1,0,0.871005,0.935502,122,25*4*7,64*8*3
203,2868.9,15415,1,0,0.960002,0.980001,124,25*4*7,64*16*2
204,2869.11,15414,1,0,0.959933,0.979967,124,25*4*7,64*16*2
205,2870.03,15415,1,0,0.959624,0.979812,124,25*4*7,64*16*2
206,2870.25,15414,1,0,0.959552,0.979776,124,25*4*7,64*16*2
207,2875.45,15415,1,0,0.957816,0.978908,124,25*4*7,64*16*2
208,2878.16,15414,1,0,0.956914,0.978457,124,25*4*7,64*16*2
209,2879.84,15415,1,0,0.956354,0.978177,124,25*4*7,64*16*2
210,2880.51,15414,1,0,0.956131,0.978066,124,25*4*7,64*16*2
211,2887.34,15415,1,0,0.95387,0.976935,124,25*4*7,64*16*2
212,2888.57,15414,1,0,0.953467,0.976733,124,25*4*7,64*16*2
213,2890.03,15415,1,0,0.952983,0.976492,124,25*4*7,64*16*2
214,2893.82,15414,1,0,0.951737,0.975868,124,25*4*7,64*16*2
215,2896.51,15415,1,0,0.950851,0.975426,124,25*4*7,64*16*2
216,2899.02,15414,1,0,0.950029,0.975014,124,25*4*7,64*16*2
217,2903.9,15414,1,0,0.948431,0.974215,124,25*4*7,64*16*2
218,2904.35,15415,1,0,0.948283,0.974142,124,25*4*7,64*16*2
219,2906.73,15414,1,0,0.947507,0.973754,124,25*4*7,64*16*2
220,2907.9,15415,1,0,0.947127,0.973564,124,25*4*7,64*16*2
221,2931.53,15414,1,0,0.939494,0.969747,124,25*4*7,64*16*2
222,2935.69,15414,1,0,0.93816,0.96908,124,25*4*7,64*16*2
223,2941.54,15415,1,0,0.936297,0.968148,124,25*4*7,64*16*2
224,2945.68,15414,1,0,0.934978,0.967489,124,25*4*7,64*16*2
225,2946.14,15415,1,0,0.934834,0.967417,124,25*4*7,64*16*2
226,2948.75,15414,1,0,0.934006,0.967003,124,25*4*7,64*16*2
227,2949.69,15414,1,0,0.933707,0.966854,124,25*4*7,64*16*2
228,2955.44,15415,1,0,0.931891,0.965946,124,25*4*7,64*16*2
229,2958.93,15414,1,0,0.930794,0.965397,124,25*4*7,64*16*2
230,2960.66,15414,1,0,0.930247,0.965124,124,25*4*7,64*16*2
231,2962.61,15415,1,0,0.929635,0.964818,124,25*4*7,64*16*2
232,2972.27,15414,1,0,0.926614,0.963307,124,25*4*7,64*16*2
233,2973.68,15415,1,0,0.926175,0.963088,124,25*4*7,64*16*2
234,2980.2,15414,1,0,0.924149,0.962075,124,25*4*7,64*16*2
235,2981.07,15415,1,0,0.923881,0.96194,124,25*4*7,64*16*2
236,2983.07,15414,1,0,0.923259,0.96163,124,25*4*7,64*16*2
237,2983.69,15415,1,0,0.923068,0.961534,124,25*4*7,64*16*2
238,2986.74,15414,1,0,0.922124,0.961062,124,25*4*7,64*16*2
239,2990.58,15415,1,0,0.920942,0.960471,124,25*4*7,64*16*2
240,2996.54,15414,1,0,0.91911,0.959555,124,25*4*7,64*16*2
241,2998.66,15415,1,0,0.918461,0.95923,124,25*4*7,64*16*2
242,3004.56,15414,1,0,0.916657,0.958328,124,25*4*7,64*16*2
243,3007.23,15415,1,0,0.915842,0.957921,124,25*4*7,64*16*2
244,3008.4,15414,1,0,0.915488,0.957744,124,25*4*7,64*16*2
245,3009.01,15415,1,0,0.9153,0.95765,124,25*4*7,64*16*2
246,3009.95,15414,1,0,0.915015,0.957508,124,25*4*7,64*16*2
247,3013.41,15415,1,0,0.913966,0.956983,124,25*4*7,64*16*2
248,3014.09,15414,1,0,0.913758,0.956879,124,25*4*7,64*16*2
249,3018.45,15415,1,0,0.912437,0.956219,124,25*4*7,64*16*2
250,3020.26,15414,1,0,0.91189,0.955945,124,25*4*7,64*16*2
251,3021.28,15414,1,0,0.911582,0.955791,124,25*4*7,64*16*2
252,3027.38,15415,1,0,0.909747,0.954873,124,25*4*7,64*16*2
253,3029.39,15414,1,0,0.909145,0.954572,124,25*4*7,64*16*2
254,3031.45,15415,1,0,0.908525,0.954263,124,25*4*7,64*16*2
255,3032.07,15414,1,0,0.908341,0.95417,124,25*4*7,64*16*2
256,3032.44,15414,1,0,0.90823,0.954115,124,25*4*7,64*16*2
257,3033.58,15415,1,0,0.907887,0.953943,124,25*4*7,64*16*2
258,3038.59,15414,1,0,0.906391,0.953196,124,25*4*7,64*16*2
259,3041.04,15415,1,0,0.905661,0.952831,124,25*4*7,64*16*2
260,3041.34,15414,1,0,0.90557,0.952785,124,25*4*7,64*16*2
261,3043.57,15415,1,0,0.904907,0.952454,124,25*4*7,64*16*2
262,3054.27,15414,1,0,0.901739,0.950869,124,25*4*7,64*16*2
263,3056.04,15415,1,0,0.901215,0.950607,124,25*4*7,64*16*2
264,3056.17,15414,1,0,0.901176,0.950588,124,25*4*7,64*16*2
265,3058.03,15415,1,0,0.900628,0.950314,124,25*4*7,64*16*2
266,3062.06,15414,1,0,0.899444,0.949722,124,25*4*7,64*16*2
267,3064.67,15415,1,0,0.898676,0.949338,124,25*4*7,64*16*2
268,3069.06,15414,1,0,0.897392,0.948696,124,25*4*7,64*16*2
269,3071.43,15415,1,0,0.896699,0.948349,124,25*4*7,64*16*2
270,3072.47,15414,1,0,0.896397,0.948198,124,25*4*7,64*16*2
271,3072.56,15415,1,0,0.896369,0.948185,124,25*4*7,64*16*2
272,3074.97,15414,1,0,0.895668,0.947834,124,25*4*7,64*16*2
273,3077.89,15415,1,0,0.894819,0.94741,124,25*4*7,64*16*2
274,3084.87,15414,1,0,0.892793,0.946396,124,25*4*7,64*16*2
275,3085.06,15415,1,0,0.892737,0.946369,124,25*4*7,64*16*2
276,3085.64,15414,1,0,0.89257,0.946285,124,25*4*7,64*16*2
277,3086.92,15415,1,0,0.892201,0.9461,124,25*4*7,64*16*2
278,3089.17,15414,1,0,0.891551,0.945776,124,25*4*7,64*16*2
279,3090.24,15415,1,0,0.89124,0.94562,124,25*4*7,64*16*2
280,3090.37,15414,1,0,0.891204,0.945602,124,25*4*7,64*16*2
281,3090.78,15415,1,0,0.891085,0.945543,124,25*4*7,64*16*2
282,3094.75,15414,1,0,0.889944,0.944972,124,25*4*7,64*16*2
283,3095.34,15414,1,0,0.889772,0.944886,124,25*4*7,64*16*2
284,3095.65,15415,1,0,0.889685,0.944842,124,25*4*7,64*16*2
285,3097.09,15414,1,0,0.88927,0.944635,124,25*4*7,64*16*2
286,3100.2,15415,1,0,0.888377,0.944189,124,25*4*7,64*16*2
287,3100.57,15414,1,0,0.888273,0.944136,124,25*4*7,64*16*2
288,3115.83,15414,1,0,0.883921,0.94196,124,25*4*7,64*16*2
289,3118.12,15415,1,0,0.883272,0.941636,124,25*4*7,64*16*2
290,3119.26,15414,1,0,0.882949,0.941474,124,25*4*7,64*16*2
291,3121.68,15415,1,0,0.882265,0.941132,124,25*4*7,64*16*2
292,3121.87,15414,1,0,0.882211,0.941105,124,25*4*7,64*16*2
293,3122.71,15415,1,0,0.881973,0.940987,124,25*4*7,64*16*2
294,3123.5,15414,1,0,0.88175,0.940875,124,25*4*7,64*16*2
295,3123.9,15415,1,0,0.881638,0.940819,124,25*4*7,64*16*2
296,3127.93,15414,1,0,0.880501,0.940251,124,25*4*7,64*16*2
297,3128.14,15415,1,0,0.880444,0.940222,124,25*4*7,64*16*2
298,3129.72,15414,1,0,0.879998,0.939999,124,25*4*7,64*16*2
299,3130.3,15415,1,0,0.879837,0.939919,124,25*4*7,64*16*2
300,3132.07,15414,1,0,0.879338,0.939669,124,25*4*7,64*16*2
301,3132.21,15415,1,0,0.879299,0.939649,124,25*4*7,64*16*2
302,3136.44,16870,0,0,0.938262,0.969131,125,25*4*8,64*16*2
303,3137.82,16871,1,0,0.937849,0.968924,125,25*4*8,64*16*2
304,3141.76,16871,1,0,0.936674,0.968337,125,25*4*8,64*16*2
305,3142,16871,1,0,0.9366,0.9683,125,25*4*8,64*16*2
306,3146.46,16870,1,0,0.935273,0.967636,125,25*4*8,64*16*2
307,3149.62,16871,1,0,0.934336,0.967168,125,25*4*8,64*16*2
308,3150.99,16871,1,0,0.93393,0.966965,125,25*4*8,64*16*2
309,3152.09,16871,1,0,0.933602,0.966801,125,25*4*8,64*16*2
310,3153.39,16870,1,0,0.933217,0.966609,125,25*4*8,64*16*2
311,3153.72,16871,1,0,0.93312,0.96656,125,25*4*8,64*16*2
312,3155.18,16871,1,0,0.932687,0.966343,125,25*4*8,64*16*2
313,3155.62,16871,1,0,0.932557,0.966278,125,25*4*8,64*16*2
314,3155.7,16870,1,0,0.932535,0.966268,125,25*4*8,64*16*2
315,3160.8,16871,1,0,0.931029,0.965514,125,25*4*8,64*16*2
316,3163.43,16871,1,0,0.930255,0.965127,125,25*4*8,64*16*2
317,3168.22,16871,1,0,0.928848,0.964424,125,25*4*8,64*16*2
318,3168.9,16871,1,0,0.928651,0.964325,125,25*4*8,64*16*2
319,3170.24,16870,1,0,0.928256,0.964128,125,25*4*8,64*16*2
320,3170.62,16871,1,0,0.928145,0.964073,125,25*4*8,64*16*2
321,3173.49,16871,1,0,0.927307,0.963654,125,25*4*8,64*16*2
322,3178.28,16871,1,0,0.925911,0.962955,125,25*4*8,64*16*2
323,3178.56,16870,1,0,0.925828,0.962914,125,25*4*8,64*16*2
324,3178.56,16871,1,0,0.925828,0.962914,125,25*4*8,64*16*2
325,3179.75,16871,1,0,0.925483,0.962741,125,25*4*8,64*16*2
326,3179.88,16871,1,0,0.925444,0.962722,125,25*4*8,64*16*2
327,3181.21,16871,1,0,0.925058,0.962529,125,25*4*8,64*16*2
328,3181.44,16870,1,0,0.92499,0.962495,125,25*4*8,64*16*2
329,3184.95,16871,1,0,0.923972,0.961986,125,25*4*8,64*16*2
330,3184.99,16871,1,0,0.92396,0.96198,125,25*4*8,64*16*2
331,3186.39,16871,1,0,0.923554,0.961777,125,25*4*8,64*16*2
332,3189.44,16871,1,0,0.92267,0.961335,125,25*4*8,64*16*2
333,3190.96,16870,1,0,0.92223,0.961115,125,25*4*8,64*16*2
334,3195.45,16871,1,0,0.920935,0.960468,125,25*4*8,64*16*2
335,3195.61,16871,1,0,0.920888,0.960444,125,25*4*8,64*16*2
336,3197.02,16871,1,0,0.920482,0.960241,125,25*4*8,64*16*2
337,3197.04,16870,1,0,0.920477,0.960238,125,25*4*8,64*16*2
338,3197.96,16871,1,0,0.920213,0.960106,125,25*4*8,64*16*2
339,3198.05,16871,1,0,0.920185,0.960093,125,25*4*8,64*16*2
340,3198.72,16871,1,0,0.919992,0.959996,125,25*4*8,64*16*2
341,3199.87,16871,1,0,0.919663,0.959832,125,25*4*8,64*16*2
342,3202.9,16870,1,0,0.918791,0.959396,125,25*4*8,64*16*2
343,3202.92,16871,1,0,0.918787,0.959394,125,25*4*8,64*16*2
344,3208.09,16871,1,0,0.917307,0.958653,125,25*4*8,64*16*2
345,3210.89,16870,1,0,0.916506,0.958253,125,25*4*8,64*16*2
346,3211.03,16871,1,0,0.916465,0.958232,125,25*4*8,64*16*2
347,3212.67,16871,1,0,0.915998,0.957999,125,25*4*8,64*16*2
348,3213.25,16871,1,0,0.915834,0.957917,125,25*4*8,64*16*2
349,3226.77,16871,1,0,0.911995,0.955998,125,25*4*8,64*16*2
350,3234.51,16870,1,0,0.909813,0.954906,125,25*4*8,64*16*2
351,3235.85,16871,1,0,0.909435,0.954718,125,25*4*8,64*16*2
352,3237.93,16871,1,0,0.908851,0.954426,125,25*4*8,64*16*2
353,3241.96,16871,1,0,0.907721,0.953861,125,25*4*8,64*16*2
354,3242.54,16870,1,0,0.90756,0.95378,125,25*4*8,64*16*2
355,3242.99,16871,1,0,0.907433,0.953717,125,25*4*8,64*16*2
356,3244.64,16871,1,0,0.906972,0.953486,125,25*4*8,64*16*2
357,3245.35,16871,1,0,0.906774,0.953387,125,25*4*8,64*16*2
358,3245.93,16871,1,0,0.906613,0.953306,125,25*4*8,64*16*2
359,3245.93,16870,1,0,0.906612,0.953306,125,25*4*8,64*16*2
360,3246.19,16871,1,0,0.906539,0.953269,125,25*4*8,64*16*2
361,3246.23,16871,1,0,0.90653,0.953265,125,25*4*8,64*16*2
362,3248.34,16871,1,0,0.905941,0.95297,125,25*4*8,64*16*2
363,3250.35,16870,1,0,0.905379,0.952689,125,25*4*8,64*16*2
364,3257.4,16871,1,0,0.903421,0.951711,125,25*4*8,64*16*2
365,3259.75,16871,1,0,0.902768,0.951384,125,25*4*8,64*16*2
366,3261.63,16870,1,0,0.902249,0.951124,125,25*4*8,64*16*2
367,3262.35,16871,1,0,0.902049,0.951024,125,25*4*8,64*16*2
368,3266.47,16871,1,0,0.900912,0.950456,125,25*4*8,64*16*2
369,3269.84,16871,1,0,0.899984,0.949992,125,25*4*8,64*16*2
370,3269.99,16870,1,0,0.899942,0.949971,125,25*4*8,64*16*2
371,3274.74,16871,1,0,0.898637,0.949319,125,25*4*8,64*16*2
372,3276.88,16871,1,0,0.898048,0.949024,125,25*4*8,64*16*2
373,3278.22,16871,1,0,0.897681,0.948841,125,25*4*8,64*16*2
374,3279.64,16870,1,0,0.897295,0.948647,125,25*4*8,64*16*2
375,3286.03,16871,1,0,0.89555,0.947775,125,25*4*8,64*16*2
376,3287.3,16871,1,0,0.895201,0.947601,125,25*4*8,64*16*2
377,3288.25,16871,1,0,0.894944,0.947472,125,25*4*8,64*16*2
378,3289.54,16870,1,0,0.894592,0.947296,125,25*4*8,64*16*2
379,3291.15,16871,1,0,0.894156,0.947078,125,25*4*8,64*16*2
380,3291.21,16871,1,0,0.89414,0.94707,125,25*4*8,64*16*2
381,3291.93,16871,1,0,0.893944,0.946972,125,25*4*8,64*16*2
382,3293.92,16870,1,0,0.893405,0.946702,125,25*4*8,64*16*2
383,3294.15,16871,1,0,0.893341,0.94667,125,25*4*8,64*16*2
384,3294.27,16871,1,0,0.893309,0.946655,125,25*4*8,64*16*2
385,3296.82,16871,1,0,0.892619,0.94631,125,25*4*8,64*16*2
386,3297.77,16870,1,0,0.892362,0.946181,125,25*4*8,64*16*2
387,3298.11,16871,1,0,0.89227,0.946135,125,25*4*8,64*16*2
388,3298.54,16871,1,0,0.892151,0.946076,125,25*4*8,64*16*2
389,3299.3,16871,1,0,0.891945,0.945973,125,25*4*8,64*16*2
390,3300.44,16870,1,0,0.89164,0.94582,125,25*4*8,64*16*2
391,3301.64,16871,1,0,0.891314,0.945657,125,25*4*8,64*16*2
392,3301.81,16871,1,0,0.891269,0.945635,125,25*4*8,64*16*2
393,3304.34,16871,1,0,0.890587,0.945293,125,25*4*8,64*16*2
394,3304.54,16870,1,0,0.890532,0.945266,125,25*4*8,64*16*2
395,3304.9,16871,1,0,0.890435,0.945217,125,25*4*8,64*16*2
396,3306.03,16871,1,0,0.890132,0.945066,125,25*4*8,64*16*2
397,3308.73,16871,1,0,0.889406,0.944703,125,25*4*8,64*16*2
398,3312,16870,1,0,0.888527,0.944264,125,25*4*8,64*16*2
399,3315.65,16871,1,0,0.88755,0.943775,125,25*4*8,64*16*2
400,3315.84,16871,1,0,0.887496,0.943748,125,25*4*8,64*16*2
401,3315.88,16871,1,0,0.887487,0.943744,125,25*4*8,64*16*2
402,3316.78,16870,1,0,0.887245,0.943622,125,25*4*8,64*16*2
403,3318.9,16871,1,0,0.886679,0.94334,125,25*4*8,64*16*2
404,3319.76,16871,1,0,0.886448,0.943224,125,25*4*8,64*16*2
405,3320.21,16871,1,0,0.886329,0.943164,125,25*4*8,64*16*2
406,3321.91,16870,1,0,0.885877,0.942938,125,25*4*8,64*16*2
407,3322.23,16871,1,0,0.88579,0.942895,125,25*4*8,64*16*2
408,3322.38,16871,1,0,0.88575,0.942875,125,25*4*8,64*16*2
409,3322.81,16871,1,0,0.885637,0.942819,125,25*4*8,64*16*2
410,3322.82,16870,1,0,0.885634,0.942817,125,25*4*8,64*16*2
411,3323.39,16871,1,0,0.885481,0.94274,125,25*4*8,64*16*2
412,3323.74,16871,1,0,0.885388,0.942694,125,25*4*8,64*16*2
413,3323.95,16871,1,0,0.885332,0.942666,125,25*4*8,64*16*2
414,3324.17,16870,1,0,0.885273,0.942636,125,25*4*8,64*16*2
415,3325.21,16871,1,0,0.884997,0.942499,125,25*4*8,64*16*2
416,3326.2,16871,1,0,0.884733,0.942367,125,25*4*8,64*16*2
417,3326.32,16871,1,0,0.884702,0.942351,125,25*4*8,64*16*2
418,3326.62,16870,1,0,0.884622,0.942311,125,25*4*8,64*16*2
419,3326.64,16871,1,0,0.884617,0.942308,125,25*4*8,64*16*2
420,3327.2,16871,1,0,0.884467,0.942233,125,25*4*8,64*16*2
421,3329,16871,1,0,0.883989,0.941994,125,25*4*8,64*16*2
422,3330.45,16870,1,0,0.883605,0.941802,125,25*4*8,64*16*2
423,3330.46,16871,1,0,0.883601,0.9418,125,25*4*8,64*16*2
424,3331.56,16871,1,0,0.883311,0.941655,125,25*4*8,64*16*2
425,3331.95,16871,1,0,0.883207,0.941603,125,25*4*8,64*16*2
426,3332.81,16870,1,0,0.882978,0.941489,125,25*4*8,64*16*2
427,3334.31,16871,1,0,0.882582,0.941291,125,25*4*8,64*16*2
428,3334.41,16871,1,0,0.882555,0.941277,125,25*4*8,64*16*2
429,3335.33,16871,1,0,0.88231,0.941155,125,25*4*8,64*16*2
430,3337.76,16870,1,0,0.881668,0.940834,125,25*4*8,64*16*2
431,3339.93,16871,1,0,0.881095,0.940548,125,25*4*8,64*16*2
432,3340.81,16871,1,0,0.880865,0.940432,125,25*4*8,64*16*2
433,3341.2,16871,1,0,0.880761,0.940381,125,25*4*8,64*16*2
434,3341.2,16870,1,0,0.88076,0.94038,125,25*4*8,64*16*2
435,3341.24,16871,1,0,0.880751,0.940376,125,25*4*8,64*16*2
436,3342.61,16871,1,0,0.88039,0.940195,125,25*4*8,64*16*2
437,3343.03,16871,1,0,0.880278,0.940139,125,25*4*8,64*16*2
438,3343.17,16870,1,0,0.880242,0.940121,125,25*4*8,64*16*2
439,3343.34,16871,1,0,0.880198,0.940099,125,25*4*8,64*16*2
440,3343.67,16871,1,0,0.88011,0.940055,125,25*4*8,64*16*2
441,3343.77,16871,1,0,0.880086,0.940043,125,25*4*8,64*16*2
442,3343.91,16870,1,0,0.880047,0.940024,125,25*4*8,64*16*2
443,3343.92,16871,1,0,0.880046,0.940023,125,25*4*8,64*16*2
444,3344.55,16871,1,0,0.87988,0.93994,125,25*4*8,64*16*2
445,3345.61,16871,1,0,0.879601,0.939801,125,25*4*8,64*16*2
446,3346.17,16870,1,0,0.879454,0.939727,125,25*4*8,64*16*2
447,3346.7,16871,1,0,0.879313,0.939656,125,25*4*8,64*16*2
448,3346.85,16871,1,0,0.879274,0.939637,125,25*4*8,64*16*2
449,3347.17,16871,1,0,0.87919,0.939595,125,25*4*8,64*16*2
450,3348.67,16870,1,0,0.878798,0.939399,125,25*4*8,64*16*2
451,3349.54,16871,1,0,0.878568,0.939284,125,25*4*8,64*16*2
452,3351.26,16871,1,0,0.878116,0.939058,125,25*4*8,64*16*2
453,3352,16871,1,0,0.877924,0.938962,125,25*4*8,64*16*2
454,3353.02,16870,1,0,0.877658,0.938829,125,25*4*8,64*16*2
455,3353.98,16871,1,0,0.877406,0.938703,125,25*4*8,64*16*2
456,3355.7,16871,1,0,0.876954,0.938477,125,25*4*8,64*16*2
457,3355.8,16871,1,0,0.876931,0.938465,125,25*4*8,64*16*2
458,3356.17,16870,1,0,0.876833,0.938416,125,25*4*8,64*16*2
459,3356.9,16871,1,0,0.876642,0.938321,125,25*4*8,64*16*2
460,3357.01,16871,1,0,0.876612,0.938306,125,25*4*8,64*16*2
461,3357.36,16871,1,0,0.876521,0.938261,125,25*4*8,64*16*2
462,3357.42,16870,1,0,0.876507,0.938253,125,25*4*8,64*16*2
463,3358.01,16871,1,0,0.876353,0.938177,125,25*4*8,64*16*2
464,3358.32,16871,1,0,0.876271,0.938136,125,25*4*8,64*16*2
465,3358.34,16871,1,0,0.876266,0.938133,125,25*4*8,64*16*2
466,3358.54,16870,1,0,0.876215,0.938107,125,25*4*8,64*16*2
467,3358.58,16871,1,0,0.876203,0.938102,125,25*4*8,64*16*2
468,3359.57,16871,1,0,0.875944,0.937972,125,25*4*8,64*16*2
469,3359.95,16871,1,0,0.875847,0.937924,125,25*4*8,64*16*2
470,3360.49,16870,1,0,0.875705,0.937853,125,25*4*8,64*16*2
471,3360.78,16871,1,0,0.875629,0.937815,125,25*4*8,64*16*2
472,3360.92,16871,1,0,0.875594,0.937797,125,25*4*8,64*16*2
473,3361.75,16871,1,0,0.875378,0.937689,125,25*4*8,64*16*2
474,3361.89,16870,1,0,0.87534,0.93767,125,25*4*8,64*16*2
475,3362.39,16871,1,0,0.875211,0.937605,125,25*4*8,64*16*2
476,3362.41,16871,1,0,0.875205,0.937603,125,25*4*8,64*16*2
477,3363.24,16871,1,0,0.874989,0.937494,125,25*4*8,64*16*2
478,3363.41,16870,1,0,0.874946,0.937473,125,25*4*8,64*16*2
479,3363.45,16871,1,0,0.874935,0.937468,125,25*4*8,64*16*2
480,3363.88,16871,1,0,0.874823,0.937412,125,25*4*8,64*16*2
481,3363.91,16871,1,0,0.874816,0.937408,125,25*4*8,64*16*2
482,3364.15,16870,1,0,0.874753,0.937376,125,25*4*8,64*16*2
483,3364.45,16871,1,0,0.874674,0.937337,125,25*4*8,64*16*2
484,3364.61,16871,1,0,0.874634,0.937317,125,25*4*8,64*16*2
485,3364.66,16871,1,0,0.874622,0.937311,125,25*4*8,64*16*2
486,3364.75,16870,1,0,0.874597,0.937299,125,25*4*8,64*16*2
487,3364.84,16871,1,0,0.874573,0.937287,125,25*4*8,64*16*2
488,3364.85,16871,1,0,0.87457,0.937285,125,25*4*8,64*16*2
489,3365.53,16871,1,0,0.874395,0.937198,125,25*4*8,64*16*2
490,3365.6,16870,1,0,0.874377,0.937188,125,25*4*8,64*16*2
491,3365.9,16871,1,0,0.874298,0.937149,125,25*4*8,64*16*2
492,3365.94,16871,1,0,0.874287,0.937143,125,25*4*8,64*16*2
493,3366.26,16871,1,0,0.874204,0.937102,125,25*4*8,64*16*2
494,3366.73,16870,1,0,0.874083,0.937042,125,25*4*8,64*16*2
495,3366.78,16871,1,0,0.874069,0.937035,125,25*4*8,64*16*2
496,3366.84,16871,1,0,0.874055,0.937028,125,25*4*8,64*16*2
497,3367.13,16871,1,0,0.873978,0.936989,125,25*4*8,64*16*2
498,3367.28,16870,1,0,0.87394,0.93697,125,25*4*8,64*16*2
499,3367.31,16871,1,0,0.873933,0.936966,125,25*4*8,64*16*2
500,3367.32,16871,1,0,0.873929,0.936964,125,25*4*8,64*16*2
501,3367.56,16871,1,0,0.873867,0.936933,125,25*4*8,64*16*2
502,3367.78,16870,1,0,0.873811,0.936906,125,25*4*8,64*16*2
503,3367.83,16871,1,0,0.873798,0.936899,125,25*4*8,64*16*2
504,3367.84,16871,1,0,0.873795,0.936897,125,25*4*8,64*16*2
505,3367.84,16871,1,0,0.873794,0.936897,125,25*4*8,64*16*2
506,3368.1,16870,1,0,0.873727,0.936863,125,25*4*8,64*16*2
507,3368.17,16871,1,0,0.873708,0.936854,125,25*4*8,64*16*2
508,3368.22,16871,1,0,0.873696,0.936848,125,25*4*8,64*16*2
509,3368.26,16871,1,0,0.873684,0.936842,125,25*4*8,64*16*2
510,3368.28,16870,1,0,0.873679,0.93684,125,25*4*8,64*16*2
511,3368.6,16871,1,0,0.873598,0.936799,125,25*4*8,64*16*2
512,3368.73,16871,1,0,0.873565,0.936782,125,25*4*8,64*16*2
513,3368.8,16871,1,0,0.873545,0.936772,125,25*4*8,64*16*2
514,3369.07,16870,1,0,0.873474,0.936737,125,25*4*8,64*16*2
515,3369.1,16871,1,0,0.873468,0.936734,125,25*4*8,64*16*2
516,3369.39,16871,1,0,0.873393,0.936697,125,25*4*8,64*16*2
517,3369.39,16871,1,0,0.873393,0.936697,125,25*4*8,64*16*2
518,3369.45,16870,1,0,0.873376,0.936688,125,25*4*8,64*16*2
519,3369.49,16871,1,0,0.873366,0.936683,125,25*4*8,64*16*2
520,3369.76,16871,1,0,0.873297,0.936649,125,25*4*8,64*16*2
521,3369.81,16871,1,0,0.873283,0.936641,125,25*4*8,64*16*2
522,3369.93,16870,1,0,0.873251,0.936626,125,25*4*8,64*16*2
523,3370.08,16871,1,0,0.873213,0.936606,125,25*4*8,64*16*2
524,3370.11,16871,1,0,0.873205,0.936603,125,25*4*8,64*16*2
525,3370.42,16871,1,0,0.873126,0.936563,125,25*4*8,64*16*2
526,3370.64,16870,1,0,0.873068,0.936534,125,25*4*8,64*16*2
527,3371.22,16871,1,0,0.872918,0.936459,125,25*4*8,64*16*2
528,3371.26,16871,1,0,0.872907,0.936454,125,25*4*8,64*16*2
529,3371.34,16871,1,0,0.872887,0.936444,125,25*4*8,64*16*2
530,3371.43,16870,1,0,0.872863,0.936432,125,25*4*8,64*16*2
531,3371.64,16871,1,0,0.872809,0.936404,125,25*4*8,64*16*2
532,3371.75,16871,1,0,0.87278,0.93639,125,25*4*8,64*16*2
533,3371.82,16871,1,0,0.872764,0.936382,125,25*4*8,64*16*2
534,3371.88,16870,1,0,0.872749,0.936374,125,25*4*8,64*16*2
535,3372.09,16871,1,0,0.872694,0.936347,125,25*4*8,64*16*2
536,3372.28,16871,1,0,0.872644,0.936322,125,25*4*8,64*16*2
537,3372.39,16871,1,0,0.872615,0.936308,125,25*4*8,64*16*2
538,3372.42,16870,1,0,0.872608,0.936304,125,25*4*8,64*16*2
539,3372.55,16871,1,0,0.872574,0.936287,125,25*4*8,64*16*2
540,3372.8,16871,1,0,0.872511,0.936255,125,25*4*8,64*16*2
541,3372.82,16871,1,0,0.872505,0.936253,125,25*4*8,64*16*2
542,3373.01,16870,1,0,0.872456,0.936228,125,25*4*8,64*16*2
543,3373.02,16871,1,0,0.872453,0.936227,125,25*4*8,64*16*2
544,3374.2,16871,1,0,0.872147,0.936073,125,25*4*8,64*16*2
545,3374.66,16871,1,0,0.872029,0.936015,125,25*4*8,64*16*2
546,3374.78,16870,1,0,0.871997,0.935999,125,25*4*8,64*16*2
547,3375.01,16871,1,0,0.871937,0.935969,125,25*4*8,64*16*2
548,3376.59,16871,1,0,0.871531,0.935765,125,25*4*8,64*16*2
549,3377.48,16871,1,0,0.871301,0.935651,125,25*4*8,64*16*2
550,3377.48,16870,1,0,0.871301,0.935651,125,25*4*8,64*16*2
551,3377.48,16871,1,0,0.871301,0.935651,125,25*4*8,64*16*2
552,3377.48,16871,1,0,0.871301,0.935651,125,25*4*8,64*16*2
553,3377.48,16871,1,0,0.871301,0.935651,125,25*4*8,64*16*2
554,3377.48,16870,1,0,0.871301,0.935651,125,25*4*8,64*16*2
555,3377.48,16871,1,0,0.871301,0.935651,125,25*4*8,64*16*2
556,3377.48,16871,1,0,0.871301,0.935651,125,25*4*8,64*16*2
557,3377.48,16871,1,0,0.871301,0.935651,125,25*4*8,64*16*2
558,3377.48,16870,1,0,0.871301,0.935651,125,25*4*8,64*16*2
559,3377.48,16871,1,0,0.871301,0.935651,125,25*4*8,64*16*2
560,3377.48,16871,1,0,0.871301,0.935651,125,25*4*8,64*16*2
561,3377.48,16871,1,0,0.871301,0.935651,125,25*4*8,64*16*2
562,3377.48,16870,1,0,0.871301,0.935651,125,25*4*8,64*16*2
563,3377.48,16871,1,0,0.871301,0.935651,125,25*4*8,64*16*2
564,3377.48,16871,1,0,0.871301,0.935651,125,25*4*8,64*16*2
565,3377.48,16871,1,0,0.871301,0.935651,125,25*4*8,64*16*2
566,3377.48,16870,1,0,0.871301,0.935651,125,25*4*8,64*16*2
567,3377.48,16871,1,0,0.871301,0.935651,125,25*4*8,64*16*2
568,3377.48,16871,1,0,0.871301,0.935651,125,25*4*8,64*16*2
569,3377.48,16871,1,0,0.871301,0.935651,125,25*4*8,64*16*2
570,3377.48,16870,1,0,0.871301,0.935651,125,25*4*8,64*16*2
571,3377.48,16871,1,0,0.871301,0.935651,125,25*4*8,64*16*2
572,3377.48,16871,1,0,0.871301,0.935651,125,25*4*8,64*16*2
573,3377.48,16871,1,0,0.871301,0.935651,125,25*4*8,64*16*2
574,3377.48,16870,1,0,0.871301,0.935651,125,25*4*8,64*16*2
575,3377.48,16871,1,0,0.871301,0.935651,125,25*4*8,64*16*2
576,3377.48,16871,1,0,0.871301,0.935651,125,25*4*8,64*16*2
577,3377.48,16871,1,0,0.871301,0.935651,125,25*4*8,64*16*2
578,3377.48,16870,1,0,0.871301,0.935651,125,25*4*8,64*16*2
579,3377.48,16871,1,0,0.871301,0.935651,125,25*4*8,64*16*2
580,3377.48,16871,1,0,0.871301,0.935651,125,25*4*8,64*16*2
581,3377.48,16871,1,0,0.871301,0.935651,125,25*4*8,64*16*2
582,3377.48,16870,1,0,0.871301,0.935651,125,25*4*8,64*16*2
583,3377.48,16871,1,0,0.871301,0.935651,125,25*4*8,64*16*2
584,3377.48,16871,1,0,0.871301,0.935651,125,25*4*8,64*16*2
585,3377.48,16871,1,0,0.871301,0.935651,125,25*4*8,64*16*2
586,3377.48,16870,1,0,0.871301,0.935651,125,25*4*8,64*16*2
587,3377.48,16871,1,0,0.871301,0.935651,125,25*4*8,64*16*2
588,3377.48,16871,1,0,0.871301,0.935651,125,25*4*8,64*16*2
589,3377.48,16871,1,0,0.871301,0.935651,125,25*4*8,64*16*2
590,3377.48,16870,1,0,0.871301,0.935651,125,25*4*8,64*16*2
591,3377.48,16871,1,0,0.871301,0.935651,125,25*4*8,64*16*2
592,3377.48,16871,1,0,0.871301,0.935651,125,25*4*8,64*16*2
593,3377.48,16871,1,0,0.871301,0.935651,125,25*4*8,64*16*2
594,3377.48,16870,1,0,0.871301,0.935651,125,25*4*8,64*16*2
595,3377.48,16871,1,0,0.871301,0.935651,125,25*4*8,64*16*2
596,3377.48,16871,1,0,0.871301,0.935651,125,25*4*8,64*16*2
597,3377.48,16871,1,0,0.871301,0.935651,125,25*4*8,64*16*2
598,3377.48,16870,1,0,0.871301,0.935651,125,25*4*8,64*16*2
599,3378,16871,1,0,0.871166,0.935583,125,25*4*8,64*16*2
600,3377.99,16871,1,0,0.87117,0.935585,125,25*4*8,64*16*2
601,3377.85,16871,1,0,0.871204,0.935602,125,25*4*8,64*16*2
602,3377.81,16870,1,0,0.871217,0.935608,125,25*4*8,64*16*2
603,3377.55,16871,1,0,0.871283,0.935641,125,25*4*8,64*16*2
604,3377.42,16871,1,0,0.871315,0.935658,125,25*4*8,64*16*2
605,3376.9,16871,1,0,0.87145,0.935725,125,25*4*8,64*16*2
606,3376.25,16870,1,0,0.871617,0.935808,125,25*4*8,64*16*2
607,3375.73,16871,1,0,0.871753,0.935876,125,25*4*8,64*16*2
608,3374.79,16871,1,0,0.871994,0.935997,125,25*4*8,64*16*2
609,3373.75,16871,1,0,0.872263,0.936131,125,25*4*8,64*16*2
610,3372.62,16870,1,0,0.872555,0.936278,125,25*4*8,64*16*2
611,3371.96,16871,1,0,0.872726,0.936363,125,25*4*8,64*16*2
612,3370.15,16871,1,0,0.873195,0.936597,125,25*4*8,64*16*2
613,3370,16871,1,0,0.873235,0.936617,125,25*4*8,64*16*2
614,3368.71,16870,1,0,0.873569,0.936785,125,25*4*8,64*16*2
615,3368.65,16871,1,0,0.873584,0.936792,125,25*4*8,64*16*2
616,3368.27,16871,1,0,0.873682,0.936841,125,25*4*8,64*16*2
617,3368.16,16871,1,0,0.873713,0.936856,125,25*4*8,64*16*2
618,3367.91,16870,1,0,0.873776,0.936888,125,25*4*8,64*16*2
619,3367.28,16871,1,0,0.873939,0.93697,125,25*4*8,64*16*2
620,3366.71,16871,1,0,0.874087,0.937043,125,25*4*8,64*16*2
621,3366.19,16871,1,0,0.874223,0.937111,125,25*4*8,64*16*2
622,3365.61,16870,1,0,0.874374,0.937187,125,25*4*8,64*16*2
623,3364.99,16871,1,0,0.874535,0.937268,125,25*4*8,64*16*2
624,3364,16871,1,0,0.874793,0.937396,125,25*4*8,64*16*2
625,3363.65,16871,1,0,0.874884,0.937442,125,25*4*8,64*16*2
626,3362.65,16870,1,0,0.875142,0.937571,125,25*4*8,64*16*2
627,3360.34,16871,1,0,0.875744,0.937872,125,25*4*8,64*16*2
628,3359.96,16871,1,0,0.875845,0.937922,125,25*4*8,64*16*2
629,3359.64,16871,1,0,0.875926,0.937963,125,25*4*8,64*16*2
630,3358.7,16870,1,0,0.876172,0.938086,125,25*4*8,64*16*2
631,3357.28,16871,1,0,0.876543,0.938271,125,25*4*8,64*16*2
632,3356.47,16871,1,0,0.876755,0.938378,125,25*4*8,64*16*2
633,3352.6,16871,1,0,0.877766,0.938883,125,25*4*8,64*16*2
634,3351.33,16870,1,0,0.878099,0.93905,125,25*4*8,64*16*2
635,3346.66,16871,1,0,0.879324,0.939662,125,25*4*8,64*16*2
636,3343.18,16871,1,0,0.880239,0.940119,125,25*4*8,64*16*2
637,3335.86,16871,1,0,0.88217,0.941085,125,25*4*8,64*16*2
638,3322.72,16870,1,0,0.885659,0.942829,125,25*4*8,64*16*2
639,3322.15,16871,1,0,0.885813,0.942906,125,25*4*8,64*16*2
640,3321.79,16871,1,0,0.885907,0.942953,125,25*4*8,64*16*2
641,3321.5,16871,1,0,0.885985,0.942992,125,25*4*8,64*16*2
642,3319.43,16870,1,0,0.886537,0.943269,125,25*4*8,64*16*2
643,3319.13,16871,1,0,0.886618,0.943309,125,25*4*8,64*16*2
644,3316.1,16871,1,0,0.887427,0.943713,125,25*4*8,64*16*2
645,3313.29,16871,1,0,0.888181,0.944091,125,25*4*8,64*16*2
646,3313.29,16870,1,0,0.888182,0.944091,125,25*4*8,64*16*2
647,3309.73,16871,1,0,0.889135,0.944568,125,25*4*8,64*16*2
648,3308.66,16871,1,0,0.889423,0.944711,125,25*4*8,64*16*2
649,3308.54,16871,1,0,0.889456,0.944728,125,25*4*8,64*16*2
650,3307.04,16870,1,0,0.88986,0.94493,125,25*4*8,64*16*2
651,3306.31,16871,1,0,0.890054,0.945027,125,25*4*8,64*16*2
652,3301.09,16871,1,0,0.891464,0.945732,125,25*4*8,64*16*2
653,3295.94,16871,1,0,0.892857,0.946429,125,25*4*8,64*16*2
654,3295.47,16870,1,0,0.892982,0.946491,125,25*4*8,64*16*2
655,3294.72,16871,1,0,0.893188,0.946594,125,25*4*8,64*16*2
656,3288.11,16871,1,0,0.894982,0.947491,125,25*4*8,64*16*2
657,3282.94,16871,1,0,0.896391,0.948196,125,25*4*8,64*16*2
658,3282.54,16870,1,0,0.896501,0.94825,125,25*4*8,64*16*2
659,3277.44,16871,1,0,0.897896,0.948948,125,25*4*8,64*16*2
660,3276.31,16871,1,0,0.898206,0.949103,125,25*4*8,64*16*2
661,3273.06,16871,1,0,0.899098,0.949549,125,25*4*8,64*16*2
662,3272.97,16870,1,0,0.899122,0.949561,125,25*4*8,64*16*2
663,3272.18,16871,1,0,0.89934,0.94967,125,25*4*8,64*16*2
664,3270.71,16871,1,0,0.899742,0.949871,125,25*4*8,64*16*2
665,3270.03,16871,1,0,0.899931,0.949965,125,25*4*8,64*16*2
666,3268.2,16870,1,0,0.900436,0.950218,125,25*4*8,64*16*2
667,3258.99,16871,1,0,0.902978,0.951489,125,25*4*8,64*16*2
668,3256.51,16871,1,0,0.903668,0.951834,125,25*4*8,64*16*2
669,3255.07,16871,1,0,0.904066,0.952033,125,25*4*8,64*16*2
670,3254.46,16870,1,0,0.904236,0.952118,125,25*4*8,64*16*2
671,3250.55,16871,1,0,0.905324,0.952662,125,25*4*8,64*16*2
672,3247.81,16871,1,0,0.906087,0.953044,125,25*4*8,64*16*2
673,3242.56,16871,1,0,0.907554,0.953777,125,25*4*8,64*16*2
674,3235.94,16870,1,0,0.909411,0.954705,125,25*4*8,64*16*2
675,3233.27,16871,1,0,0.910161,0.955081,125,25*4*8,64*16*2
676,3232.28,16871,1,0,0.91044,0.95522,125,25*4*8,64*16*2
677,3231.83,16871,1,0,0.910567,0.955284,125,25*4*8,64*16*2
678,3231.72,16870,1,0,0.910599,0.955299,125,25*4*8,64*16*2
679,3228.69,16871,1,0,0.911453,0.955726,125,25*4*8,64*16*2
680,3228.58,16871,1,0,0.911483,0.955742,125,25*4*8,64*16*2
681,3224.11,16871,1,0,0.912748,0.956374,125,25*4*8,64*16*2
682,3224.06,16870,1,0,0.912762,0.956381,125,25*4*8,64*16*2
683,3222.14,16871,1,0,0.913305,0.956652,125,25*4*8,64*16*2
684,3221.85,16871,1,0,0.913389,0.956695,125,25*4*8,64*16*2
685,3220.31,16871,1,0,0.913824,0.956912,125,25*4*8,64*16*2
686,3213.35,16870,1,0,0.915804,0.957902,125,25*4*8,64*16*2
687,3206.41,16871,1,0,0.917786,0.958893,125,25*4*8,64*16*2
688,3201.71,16871,1,0,0.919133,0.959566,125,25*4*8,64*16*2
689,3199.71,16871,1,0,0.919709,0.959855,125,25*4*8,64*16*2
690,3195.96,16870,1,0,0.920788,0.960394,125,25*4*8,64*16*2
691,3192.85,16871,1,0,0.921685,0.960843,125,25*4*8,64*16*2
692,3187.47,16871,1,0,0.923241,0.96162,125,25*4*8,64*16*2
693,3185.43,16871,1,0,0.923831,0.961916,125,25*4*8,64*16*2
694,3185.37,16870,1,0,0.923848,0.961924,125,25*4*8,64*16*2
695,3182.74,16871,1,0,0.924612,0.962306,125,25*4*8,64*16*2
696,3181.92,16871,1,0,0.92485,0.962425,125,25*4*8,64*16*2
697,3177.56,16871,1,0,0.926119,0.963059,125,25*4*8,64*16*2
698,3176.45,16870,1,0,0.926443,0.963221,125,25*4*8,64*16*2
699,3174.43,16871,1,0,0.927031,0.963516,125,25*4*8,64*16*2
700,3173.94,16871,1,0,0.927175,0.963587,125,25*4*8,64*16*2
701,3173.26,16871,1,0,0.927374,0.963687,125,25*4*8,64*16*2
702,3171.05,16870,1,0,0.928022,0.964011,125,25*4*8,64*16*2
703,3167.72,16871,1,0,0.928996,0.964498,125,25*4*8,64*16*2
704,3167.62,16871,1,0,0.929025,0.964512,125,25*4*8,64*16*2
705,3166.85,16871,1,0,0.929253,0.964626,125,25*4*8,64*16*2
706,3165.6,16870,1,0,0.92962,0.96481,125,25*4*8,64*16*2
707,3162.76,16871,1,0,0.930454,0.965227,125,25*4*8,64*16*2
708,3156.5,16871,1,0,0.932298,0.966149,125,25*4*8,64*16*2
709,3155.61,16871,1,0,0.932563,0.966281,125,25*4*8,64*16*2
710,3155.5,16870,1,0,0.932593,0.966296,125,25*4*8,64*16*2
711,3151.37,16871,1,0,0.933816,0.966908,125,25*4*8,64*16*2
712,3150.9,16871,1,0,0.933956,0.966978,125,25*4*8,64*16*2
713,3148.61,16871,1,0,0.934636,0.967318,125,25*4*8,64*16*2
714,3141.98,16870,1,0,0.936607,0.968303,125,25*4*8,64*16*2
715,3140.53,16871,1,0,0.937038,0.968519,125,25*4*8,64*16*2
716,3140.01,16871,1,0,0.937194,0.968597,125,25*4*8,64*16*2
717,3138.78,16871,1,0,0.937563,0.968782,125,25*4*8,64*16*2
718,3134.88,15414,0,0,0.878551,0.939275,124,25*4*7,64*16*2
719,3132.06,15414,1,0,0.879342,0.939671,124,25*4*7,64*16*2
720,3128.97,15415,1,0,0.88021,0.940105,124,25*4*7,64*16*2
721,3127.5,15414,1,0,0.880624,0.940312,124,25*4*7,64*16*2
722,3122.65,15415,1,0,0.881991,0.940995,124,25*4*7,64*16*2
723,3122.44,15414,1,0,0.882051,0.941025,124,25*4*7,64*16*2
724,3121.63,15414,1,0,0.882279,0.94114,124,25*4*7,64*16*2
725,3118.81,15415,1,0,0.883077,0.941538,124,25*4*7,64*16*2
726,3112.9,15414,1,0,0.884753,0.942377,124,25*4*7,64*16*2
727,3112.49,15415,1,0,0.884871,0.942435,124,25*4*7,64*16*2
728,3110.69,15414,1,0,0.885383,0.942692,124,25*4*7,64*16*2
729,3108.14,15414,1,0,0.88611,0.943055,124,25*4*7,64*16*2
730,3106.89,15415,1,0,0.886465,0.943232,124,25*4*7,64*16*2
731,3104.43,15414,1,0,0.887169,0.943584,124,25*4*7,64*16*2
732,3102.04,15414,1,0,0.887852,0.943926,124,25*4*7,64*16*2
733,3097.12,15415,1,0,0.889262,0.944631,124,25*4*7,64*16*2
734,3087.32,15414,1,0,0.892084,0.946042,124,25*4*7,64*16*2
735,3079.84,15415,1,0,0.894252,0.947126,124,25*4*7,64*16*2
736,3078.81,15414,1,0,0.89455,0.947275,124,25*4*7,64*16*2
737,3076.33,15415,1,0,0.895272,0.947636,124,25*4*7,64*16*2
738,3076.13,15414,1,0,0.895329,0.947664,124,25*4*7,64*16*2
739,3073.45,15415,1,0,0.896109,0.948055,124,25*4*7,64*16*2
740,3065.47,15414,1,0,0.898444,0.949222,124,25*4*7,64*16*2
741,3065.17,15415,1,0,0.898532,0.949266,124,25*4*7,64*16*2
742,3064.19,15414,1,0,0.898817,0.949409,124,25*4*7,64*16*2
743,3060.65,15415,1,0,0.899857,0.949928,124,25*4*7,64*16*2
744,3060.34,15414,1,0,0.89995,0.949975,124,25*4*7,64*16*2
745,3057.34,15415,1,0,0.900831,0.950416,124,25*4*7,64*16*2
746,3054.12,15414,1,0,0.901781,0.950891,124,25*4*7,64*16*2
747,3053.04,15415,1,0,0.902102,0.951051,124,25*4*7,64*16*2
748,3033.29,15414,1,0,0.907976,0.953988,124,25*4*7,64*16*2
749,3027.13,15415,1,0,0.909823,0.954911,124,25*4*7,64*16*2
750,3022.1,15414,1,0,0.911336,0.955668,124,25*4*7,64*16*2
751,3020.71,15415,1,0,0.911755,0.955877,124,25*4*7,64*16*2
752,3018.1,15414,1,0,0.912544,0.956272,124,25*4*7,64*16*2
753,3017.89,15414,1,0,0.912607,0.956303,124,25*4*7,64*16*2
754,3016.97,15415,1,0,0.912886,0.956443,124,25*4*7,64*16*2
755,3016.75,15414,1,0,0.912951,0.956476,124,25*4*7,64*16*2
756,3011.55,15415,1,0,0.914528,0.957264,124,25*4*7,64*16*2
757,3008.84,15414,1,0,0.915352,0.957676,124,25*4*7,64*16*2
758,3007.16,15414,1,0,0.915866,0.957933,124,25*4*7,64*16*2
759,3006.49,15415,1,0,0.91607,0.958035,124,25*4*7,64*16*2
760,2999.66,15414,1,0,0.918155,0.959078,124,25*4*7,64*16*2
761,2998.43,15415,1,0,0.918529,0.959265,124,25*4*7,64*16*2
762,2996.97,15414,1,0,0.918978,0.959489,124,25*4*7,64*16*2
763,2993.18,15415,1,0,0.92014,0.96007,124,25*4*7,64*16*2
764,2990.49,15414,1,0,0.920969,0.960485,124,25*4*7,64*16*2
765,2987.98,15415,1,0,0.921742,0.960871,124,25*4*7,64*16*2
766,2983.1,15414,1,0,0.923252,0.961626,124,25*4*7,64*16*2
767,2982.65,15415,1,0,0.923391,0.961696,124,25*4*7,64*16*2
768,2980.27,15414,1,0,0.924129,0.962064,124,25*4*7,64*16*2
769,2979.1,15415,1,0,0.92449,0.962245,124,25*4*7,64*16*2
770,2955.47,15414,1,0,0.931881,0.96594,124,25*4*7,64*16*2
771,2951.31,15415,1,0,0.933196,0.966598,124,25*4*7,64*16*2
772,2945.46,15414,1,0,0.935048,0.967524,124,25*4*7,64*16*2
773,2941.32,15415,1,0,0.936366,0.968183,124,25*4*7,64*16*2
774,2940.86,15414,1,0,0.936511,0.968256,124,25*4*7,64*16*2
775,2938.25,15415,1,0,0.937344,0.968672,124,25*4*7,64*16*2
776,2937.31,15414,1,0,0.937645,0.968822,124,25*4*7,64*16*2
777,2931.56,15415,1,0,0.939483,0.969742,124,25*4*7,64*16*2
778,2928.07,15414,1,0,0.940601,0.970301,124,25*4*7,64*16*2
779,2926.34,15415,1,0,0.94116,0.97058,124,25*4*7,64*16*2
780,2924.39,15414,1,0,0.941787,0.970894,124,25*4*7,64*16*2
781,2914.73,15415,1,0,0.944908,0.972454,124,25*4*7,64*16*2
782,2913.32,15414,1,0,0.945365,0.972683,124,25*4*7,64*16*2
783,2906.8,15415,1,0,0.947486,0.973743,124,25*4*7,64*16*2
784,2905.93,15414,1,0,0.947768,0.973884,124,25*4*7,64*16*2
785,2903.93,15414,1,0,0.948423,0.974211,124,25*4*7,64*16*2
786,2903.31,15415,1,0,0.948624,0.974312,124,25*4*7,64*16*2
787,2900.26,15414,1,0,0.949623,0.974812,124,25*4*7,64*16*2
788,2896.42,15415,1,0,0.95088,0.97544,124,25*4*7,64*16*2
789,2890.46,15414,1,0,0.952842,0.976421,124,25*4*7,64*16*2
790,2888.34,15414,1,0,0.95354,0.97677,124,25*4*7,64*16*2
791,2882.44,15415,1,0,0.955492,0.977746,124,25*4*7,64*16*2
792,2879.77,15414,1,0,0.95638,0.97819,124,25*4*7,64*16*2
793,2878.6,15415,1,0,0.956766,0.978383,124,25*4*7,64*16*2
794,2877.99,15414,1,0,0.956971,0.978485,124,25*4*7,64*16*2
795,2877.05,15415,1,0,0.957283,0.978641,124,25*4*7,64*16*2
796,2873.59,15414,1,0,0.958434,0.979217,124,25*4*7,64*16*2
797,2872.91,15415,1,0,0.958663,0.979331,124,25*4*7,64*16*2
798,2868.55,15414,1,0,0.960121,0.98006,124,25*4*7,64*16*2
799,2866.74,13977,0,0,0.870869,0.935434,122,25*4*7,64*8*3
800,2865.72,13978,1,0,0.871179,0.935589,122,25*4*7,64*8*3
801,2859.62,13978,1,0,0.873036,0.936518,122,25*4*7,64*8*3
802,2857.61,13978,1,0,0.873648,0.936824,122,25*4*7,64*8*3
803,2855.55,13978,1,0,0.874281,0.93714,122,25*4*7,64*8*3
804,2854.93,13978,1,0,0.874469,0.937234,122,25*4*7,64*8*3
805,2854.56,13978,1,0,0.874582,0.937291,122,25*4*7,64*8*3
806,2853.42,13978,1,0,0.874933,0.937467,122,25*4*7,64*8*3
807,2848.41,13978,1,0,0.876471,0.938236,122,25*4*7,64*8*3
808,2845.96,13978,1,0,0.877225,0.938613,122,25*4*7,64*8*3
809,2845.66,13978,1,0,0.877319,0.93866,122,25*4*7,64*8*3
810,2843.43,13978,1,0,0.878007,0.939004,122,25*4*7,64*8*3
811,2832.73,13978,1,0,0.881322,0.940661,122,25*4*7,64*8*3
812,2830.96,13978,1,0,0.881875,0.940937,122,25*4*7,64*8*3
813,2830.83,13978,1,0,0.881915,0.940958,122,25*4*7,64*8*3
814,2828.97,13978,1,0,0.882495,0.941248,122,25*4*7,64*8*3
815,2824.94,13978,1,0,0.883753,0.941876,122,25*4*7,64*8*3
816,2822.33,13978,1,0,0.884572,0.942286,122,25*4*7,64*8*3
817,2817.94,13978,1,0,0.885949,0.942974,122,25*4*7,64*8*3
818,2815.57,13978,1,0,0.886695,0.943347,122,25*4*7,64*8*3
819,2814.53,13978,1,0,0.887021,0.943511,122,25*4*7,64*8*3
820,2814.44,13978,1,0,0.887051,0.943525,122,25*4*7,64*8*3
821,2812.03,13978,1,0,0.887809,0.943905,122,25*4*7,64*8*3
822,2809.11,13978,1,0,0.888732,0.944366,122,25*4*7,64*8*3
823,2802.13,13978,1,0,0.890948,0.945474,122,25*4*7,64*8*3
824,2801.94,13978,1,0,0.891009,0.945504,122,25*4*7,64*8*3
825,2801.36,13978,1,0,0.891193,0.945596,122,25*4*7,64*8*3
826,2800.08,13978,1,0,0.891599,0.945799,122,25*4*7,64*8*3
827,2797.83,13978,1,0,0.892316,0.946158,122,25*4*7,64*8*3
828,2796.76,13978,1,0,0.892659,0.94633,122,25*4*7,64*8*3
829,2796.63,13978,1,0,0.8927,0.94635,122,25*4*7,64*8*3
830,2796.22,13978,1,0,0.892831,0.946415,122,25*4*7,64*8*3
831,2792.25,13978,1,0,0.894098,0.947049,122,25*4*7,64*8*3
832,2791.66,13978,1,0,0.894289,0.947145,122,25*4*7,64*8*3
833,2791.35,13978,1,0,0.894387,0.947194,122,25*4*7,64*8*3
834,2789.91,13978,1,0,0.89485,0.947425,122,25*4*7,64*8*3
835,2786.8,13978,1,0,0.89585,0.947925,122,25*4*7,64*8*3
836,2786.43,13978,1,0,0.895967,0.947983,122,25*4*7,64*8*3
837,2771.17,13978,1,0,0.900902,0.950451,122,25*4*7,64*8*3
838,2768.88,13978,1,0,0.901647,0.950824,122,25*4*7,64*8*3
839,2767.74,13978,1,0,0.902019,0.951009,122,25*4*7,64*8*3
840,2765.32,13978,1,0,0.902808,0.951404,122,25*4*7,64*8*3
841,2765.13,13978,1,0,0.90287,0.951435,122,25*4*7,64*8*3
842,2764.29,13978,1,0,0.903144,0.951572,122,25*4*7,64*8*3
843,2763.5,13978,1,0,0.903402,0.951701,122,25*4*7,64*8*3
844,2763.1,13978,1,0,0.903533,0.951766,122,25*4*7,64*8*3
845,2759.07,13978,1,0,0.904853,0.952427,122,25*4*7,64*8*3
846,2758.86,13978,1,0,0.90492,0.95246,122,25*4*7,64*8*3
847,2757.28,13978,1,0,0.90544,0.95272,122,25*4*7,64*8*3
848,2756.7,13978,1,0,0.905628,0.952814,122,25*4*7,64*8*3
849,2754.93,13978,1,0,0.906213,0.953106,122,25*4*7,64*8*3
850,2754.79,13978,1,0,0.906258,0.953129,122,25*4*7,64*8*3
851,2750.56,13978,1,0,0.907651,0.953826,122,25*4*7,64*8*3
852,2749.18,13978,1,0,0.908107,0.954054,122,25*4*7,64*8*3
853,2745.24,13978,1,0,0.909409,0.954704,122,25*4*7,64*8*3
854,2745,13978,1,0,0.909491,0.954745,122,25*4*7,64*8*3
855,2740.54,13978,1,0,0.910971,0.955485,122,25*4*7,64*8*3
856,2737.38,13978,1,0,0.912021,0.956011,122,25*4*7,64*8*3
857,2736.01,13978,1,0,0.912477,0.956239,122,25*4*7,64*8*3
858,2734.91,13978,1,0,0.912846,0.956423,122,25*4*7,64*8*3
859,2733.61,13978,1,0,0.91328,0.95664,122,25*4*7,64*8*3
860,2733.28,13978,1,0,0.91339,0.956695,122,25*4*7,64*8*3
861,2731.82,13978,1,0,0.91388,0.95694,120,25*4*7,64*8*3
862,2731.38,13978,1,0,0.914027,0.957013,120,25*4*7,64*8*3
863,2731.3,13978,1,0,0.914052,0.957026,120,25*4*7,64*8*3
864,2726.2,13978,1,0,0.915764,0.957882,120,25*4*7,64*8*3
865,2723.57,13978,1,0,0.916648,0.958324,120,25*4*7,64*8*3
866,2718.78,13978,1,0,0.918263,0.959131,120,25*4*7,64*8*3
867,2718.1,13978,1,0,0.918491,0.959245,120,25*4*7,64*8*3
868,2716.76,13978,1,0,0.918946,0.959473,120,25*4*7,64*8*3
869,2716.38,13978,1,0,0.919074,0.959537,120,25*4*7,64*8*3
870,2713.51,13978,1,0,0.920044,0.960022,120,25*4*7,64*8*3
871,2708.72,13978,1,0,0.92167,0.960835,120,25*4*7,64*8*3
872,2708.44,13978,1,0,0.921766,0.960883,120,25*4*7,64*8*3
873,2708.44,13978,1,0,0.921767,0.960883,120,25*4*7,64*8*3
874,2707.25,13978,1,0,0.922171,0.961085,120,25*4*7,64*8*3
875,2707.12,13978,1,0,0.922216,0.961108,120,25*4*7,64*8*3
876,2705.79,13978,1,0,0.922668,0.961334,120,25*4*7,64*8*3
877,2705.56,13978,1,0,0.922748,0.961374,120,25*4*7,64*8*3
878,2702.05,13978,1,0,0.923945,0.961972,120,25*4*7,64*8*3
879,2702.01,13978,1,0,0.923959,0.961979,120,25*4*7,64*8*3
880,2700.61,13978,1,0,0.924438,0.962219,120,25*4*7,64*8*3
881,2697.56,13978,1,0,0.925485,0.962742,120,25*4*7,64*8*3
882,2696.04,13978,1,0,0.926007,0.963003,120,25*4*7,64*8*3
883,2691.55,13978,1,0,0.92755,0.963775,120,25*4*7,64*8*3
884,2691.39,13978,1,0,0.927607,0.963803,120,25*4*7,64*8*3
885,2689.98,13978,1,0,0.928092,0.964046,120,25*4*7,64*8*3
886,2689.96,13978,1,0,0.928099,0.964049,120,25*4*7,64*8*3
887,2689.04,13978,1,0,0.928415,0.964208,120,25*4*7,64*8*3
888,2688.95,13978,1,0,0.928449,0.964224,120,25*4*7,64*8*3
889,2688.28,13978,1,0,0.928681,0.964341,120,25*4*7,64*8*3
890,2687.13,13978,1,0,0.929076,0.964538,120,25*4*7,64*8*3
891,2684.1,13978,1,0,0.930127,0.965063,120,25*4*7,64*8*3
892,2684.08,13978,1,0,0.930132,0.965066,120,25*4*7,64*8*3
893,2678.91,13978,1,0,0.931927,0.965963,120,25*4*7,64*8*3
894,2676.11,13978,1,0,0.932903,0.966451,120,25*4*7,64*8*3
895,2675.97,13978,1,0,0.932953,0.966476,120,25*4*7,64*8*3
896,2674.33,13978,1,0,0.933524,0.966762,120,25*4*7,64*8*3
897,2673.75,13978,1,0,0.933725,0.966862,120,25*4*7,64*8*3
898,2660.23,12656,0,0,0.867557,0.933779,118,25*4*6,64*8*3
899,2652.49,12657,1,0,0.870088,0.935044,118,25*4*6,64*8*3
900,2651.15,12657,1,0,0.870529,0.935265,118,25*4*6,64*8*3
901,2649.07,12657,1,0,0.871213,0.935606,118,25*4*6,64*8*3
902,2645.04,12657,1,0,0.87254,0.93627,118,25*4*6,64*8*3
903,2644.46,12657,1,0,0.87273,0.936365,118,25*4*6,64*8*3
904,2644.01,12657,1,0,0.87288,0.93644,118,25*4*6,64*8*3
905,2642.36,12657,1,0,0.873424,0.936712,118,25*4*6,64*8*3
906,2641.65,12657,1,0,0.873659,0.93683,118,25*4*6,64*8*3
907,2641.07,12657,1,0,0.87385,0.936925,118,25*4*6,64*8*3
908,2641.07,12657,1,0,0.87385,0.936925,118,25*4*6,64*8*3
909,2640.81,12657,1,0,0.873938,0.936969,118,25*4*6,64*8*3
910,2640.77,12657,1,0,0.873948,0.936974,118,25*4*6,64*8*3
911,2638.66,12657,1,0,0.874647,0.937324,118,25*4*6,64*8*3
912,2636.65,12657,1,0,0.875316,0.937658,118,25*4*6,64*8*3
913,2629.6,12657,1,0,0.877661,0.93883,116,25*4*6,64*8*3
914,2627.25,12657,1,0,0.878448,0.939224,116,25*4*6,64*8*3
915,2625.37,12657,1,0,0.879075,0.939538,116,25*4*6,64*8*3
916,2624.65,12657,1,0,0.879318,0.939659,116,25*4*6,64*8*3
917,2620.53,12657,1,0,0.880699,0.94035,116,25*4*6,64*8*3
918,2617.16,12657,1,0,0.881833,0.940916,116,25*4*6,64*8*3
919,2617.01,12657,1,0,0.881884,0.940942,116,25*4*6,64*8*3
920,2612.26,12657,1,0,0.883487,0.941743,114,25*4*6,64*8*3
921,2610.12,12657,1,0,0.884214,0.942107,114,25*4*6,64*8*3
922,2608.78,12657,1,0,0.884668,0.942334,114,25*4*6,64*8*3
923,2607.36,12657,1,0,0.885146,0.942573,114,25*4*6,64*8*3
924,2600.97,12657,1,0,0.887321,0.943661,111,25*4*6,64*8*3
925,2599.7,12657,1,0,0.887758,0.943879,111,25*4*6,64*8*3
926,2598.75,12657,1,0,0.888081,0.94404,111,25*4*6,64*8*3
927,2597.46,12657,1,0,0.888523,0.944262,111,25*4*6,64*8*3
928,2595.85,12657,1,0,0.889072,0.944536,111,25*4*6,64*8*3
929,2595.79,12657,1,0,0.889093,0.944546,111,25*4*6,64*8*3
930,2595.07,12657,1,0,0.889339,0.94467,111,25*4*6,64*8*3
931,2593.08,12657,1,0,0.890021,0.945011,111,25*4*6,64*8*3
932,2592.85,12657,1,0,0.890102,0.945051,111,25*4*6,64*8*3
933,2592.73,12657,1,0,0.890142,0.945071,111,25*4*6,64*8*3
934,2590.18,12657,1,0,0.891017,0.945509,111,25*4*6,64*8*3
935,2589.23,12657,1,0,0.891345,0.945672,111,25*4*6,64*8*3
936,2588.89,12657,1,0,0.891462,0.945731,111,25*4*6,64*8*3
937,2588.46,12657,1,0,0.891612,0.945806,111,25*4*6,64*8*3
938,2587.7,12657,1,0,0.891875,0.945937,111,25*4*6,64*8*3
939,2586.56,12657,1,0,0.892265,0.946133,111,25*4*6,64*8*3
940,2585.36,12657,1,0,0.892681,0.946341,111,25*4*6,64*8*3
941,2585.19,12657,1,0,0.892738,0.946369,111,25*4*6,64*8*3
942,2582.66,12657,1,0,0.893613,0.946807,111,25*4*6,64*8*3
943,2582.46,12657,1,0,0.893683,0.946841,111,25*4*6,64*8*3
944,2582.1,12657,1,0,0.893808,0.946904,111,25*4*6,64*8*3
945,2580.97,12657,1,0,0.894197,0.947099,111,25*4*6,64*8*3
946,2578.27,12657,1,0,0.895134,0.947567,111,25*4*6,64*8*3
947,2575,12657,1,0,0.896271,0.948135,111,25*4*6,64*8*3
948,2571.35,12657,1,0,0.897543,0.948771,111,25*4*6,64*8*3
949,2571.16,12657,1,0,0.897612,0.948806,111,25*4*6,64*8*3
950,2571.12,12657,1,0,0.897624,0.948812,111,25*4*6,64*8*3
951,2570.22,12657,1,0,0.89794,0.94897,111,25*4*6,64*8*3
952,2568.1,12657,1,0,0.89868,0.94934,111,25*4*6,64*8*3
953,2567.24,12657,1,0,0.898983,0.949491,111,25*4*6,64*8*3
954,2566.79,12657,1,0,0.89914,0.94957,111,25*4*6,64*8*3
955,2565.09,12657,1,0,0.899733,0.949867,111,25*4*6,64*8*3
956,2564.77,12657,1,0,0.899848,0.949924,111,25*4*6,64*8*3
957,2564.62,12657,1,0,0.899901,0.94995,111,25*4*6,64*8*3
958,2564.19,12657,1,0,0.900049,0.950024,111,25*4*6,64*8*3
959,2564.18,12657,1,0,0.900053,0.950026,111,25*4*6,64*8*3
960,2563.61,12657,1,0,0.900255,0.950127,111,25*4*6,64*8*3
961,2563.26,12657,1,0,0.900377,0.950188,111,25*4*6,64*8*3
962,2563.05,12657,1,0,0.900451,0.950225,111,25*4*6,64*8*3
963,2562.83,12657,1,0,0.900529,0.950265,111,25*4*6,64*8*3
964,2561.79,12657,1,0,0.900893,0.950447,111,25*4*6,64*8*3
965,2560.8,12657,1,0,0.901242,0.950621,111,25*4*6,64*8*3
966,2560.68,12657,1,0,0.901283,0.950642,111,25*4*6,64*8*3
967,2560.38,12657,1,0,0.90139,0.950695,111,25*4*6,64*8*3
968,2560.36,12657,1,0,0.901396,0.950698,111,25*4*6,64*8*3
969,2559.8,12657,1,0,0.901595,0.950797,111,25*4*6,64*8*3
970,2558,12657,1,0,0.902229,0.951115,111,25*4*6,64*8*3
971,2556.55,12657,1,0,0.90274,0.95137,111,25*4*6,64*8*3
972,2556.54,12657,1,0,0.902745,0.951372,111,25*4*6,64*8*3
973,2555.44,12657,1,0,0.903131,0.951566,111,25*4*6,64*8*3
974,2555.05,12657,1,0,0.90327,0.951635,111,25*4*6,64*8*3
975,2554.19,12657,1,0,0.903576,0.951788,111,25*4*6,64*8*3
976,2552.69,12657,1,0,0.904104,0.952052,111,25*4*6,64*8*3
977,2552.59,12657,1,0,0.904141,0.95207,111,25*4*6,64*8*3
978,2551.67,12657,1,0,0.904468,0.952234,111,25*4*6,64*8*3
979,2549.24,12657,1,0,0.90533,0.952665,111,25*4*6,64*8*3
980,2547.07,12657,1,0,0.906101,0.953051,111,25*4*6,64*8*3
981,2546.19,12657,1,0,0.906412,0.953206,111,25*4*6,64*8*3
982,2545.8,12657,1,0,0.906552,0.953276,111,25*4*6,64*8*3
983,2545.8,12657,1,0,0.906553,0.953277,111,25*4*6,64*8*3
984,2545.76,12657,1,0,0.906566,0.953283,111,25*4*6,64*8*3
985,2544.39,12657,1,0,0.907054,0.953527,111,25*4*6,64*8*3
986,2543.97,12657,1,0,0.907206,0.953603,111,25*4*6,64*8*3
987,2543.83,12657,1,0,0.907254,0.953627,111,25*4*6,64*8*3
988,2543.66,12657,1,0,0.907314,0.953657,111,25*4*6,64*8*3
989,2543.33,12657,1,0,0.907434,0.953717,111,25*4*6,64*8*3
990,2543.23,12657,1,0,0.907467,0.953733,111,25*4*6,64*8*3
991,2543.09,12657,1,0,0.907518,0.953759,111,25*4*6,64*8*3
992,2543.08,12657,1,0,0.907521,0.95376,111,25*4*6,64*8*3
993,2542.45,12657,1,0,0.907745,0.953873,111,25*4*6,64*8*3
994,2541.39,12657,1,0,0.908124,0.954062,111,25*4*6,64*8*3
995,2540.83,12657,1,0,0.908324,0.954162,111,25*4*6,64*8*3
996,2540.3,12657,1,0,0.908516,0.954258,111,25*4*6,64*8*3
997,2540.15,12657,1,0,0.908569,0.954284,111,25*4*6,64*8*3
998,2539.83,12657,1,0,0.908684,0.954342,111,25*4*6,64*8*3
999,2538.33,12657,1,0,0.909218,0.954609,111,25*4*6,64*8*3
1000,2537.46,12657,1,0,0.909532,0.954766,111,25*4*6,64*8*3
1001,2535.74,12657,1,0,0.91015,0.955075,111,25*4*6,64*8*3
1002,2535,12657,1,0,0.910414,0.955207,111,25*4*6,64*8*3
1003,2533.98,12657,1,0,0.910779,0.95539,111,25*4*6,64*8*3
1004,2533.02,12657,1,0,0.911124,0.955562,111,25*4*6,64*8*3
1005,2531.3,12657,1,0,0.911747,0.955873,111,25*4*6,64*8*3
1006,2531.2,12657,1,0,0.911779,0.95589,111,25*4*6,64*8*3
1007,2530.83,12657,1,0,0.911914,0.955957,111,25*4*6,64*8*3
1008,2530.1,12657,1,0,0.912177,0.956089,111,25*4*6,64*8*3
1009,2529.99,12657,1,0,0.912218,0.956109,111,25*4*6,64*8*3
1010,2529.64,12657,1,0,0.912344,0.956172,111,25*4*6,64*8*3
1011,2529.58,12657,1,0,0.912364,0.956182,111,25*4*6,64*8*3
1012,2528.99,12657,1,0,0.912576,0.956288,111,25*4*6,64*8*3
1013,2528.68,12657,1,0,0.91269,0.956345,111,25*4*6,64*8*3
1014,2528.66,12657,1,0,0.912697,0.956348,111,25*4*6,64*8*3
1015,2528.46,12657,1,0,0.912768,0.956384,111,25*4*6,64*8*3
1016,2528.42,12657,1,0,0.912784,0.956392,111,25*4*6,64*8*3
1017,2527.43,12657,1,0,0.913142,0.956571,111,25*4*6,64*8*3
1018,2527.05,12657,1,0,0.913277,0.956638,111,25*4*6,64*8*3
1019,2526.51,12657,1,0,0.913474,0.956737,111,25*4*6,64*8*3
1020,2526.22,12657,1,0,0.91358,0.95679,111,25*4*6,64*8*3
1021,2526.08,12657,1,0,0.913628,0.956814,111,25*4*6,64*8*3
1022,2525.25,12657,1,0,0.913928,0.956964,111,25*4*6,64*8*3
1023,2525.11,12657,1,0,0.913981,0.956991,111,25*4*6,64*8*3
1024,2524.61,12657,1,0,0.914161,0.95708,111,25*4*6,64*8*3
1025,2524.59,12657,1,0,0.914169,0.957084,111,25*4*6,64*8*3
1026,2523.76,12657,1,0,0.91447,0.957235,111,25*4*6,64*8*3
1027,2523.59,12657,1,0,0.914529,0.957265,111,25*4*6,64*8*3
1028,2523.55,12657,1,0,0.914545,0.957272,111,25*4*6,64*8*3
1029,2523.12,12657,1,0,0.9147,0.95735,111,25*4*6,64*8*3
1030,2523.09,12657,1,0,0.91471,0.957355,111,25*4*6,64*8*3
1031,2522.85,12657,1,0,0.914799,0.9574,111,25*4*6,64*8*3
1032,2522.55,12657,1,0,0.914909,0.957455,111,25*4*6,64*8*3
1033,2522.39,12657,1,0,0.914964,0.957482,111,25*4*6,64*8*3
1034,2522.34,12657,1,0,0.914982,0.957491,111,25*4*6,64*8*3
1035,2522.25,12657,1,0,0.915016,0.957508,111,25*4*6,64*8*3
1036,2522.16,12657,1,0,0.915049,0.957525,111,25*4*6,64*8*3
1037,2522.15,12657,1,0,0.915054,0.957527,111,25*4*6,64*8*3
1038,2521.47,12657,1,0,0.915298,0.957649,111,25*4*6,64*8*3
1039,2521.4,12657,1,0,0.915324,0.957662,111,25*4*6,64*8*3
1040,2521.1,12657,1,0,0.915433,0.957717,111,25*4*6,64*8*3
1041,2521.06,12657,1,0,0.915449,0.957725,111,25*4*6,64*8*3
1042,2520.74,12657,1,0,0.915565,0.957782,111,25*4*6,64*8*3
1043,2520.27,12657,1,0,0.915734,0.957867,111,25*4*6,64*8*3
1044,2520.22,12657,1,0,0.915754,0.957877,111,25*4*6,64*8*3
1045,2520.16,12657,1,0,0.915774,0.957887,111,25*4*6,64*8*3
1046,2519.87,12657,1,0,0.915882,0.957941,111,25*4*6,64*8*3
1047,2519.72,12657,1,0,0.915934,0.957967,111,25*4*6,64*8*3
1048,2519.69,12657,1,0,0.915945,0.957973,111,25*4*6,64*8*3
1049,2519.68,12657,1,0,0.91595,0.957975,111,25*4*6,64*8*3
1050,2519.44,12657,1,0,0.916038,0.958019,111,25*4*6,64*8*3
1051,2519.22,12657,1,0,0.916115,0.958058,111,25*4*6,64*8*3
1052,2519.17,12657,1,0,0.916134,0.958067,111,25*4*6,64*8*3
1053,2519.16,12657,1,0,0.916138,0.958069,111,25*4*6,64*8*3
1054,2519.16,12657,1,0,0.916139,0.95807,111,25*4*6,64*8*3
1055,2518.9,12657,1,0,0.916234,0.958117,111,25*4*6,64*8*3
1056,2518.83,12657,1,0,0.916259,0.95813,111,25*4*6,64*8*3
1057,2518.78,12657,1,0,0.916277,0.958139,111,25*4*6,64*8*3
1058,2518.74,12657,1,0,0.916293,0.958146,111,25*4*6,64*8*3
1059,2518.72,12657,1,0,0.9163,0.95815,111,25*4*6,64*8*3
1060,2518.4,12657,1,0,0.916414,0.958207,111,25*4*6,64*8*3
1061,2518.27,12657,1,0,0.916461,0.958231,111,25*4*6,64*8*3
1062,2518.2,12657,1,0,0.916489,0.958244,111,25*4*6,64*8*3
1063,2517.93,12657,1,0,0.916588,0.958294,111,25*4*6,64*8*3
1064,2517.9,12657,1,0,0.916597,0.958299,111,25*4*6,64*8*3
1065,2517.61,12657,1,0,0.916702,0.958351,111,25*4*6,64*8*3
1066,2517.61,12657,1,0,0.916702,0.958351,111,25*4*6,64*8*3
1067,2517.55,12657,1,0,0.916725,0.958363,111,25*4*6,64*8*3
1068,2517.51,12657,1,0,0.91674,0.95837,111,25*4*6,64*8*3
1069,2517.24,12657,1,0,0.916836,0.958418,111,25*4*6,64*8*3
1070,2517.19,12657,1,0,0.916857,0.958428,111,25*4*6,64*8*3
1071,2517.07,12657,1,0,0.916901,0.958451,111,25*4*6,64*8*3
1072,2516.92,12657,1,0,0.916956,0.958478,111,25*4*6,64*8*3
1073,2516.89,12657,1,0,0.916966,0.958483,111,25*4*6,64*8*3
1074,2516.58,12657,1,0,0.917077,0.958538,111,25*4*6,64*8*3
1075,2516.36,12657,1,0,0.917158,0.958579,111,25*4*6,64*8*3
1076,2515.78,12657,1,0,0.91737,0.958685,111,25*4*6,64*8*3
1077,2515.74,12657,1,0,0.917386,0.958693,111,25*4*6,64*8*3
1078,2515.66,12657,1,0,0.917414,0.958707,111,25*4*6,64*8*3
1079,2515.57,12657,1,0,0.917448,0.958724,111,25*4*6,64*8*3
1080,2515.36,12657,1,0,0.917524,0.958762,111,25*4*6,64*8*3
1081,2515.25,12657,1,0,0.917564,0.958782,111,25*4*6,64*8*3
1082,2515.18,12657,1,0,0.917587,0.958793,111,25*4*6,64*8*3
1083,2515.12,12657,1,0,0.917609,0.958804,111,25*4*6,64*8*3
1084,2514.91,12657,1,0,0.917686,0.958843,111,25*4*6,64*8*3
1085,2514.72,12657,1,0,0.917756,0.958878,111,25*4*6,64*8*3
1086,2514.61,12657,1,0,0.917797,0.958899,111,25*4*6,64*8*3
1087,2514.58,12657,1,0,0.917808,0.958904,111,25*4*6,64*8*3
1088,2514.45,12657,1,0,0.917856,0.958928,111,25*4*6,64*8*3
1089,2514.2,12657,1,0,0.917944,0.958972,111,25*4*6,64*8*3
1090,2514.18,12657,1,0,0.917952,0.958976,111,25*4*6,64*8*3
1091,2513.99,12657,1,0,0.918021,0.95901,111,25*4*6,64*8*3
1092,2513.98,12657,1,0,0.918025,0.959013,111,25*4*6,64*8*3
1093,2512.8,12657,1,0,0.918459,0.959229,111,25*4*6,64*8*3
1094,2512.34,12657,1,0,0.918625,0.959312,111,25*4*6,64*8*3
1095,2512.22,12657,1,0,0.91867,0.959335,111,25*4*6,64*8*3
1096,2511.99,12657,1,0,0.918755,0.959378,111,25*4*6,64*8*3
1097,2510.41,12657,1,0,0.919331,0.959666,111,25*4*6,64*8*3
1098,2509.52,12657,1,0,0.919657,0.959828,111,25*4*6,64*8*3
