1,1585,0,0,0,0,0,0,0*0*0,0*0*0
2,7943,6033,0,0,0.37309,0.686545,5,25*6*5,150*16*2
3,15849,6034,1,0,0.18698,0.59349,5,25*6*5,150*16*2
4,15849,6034,1,0,0.18698,0.59349,5,25*6*5,150*16*2
5,19953,6034,1,0,0.148522,0.574261,5,25*6*5,150*16*2
6,12589,6034,1,0,0.2354,0.6177,5,25*6*5,150*16*2
7,1585,0,0,0,0,0,0,0*0*0,0*0*0
8,40,0,0,0,0,0,0,0*0*0,0*0*0
9,79,0,0,0,0,0,0,0*0*0,0*0*0
10,20,0,0,0,0,0,0,0*0*0,0*0*0
11,1585,0,0,0,0,0,0,0*0*0,0*0*0
12,316,0,0,0,0,0,0,0*0*0,0*0*0
13,20,0,0,0,0,0,0,0*0*0,0*0*0
14,200,0,0,0,0,0,0,0*0*0,0*0*0
15,126,0,0,0,0,0,0,0*0*0,0*0*0
16,50,0,0,0,0,0,0,0*0*0,0*0*0
17,1000,0,0,0,0,0,0,0*0*0,0*0*0
18,1585,0,0,0,0,0,0,0*0*0,0*0*0
19,1000,0,0,0,0,0,0,0*0*0,0*0*0
20,200,0,0,0,0,0,0,0*0*0,0*0*0
21,16,0,0,0,0,0,0,0*0*0,0*0*0
22,316,0,0,0,0,0,0,0*0*0,0*0*0
23,50,0,0,0,0,0,0,0*0*0,0*0*0
24,200,0,0,0,0,0,0,0*0*0,0*0*0
25,50,0,0,0,0,0,0,0*0*0,0*0*0
26,32,0,0,0,0,0,0,0*0*0,0*0*0
27,63,0,0,0,0,0,0,0*0*0,0*0*0
28,50,0,0,0,0,0,0,0*0*0,0*0*0
29,40,0,0,0,0,0,0,0*0*0,0*0*0
30,40,0,0,0,0,0,0,0*0*0,0*0*0
31,40,0,0,0,0,0,0,0*0*0,0*0*0
32,50,0,0,0,0,0,0,0*0*0,0*0*0
33,50,0,0,0,0,0,0,0*0*0,0*0*0
34,50,0,0,0,0,0,0,0*0*0,0*0*0
35,40,0,0,0,0,0,0,0*0*0,0*0*0
36,63,0,0,0,0,0,0,0*0*0,0*0*0
37,50,0,0,0,0,0,0,0*0*0,0*0*0
38,40,0,0,0,0,0,0,0*0*0,0*0*0
39,50,0,0,0,0,0,0,0*0*0,0*0*0
40,40,0,0,0,0,0,0,0*0*0,0*0*0
41,63,0,0,0,0,0,0,0*0*0,0*0*0
42,50,0,0,0,0,0,0,0*0*0,0*0*0
43,50,0,0,0,0,0,0,0*0*0,0*0*0
44,63,0,0,0,0,0,0,0*0*0,0*0*0
45,79,0,0,0,0,0,0,0*0*0,0*0*0
46,100,0,0,0,0,0,0,0*0*0,0*0*0
47,100,0,0,0,0,0,0,0*0*0,0*0*0
48,79,0,0,0,0,0,0,0*0*0,0*0*0
49,126,0,0,0,0,0,0,0*0*0,0*0*0
50,79,0,0,0,0,0,0,0*0*0,0*0*0
51,79,0,0,0,0,0,0,0*0*0,0*0*0
52,79,0,0,0,0,0,0,0*0*0,0*0*0
53,40,0,0,0,0,0,0,0*0*0,0*0*0
54,40,0,0,0,0,0,0,0*0*0,0*0*0
55,63,0,0,0,0,0,0,0*0*0,0*0*0
56,79,0,0,0,0,0,0,0*0*0,0*0*0
57,158,0,0,0,0,0,0,0*0*0,0*0*0
58,316,0,0,0,0,0,0,0*0*0,0*0*0
59,1000,0,0,0,0,0,0,0*0*0,0*0*0
60,3162,4861,1,0,0.681958,0.840979,4,25*6*5,150*16*1
61,5012,6034,1,0,0.591271,0.795635,5,25*6*5,150*16*2
62,15849,6034,1,0,0.18698,0.59349,5,25*6*5,150*16*2
63,6310,6034,1,0,0.469643,0.734822,5,25*6*5,150*16*2
64,15849,6034,1,0,0.18698,0.59349,5,25*6*5,150*16*2
65,794,0,0,0,0,0,0,0*0*0,0*0*0
66,10000,6034,1,0,0.296345,0.648173,5,25*6*5,150*16*2
67,7943,6034,1,0,0.37309,0.686545,5,25*6*5,150*16*2
68,1585,0,0,0,0,0,0,0*0*0,0*0*0
69,15849,6034,1,0,0.18698,0.59349,5,25*6*5,150*16*2
70,2512,4217,0,0,0.750995,0.875498,3,25*6*4,150*16*1
71,19953,6033,0,0,0.148522,0.574261,5,25*6*5,150*16*2
72,12589,6034,1,0,0.2354,0.6177,5,25*6*5,150*16*2
73,3162,4861,1,0,0.681958,0.840979,4,25*6*5,150*16*1
74,3162,4861,1,0,0.681958,0.840979,4,25*6*5,150*16*1
75,3981,6034,1,0,0.744398,0.872199,5,25*6*5,150*16*2
76,2512,4217,0,0,0.750995,0.875498,3,25*6*4,150*16*1
77,3162,4861,1,0,0.681958,0.840979,4,25*6*5,150*16*1
78,1259,0,0,0,0,0,0,0*0*0,0*0*0
79,1000,0,0,0,0,0,0,0*0*0,0*0*0
80,1585,0,0,0,0,0,0,0*0*0,0*0*0
81,2512,4217,0,0,0.750995,0.875498,3,25*6*4,150*16*1
82,3162,4861,1,0,0.681958,0.840979,4,25*6*5,150*16*1
83,3981,6034,1,0,0.744398,0.872199,5,25*6*5,150*16*2
84,12589,6034,1,0,0.2354,0.6177,5,25*6*5,150*16*2
85,1000,0,0,0,0,0,0,0*0*0,0*0*0
86,1995,3455,0,0,0.810351,0.905175,2,25*6*3,150*16*1
87,2512,4218,1,0,0.750995,0.875498,3,25*6*4,150*16*1
88,6310,6033,0,0,0.469643,0.734822,5,25*6*5,150*16*2
89,2512,4217,0,0,0.750995,0.875498,3,25*6*4,150*16*1
90,1000,0,0,0,0,0,0,0*0*0,0*0*0
91,316,0,0,0,0,0,0,0*0*0,0*0*0
92,1000,0,0,0,0,0,0,0*0*0,0*0*0
93,398,0,0,0,0,0,0,0*0*0,0*0*0
94,1000,0,0,0,0,0,0,0*0*0,0*0*0
95,1259,0,0,0,0,0,0,0*0*0,0*0*0
96,631,0,0,0,0,0,0,0*0*0,0*0*0
97,501,0,0,0,0,0,0,0*0*0,0*0*0
98,2512,4218,1,0,0.750995,0.875498,3,25*6*4,150*16*1
99,1995,3455,0,0,0.810351,0.905175,2,25*6*3,150*16*1
100,1995,3456,1,0,0.810351,0.905175,2,25*6*3,150*16*1
101,1995,3456,1,0,0.810351,0.905175,2,25*6*3,150*16*1
102,3162,4860,0,0,0.681958,0.840979,4,25*6*5,150*16*1
103,3162,4861,1,0,0.681958,0.840979,4,25*6*5,150*16*1
104,2512,4217,0,0,0.750995,0.875498,3,25*6*4,150*16*1
105,15849,6033,0,0,0.18698,0.59349,5,25*6*5,150*16*2
106,15849,6034,1,0,0.18698,0.59349,5,25*6*5,150*16*2
107,19953,6034,1,0,0.148522,0.574261,5,25*6*5,150*16*2
108,5012,6034,1,0,0.591271,0.795635,5,25*6*5,150*16*2
109,5012,6034,1,0,0.591271,0.795635,5,25*6*5,150*16*2
110,15849,6034,1,0,0.18698,0.59349,5,25*6*5,150*16*2
111,6310,6034,1,0,0.469643,0.734822,5,25*6*5,150*16*2
112,6310,6034,1,0,0.469643,0.734822,5,25*6*5,150*16*2
113,6310,6034,1,0,0.469643,0.734822,5,25*6*5,150*16*2
114,15849,6034,1,0,0.18698,0.59349,5,25*6*5,150*16*2
115,15849,6034,1,0,0.18698,0.59349,5,25*6*5,150*16*2
116,10000,6034,1,0,0.296345,0.648173,5,25*6*5,150*16*2
117,7943,6034,1,0,0.37309,0.686545,5,25*6*5,150*16*2
118,15849,6034,1,0,0.18698,0.59349,5,25*6*5,150*16*2
119,7943,6034,1,0,0.37309,0.686545,5,25*6*5,150*16*2
120,12589,6034,1,0,0.2354,0.6177,5,25*6*5,150*16*2
121,7943,6034,1,0,0.37309,0.686545,5,25*6*5,150*16*2
122,7943,6034,1,0,0.37309,0.686545,5,25*6*5,150*16*2
123,7943,6034,1,0,0.37309,0.686545,5,25*6*5,150*16*2
124,7943,6034,1,0,0.37309,0.686545,5,25*6*5,150*16*2
125,7943,6034,1,0,0.37309,0.686545,5,25*6*5,150*16*2
126,10000,6034,1,0,0.296345,0.648173,5,25*6*5,150*16*2
127,6310,6034,1,0,0.469643,0.734822,5,25*6*5,150*16*2
128,7943,6033,1,0,0.37309,0.686545,5,25*6*5,150*16*2
129,6310,6034,1,0,0.469643,0.734822,5,25*6*5,150*16*2
130,5012,6034,1,0,0.591271,0.795635,5,25*6*5,150*16*2
131,1995,3455,0,0,0.810351,0.905175,2,25*6*3,150*16*1
132,1585,0,0,0,0,0,0,0*0*0,0*0*0
133,1995,3456,1,0,0.810351,0.905175,2,25*6*3,150*16*1
134,2512,4218,1,0,0.750995,0.875498,3,25*6*4,150*16*1
135,5012,6033,0,0,0.591271,0.795635,5,25*6*5,150*16*2
136,5012,6034,1,0,0.591271,0.795635,5,25*6*5,150*16*2
137,19953,6034,1,0,0.148522,0.574261,5,25*6*5,150*16*2
138,3162,4861,1,0,0.681958,0.840979,4,25*6*5,150*16*1
139,6310,6034,1,0,0.469643,0.734822,5,25*6*5,150*16*2
140,19953,6034,1,0,0.148522,0.574261,5,25*6*5,150*16*2
141,12589,6034,1,0,0.2354,0.6177,5,25*6*5,150*16*2
142,12589,6034,1,0,0.2354,0.6177,5,25*6*5,150*16*2
143,6310,6034,1,0,0.469643,0.734822,5,25*6*5,150*16*2
144,12589,6034,1,0,0.2354,0.6177,5,25*6*5,150*16*2
145,12589,6034,1,0,0.2354,0.6177,5,25*6*5,150*16*2
146,7943,6034,1,0,0.37309,0.686545,5,25*6*5,150*16*2
147,1995,3455,0,0,0.810351,0.905175,2,25*6*3,150*16*1
148,501,0,0,0,0,0,0,0*0*0,0*0*0
149,251,0,0,0,0,0,0,0*0*0,0*0*0
150,13,0,0,0,0,0,0,0*0*0,0*0*0
151,126,0,0,0,0,0,0,0*0*0,0*0*0
152,126,0,0,0,0,0,0,0*0*0,0*0*0
153,158,0,0,0,0,0,0,0*0*0,0*0*0
154,251,0,0,0,0,0,0,0*0*0,0*0*0
155,398,0,0,0,0,0,0,0*0*0,0*0*0
156,200,0,0,0,0,0,0,0*0*0,0*0*0
157,251,0,0,0,0,0,0,0*0*0,0*0*0
158,1000,0,0,0,0,0,0,0*0*0,0*0*0
159,1585,0,0,0,0,0,0,0*0*0,0*0*0
160,1995,3456,1,0,0.810351,0.905175,2,25*6*3,150*16*1
161,3981,6033,0,0,0.744398,0.872199,5,25*6*5,150*16*2
162,5012,6034,1,0,0.591271,0.795635,5,25*6*5,150*16*2
163,6310,6034,1,0,0.469643,0.734822,5,25*6*5,150*16*2
164,3981,6034,1,0,0.744398,0.872199,5,25*6*5,150*16*2
165,1585,0,0,0,0,0,0,0*0*0,0*0*0
166,1995,3455,0,0,0.810351,0.905175,2,25*6*3,150*16*1
167,631,0,0,0,0,0,0,0*0*0,0*0*0
168,1585,0,0,0,0,0,0,0*0*0,0*0*0
169,100,0,0,0,0,0,0,0*0*0,0*0*0
170,63,0,0,0,0,0,0,0*0*0,0*0*0
171,794,0,0,0,0,0,0,0*0*0,0*0*0
172,32,0,0,0,0,0,0,0*0*0,0*0*0
173,32,0,0,0,0,0,0,0*0*0,0*0*0
174,200,0,0,0,0,0,0,0*0*0,0*0*0
175,40,0,0,0,0,0,0,0*0*0,0*0*0
176,158,0,0,0,0,0,0,0*0*0,0*0*0
177,158,0,0,0,0,0,0,0*0*0,0*0*0
178,316,0,0,0,0,0,0,0*0*0,0*0*0
179,316,0,0,0,0,0,0,0*0*0,0*0*0
180,251,0,0,0,0,0,0,0*0*0,0*0*0
181,100,0,0,0,0,0,0,0*0*0,0*0*0
182,251,0,0,0,0,0,0,0*0*0,0*0*0
183,794,0,0,0,0,0,0,0*0*0,0*0*0
184,3162,4861,1,0,0.681958,0.840979,4,25*6*5,150*16*1
185,5012,6034,1,0,0.591271,0.795635,5,25*6*5,150*16*2
186,5012,6034,1,0,0.591271,0.795635,5,25*6*5,150*16*2
187,1259,0,0,0,0,0,0,0*0*0,0*0*0
188,15849,6034,1,0,0.18698,0.59349,5,25*6*5,150*16*2
189,1995,3455,0,0,0.810351,0.905175,2,25*6*3,150*16*1
190,19953,6033,0,0,0.148522,0.574261,5,25*6*5,150*16*2
191,2512,4217,0,0,0.750995,0.875498,3,25*6*4,150*16*1
192,2512,4218,1,0,0.750995,0.875498,3,25*6*4,150*16*1
193,3162,4860,0,0,0.681958,0.840979,4,25*6*5,150*16*1
194,3981,6033,0,0,0.744398,0.872199,5,25*6*5,150*16*2
195,3162,4861,1,0,0.681958,0.840979,4,25*6*5,150*16*1
196,3162,4861,1,0,0.681958,0.840979,4,25*6*5,150*16*1
197,1995,3455,0,0,0.810351,0.905175,2,25*6*3,150*16*1
198,3981,6033,0,0,0.744398,0.872199,5,25*6*5,150*16*2
199,3981,6034,1,0,0.744398,0.872199,5,25*6*5,150*16*2
200,3162,4861,1,0,0.681958,0.840979,4,25*6*5,150*16*1
201,2512,4217,0,0,0.750995,0.875498,3,25*6*4,150*16*1
202,5012,6033,0,0,0.591271,0.795635,5,25*6*5,150*16*2
203,3981,6034,1,0,0.744398,0.872199,5,25*6*5,150*16*2
204,3981,6034,1,0,0.744398,0.872199,5,25*6*5,150*16*2
205,2512,4217,0,0,0.750995,0.875498,3,25*6*4,150*16*1
206,1995,3456,1,0,0.810351,0.905175,2,25*6*3,150*16*1
207,3162,4860,0,0,0.681958,0.840979,4,25*6*5,150*16*1
208,3981,6033,0,0,0.744398,0.872199,5,25*6*5,150*16*2
209,3981,6034,1,0,0.744398,0.872199,5,25*6*5,150*16*2
210,2512,4217,0,0,0.750995,0.875498,3,25*6*4,150*16*1
211,3981,6033,0,0,0.744398,0.872199,5,25*6*5,150*16*2
212,6310,6034,1,0,0.469643,0.734822,5,25*6*5,150*16*2
213,5012,6034,1,0,0.591271,0.795635,5,25*6*5,150*16*2
214,5012,6034,1,0,0.591271,0.795635,5,25*6*5,150*16*2
215,2512,4217,0,0,0.750995,0.875498,3,25*6*4,150*16*1
216,1585,0,0,0,0,0,0,0*0*0,0*0*0
217,316,0,0,0,0,0,0,0*0*0,0*0*0
218,1995,3456,1,0,0.810351,0.905175,2,25*6*3,150*16*1
219,158,0,0,0,0,0,0,0*0*0,0*0*0
220,50,0,0,0,0,0,0,0*0*0,0*0*0
221,40,0,0,0,0,0,0,0*0*0,0*0*0
222,158,0,0,0,0,0,0,0*0*0,0*0*0
223,631,0,0,0,0,0,0,0*0*0,0*0*0
224,1259,0,0,0,0,0,0,0*0*0,0*0*0
225,631,0,0,0,0,0,0,0*0*0,0*0*0
226,1995,3456,1,0,0.810351,0.905175,2,25*6*3,150*16*1
227,1259,0,0,0,0,0,0,0*0*0,0*0*0
228,1000,0,0,0,0,0,0,0*0*0,0*0*0
229,200,0,0,0,0,0,0,0*0*0,0*0*0
230,398,0,0,0,0,0,0,0*0*0,0*0*0
231,794,0,0,0,0,0,0,0*0*0,0*0*0
232,126,0,0,0,0,0,0,0*0*0,0*0*0
233,501,0,0,0,0,0,0,0*0*0,0*0*0
234,63,0,0,0,0,0,0,0*0*0,0*0*0
235,316,0,0,0,0,0,0,0*0*0,0*0*0
236,32,0,0,0,0,0,0,0*0*0,0*0*0
237,25,0,0,0,0,0,0,0*0*0,0*0*0
238,32,0,0,0,0,0,0,0*0*0,0*0*0
239,40,0,0,0,0,0,0,0*0*0,0*0*0
240,50,0,0,0,0,0,0,0*0*0,0*0*0
241,40,0,0,0,0,0,0,0*0*0,0*0*0
242,79,0,0,0,0,0,0,0*0*0,0*0*0
243,100,0,0,0,0,0,0,0*0*0,0*0*0
244,1000,0,0,0,0,0,0,0*0*0,0*0*0
245,501,0,0,0,0,0,0,0*0*0,0*0*0
246,158,0,0,0,0,0,0,0*0*0,0*0*0
247,1000,0,0,0,0,0,0,0*0*0,0*0*0
248,2512,4218,1,0,0.750995,0.875498,3,25*6*4,150*16*1
249,1585,0,0,0,0,0,0,0*0*0,0*0*0
250,3162,4860,0,0,0.681958,0.840979,4,25*6*5,150*16*1
251,15849,6033,0,0,0.18698,0.59349,5,25*6*5,150*16*2
252,19953,6034,1,0,0.148522,0.574261,5,25*6*5,150*16*2
253,15849,6034,1,0,0.18698,0.59349,5,25*6*5,150*16*2
254,15849,6034,1,0,0.18698,0.59349,5,25*6*5,150*16*2
255,19953,6034,1,0,0.148522,0.574261,5,25*6*5,150*16*2
256,12589,6034,1,0,0.2354,0.6177,5,25*6*5,150*16*2
257,15849,6034,1,0,0.18698,0.59349,5,25*6*5,150*16*2
258,25119,6034,1,0,0.117976,0.558988,5,25*6*5,150*16*2
259,19953,6034,1,0,0.148522,0.574261,5,25*6*5,150*16*2
260,15849,6034,1,0,0.18698,0.59349,5,25*6*5,150*16*2
261,15849,6034,1,0,0.18698,0.59349,5,25*6*5,150*16*2
262,15849,6034,1,0,0.18698,0.59349,5,25*6*5,150*16*2
263,19953,6034,1,0,0.148522,0.574261,5,25*6*5,150*16*2
264,10000,6034,1,0,0.296345,0.648173,5,25*6*5,150*16*2
265,19953,6034,1,0,0.148522,0.574261,5,25*6*5,150*16*2
266,25119,6034,1,0,0.117976,0.558988,5,25*6*5,150*16*2
267,15849,6034,1,0,0.18698,0.59349,5,25*6*5,150*16*2
268,12589,6034,1,0,0.2354,0.6177,5,25*6*5,150*16*2
269,15849,6034,1,0,0.18698,0.59349,5,25*6*5,150*16*2
270,25119,6034,1,0,0.117976,0.558988,5,25*6*5,150*16*2
271,19953,6034,1,0,0.148522,0.574261,5,25*6*5,150*16*2
272,25119,6034,1,0,0.117976,0.558988,5,25*6*5,150*16*2
273,12589,6034,1,0,0.2354,0.6177,5,25*6*5,150*16*2
274,12589,6033,1,0,0.2354,0.6177,5,25*6*5,150*16*2
275,12589,6034,1,0,0.2354,0.6177,5,25*6*5,150*16*2
276,15849,6034,1,0,0.18698,0.59349,5,25*6*5,150*16*2
277,12589,6034,1,0,0.2354,0.6177,5,25*6*5,150*16*2
278,12589,6034,1,0,0.2354,0.6177,5,25*6*5,150*16*2
279,15849,6034,1,0,0.18698,0.59349,5,25*6*5,150*16*2
280,12589,6034,1,0,0.2354,0.6177,5,25*6*5,150*16*2
281,10000,6034,1,0,0.296345,0.648173,5,25*6*5,150*16*2
282,12589,6034,1,0,0.2354,0.6177,5,25*6*5,150*16*2
283,15849,6034,1,0,0.18698,0.59349,5,25*6*5,150*16*2
284,15849,6034,1,0,0.18698,0.59349,5,25*6*5,150*16*2
285,5012,6034,1,0,0.591271,0.795635,5,25*6*5,150*16*2
286,15849,6034,1,0,0.18698,0.59349,5,25*6*5,150*16*2
287,3981,6034,1,0,0.744398,0.872199,5,25*6*5,150*16*2
288,100,0,0,0,0,0,0,0*0*0,0*0*0
289,100,0,0,0,0,0,0,0*0*0,0*0*0
290,251,0,0,0,0,0,0,0*0*0,0*0*0
291,251,0,0,0,0,0,0,0*0*0,0*0*0
292,200,0,0,0,0,0,0,0*0*0,0*0*0
293,316,0,0,0,0,0,0,0*0*0,0*0*0
294,1995,3455,0,0,0.810351,0.905175,2,25*6*3,150*16*1
295,794,0,0,0,0,0,0,0*0*0,0*0*0
296,10000,6033,0,0,0.296345,0.648173,5,25*6*5,150*16*2
297,1585,0,0,0,0,0,0,0*0*0,0*0*0
298,19953,6034,1,0,0.148522,0.574261,5,25*6*5,150*16*2
299,19953,6034,1,0,0.148522,0.574261,5,25*6*5,150*16*2
300,12589,6034,1,0,0.2354,0.6177,5,25*6*5,150*16*2
301,2044.85,3455,0,0,0.790596,0.895298,2,25*6*3,150*16*1
302,7447.83,6033,0,0,0.397894,0.698947,5,25*6*5,150*16*2
303,16229.5,6034,1,0,0.182597,0.591298,5,25*6*5,150*16*2
304,16031,6034,1,0,0.184857,0.592429,5,25*6*5,150*16*2
305,19606.3,6034,1,0,0.151148,0.575574,5,25*6*5,150*16*2
306,11840.3,6034,1,0,0.250285,0.625143,5,25*6*5,150*16*2
307,1585.21,0,0,0,0,0,0,0*0*0,0*0*0
308,812.947,0,0,0,0,0,0,0*0*0,0*0*0
309,406.541,0,0,0,0,0,0,0*0*0,0*0*0
310,0,0,0,0,0,0,0,0*0*0,0*0*0
311,1090.61,0,0,0,0,0,0,0*0*0,0*0*0
312,0,0,0,0,0,0,0,0*0*0,0*0*0
313,23.8508,0,0,0,0,0,0,0*0*0,0*0*0
314,0,0,0,0,0,0,0,0*0*0,0*0*0
315,100.082,0,0,0,0,0,0,0*0*0,0*0*0
316,0,0,0,0,0,0,0,0*0*0,0*0*0
317,963.866,0,0,0,0,0,0,0*0*0,0*0*0
318,972.651,0,0,0,0,0,0,0*0*0,0*0*0
319,1043.4,0,0,0,0,0,0,0*0*0,0*0*0
320,110.425,0,0,0,0,0,0,0*0*0,0*0*0
321,108.095,0,0,0,0,0,0,0*0*0,0*0*0
322,653.238,0,0,0,0,0,0,0*0*0,0*0*0
323,0,0,0,0,0,0,0,0*0*0,0*0*0
324,735.417,0,0,0,0,0,0,0*0*0,0*0*0
325,0,0,0,0,0,0,0,0*0*0,0*0*0
326,463.023,0,0,0,0,0,0,0*0*0,0*0*0
327,184.966,0,0,0,0,0,0,0*0*0,0*0*0
328,0,0,0,0,0,0,0,0*0*0,0*0*0
329,0,0,0,0,0,0,0,0*0*0,0*0*0
330,188.049,0,0,0,0,0,0,0*0*0,0*0*0
331,347.586,0,0,0,0,0,0,0*0*0,0*0*0
332,0,0,0,0,0,0,0,0*0*0,0*0*0
333,232.819,0,0,0,0,0,0,0*0*0,0*0*0
334,0,0,0,0,0,0,0,0*0*0,0*0*0
335,0,0,0,0,0,0,0,0*0*0,0*0*0
336,373.985,0,0,0,0,0,0,0*0*0,0*0*0
337,0,0,0,0,0,0,0,0*0*0,0*0*0
338,0,0,0,0,0,0,0,0*0*0,0*0*0
339,0,0,0,0,0,0,0,0*0*0,0*0*0
340,246.768,0,0,0,0,0,0,0*0*0,0*0*0
341,70.5241,0,0,0,0,0,0,0*0*0,0*0*0
342,104.083,0,0,0,0,0,0,0*0*0,0*0*0
343,65.7229,0,0,0,0,0,0,0*0*0,0*0*0
344,0,0,0,0,0,0,0,0*0*0,0*0*0
345,24.8078,0,0,0,0,0,0,0*0*0,0*0*0
346,38.2118,0,0,0,0,0,0,0*0*0,0*0*0
347,0,0,0,0,0,0,0,0*0*0,0*0*0
348,0,0,0,0,0,0,0,0*0*0,0*0*0
349,0,0,0,0,0,0,0,0*0*0,0*0*0
350,1233.26,0,0,0,0,0,0,0*0*0,0*0*0
351,1162.73,0,0,0,0,0,0,0*0*0,0*0*0
352,175.803,0,0,0,0,0,0,0*0*0,0*0*0
353,0,0,0,0,0,0,0,0*0*0,0*0*0
354,0,0,0,0,0,0,0,0*0*0,0*0*0
355,745.338,0,0,0,0,0,0,0*0*0,0*0*0
356,0,0,0,0,0,0,0,0*0*0,0*0*0
357,0,0,0,0,0,0,0,0*0*0,0*0*0
358,733.242,0,0,0,0,0,0,0*0*0,0*0*0
359,813.3,0,0,0,0,0,0,0*0*0,0*0*0
360,2942.07,4861,1,0,0.732936,0.866468,4,25*6*5,150*16*1
361,5289.4,6034,1,0,0.560262,0.780131,5,25*6*5,150*16*2
362,15882.5,6034,1,0,0.186586,0.593293,5,25*6*5,150*16*2
363,6489.78,6034,1,0,0.456633,0.728317,5,25*6*5,150*16*2
364,15244.4,6034,1,0,0.194396,0.597198,5,25*6*5,150*16*2
365,520.352,0,0,0,0,0,0,0*0*0,0*0*0
366,9757.18,6034,1,0,0.30372,0.65186,5,25*6*5,150*16*2
367,7782.69,6034,1,0,0.380775,0.690387,5,25*6*5,150*16*2
368,2152.78,3455,0,0,0.750959,0.87548,2,25*6*3,150*16*1
369,15285.5,6033,0,0,0.193873,0.596937,5,25*6*5,150*16*2
370,2298.73,4217,0,0,0.820671,0.910335,3,25*6*4,150*16*1
371,19898.9,6033,0,0,0.148925,0.574463,5,25*6*5,150*16*2
372,13455.6,6034,1,0,0.220239,0.61012,5,25*6*5,150*16*2
373,3773.72,6034,1,0,0.785286,0.892643,5,25*6*5,150*16*2
374,3567.45,6034,1,0,0.830691,0.915346,5,25*6*5,150*16*2
375,3569.43,6034,1,0,0.830231,0.915115,5,25*6*5,150*16*2
376,2094.36,3455,0,0,0.771906,0.885953,2,25*6*3,150*16*1
377,3244.73,6033,0,0,0.913312,0.956656,5,25*6*5,150*16*2
378,970.046,0,0,0,0,0,0,0*0*0,0*0*0
379,606.424,0,0,0,0,0,0,0*0*0,0*0*0
380,1644.75,3455,0,0,0.982915,0.991458,2,25*6*3,150*16*1
381,3080.19,4861,1,0,0.70007,0.850035,4,25*6*5,150*16*1
382,2843.89,4861,1,0,0.75824,0.87912,4,25*6*5,150*16*1
383,3857.48,6034,1,0,0.768235,0.884117,5,25*6*5,150*16*2
384,14006.3,6034,1,0,0.21158,0.60579,5,25*6*5,150*16*2
385,763.655,0,0,0,0,0,0,0*0*0,0*0*0
386,2161.55,4217,0,0,0.872753,0.936377,3,25*6*4,150*16*1
387,1655.09,3456,1,0,0.976775,0.988387,2,25*6*3,150*16*1
388,5958.59,6033,0,0,0.497341,0.74867,5,25*6*5,150*16*2
389,2606.48,4217,0,0,0.723773,0.861887,3,25*6*4,150*16*1
390,848.815,0,0,0,0,0,0,0*0*0,0*0*0
391,0,0,0,0,0,0,0,0*0*0,0*0*0
392,657.127,0,0,0,0,0,0,0*0*0,0*0*0
393,617.724,0,0,0,0,0,0,0*0*0,0*0*0
394,1445.57,0,0,0,0,0,0,0*0*0,0*0*0
395,1794.68,3456,1,0,0.900801,0.950401,2,25*6*3,150*16*1
396,579.103,0,0,0,0,0,0,0*0*0,0*0*0
397,331.65,0,0,0,0,0,0,0*0*0,0*0*0
398,2779.05,4860,0,0,0.775931,0.887965,4,25*6*5,150*16*1
399,2819.65,4861,1,0,0.764758,0.882379,4,25*6*5,150*16*1
400,1231.87,0,0,0,0,0,0,0*0*0,0*0*0
401,1126.27,0,0,0,0,0,0,0*0*0,0*0*0
402,3151.52,4861,1,0,0.684225,0.842113,4,25*6*5,150*16*1
403,3593.87,6034,1,0,0.824585,0.912292,5,25*6*5,150*16*2
404,3199.29,4861,1,0,0.674009,0.837004,4,25*6*5,150*16*1
405,16034.8,6034,1,0,0.184814,0.592407,5,25*6*5,150*16*2
406,15651.2,6034,1,0,0.189343,0.594672,5,25*6*5,150*16*2
407,20882.6,6034,1,0,0.14191,0.570955,5,25*6*5,150*16*2
408,4874.17,6034,1,0,0.607991,0.803995,5,25*6*5,150*16*2
409,4816.72,6034,1,0,0.615242,0.807621,5,25*6*5,150*16*2
410,15871.8,6034,1,0,0.186712,0.593356,5,25*6*5,150*16*2
411,6490.76,6034,1,0,0.456564,0.728282,5,25*6*5,150*16*2
412,6071.56,6034,1,0,0.488087,0.744044,5,25*6*5,150*16*2
413,6969.86,6033,1,0,0.425181,0.71259,5,25*6*5,150*16*2
414,14799.6,6034,1,0,0.200239,0.600119,5,25*6*5,150*16*2
415,15587.7,6034,1,0,0.190115,0.595057,5,25*6*5,150*16*2
416,11302.9,6034,1,0,0.262185,0.631092,5,25*6*5,150*16*2
417,8356.07,6034,1,0,0.354646,0.677323,5,25*6*5,150*16*2
418,14989.2,6034,1,0,0.197706,0.598853,5,25*6*5,150*16*2
419,7215.16,6034,1,0,0.410725,0.705363,5,25*6*5,150*16*2
420,12681.5,6034,1,0,0.233683,0.616841,5,25*6*5,150*16*2
421,7904.85,6034,1,0,0.37489,0.687445,5,25*6*5,150*16*2
422,8218.82,6034,1,0,0.360569,0.680284,5,25*6*5,150*16*2
423,6785.64,6034,1,0,0.436724,0.718362,5,25*6*5,150*16*2
424,8958.65,6034,1,0,0.330792,0.665396,5,25*6*5,150*16*2
425,8079.77,6034,1,0,0.366774,0.683387,5,25*6*5,150*16*2
426,10357.1,6034,1,0,0.286127,0.643064,5,25*6*5,150*16*2
427,7140.9,6034,1,0,0.414997,0.707498,5,25*6*5,150*16*2
428,8168.07,6034,1,0,0.362809,0.681405,5,25*6*5,150*16*2
429,5820.2,6034,1,0,0.509166,0.754583,5,25*6*5,150*16*2
430,6095.89,6034,1,0,0.486139,0.74307,5,25*6*5,150*16*2
431,2588.72,4217,0,0,0.728739,0.864369,3,25*6*4,150*16*1
432,719.874,0,0,0,0,0,0,0*0*0,0*0*0
433,2220.3,4218,1,0,0.84966,0.92483,3,25*6*4,150*16*1
434,2488.53,4218,1,0,0.758078,0.879039,3,25*6*4,150*16*1
435,5105.92,6033,0,0,0.580395,0.790197,5,25*6*5,150*16*2
436,5092.5,6034,1,0,0.581924,0.790962,5,25*6*5,150*16*2
437,19461.8,6034,1,0,0.15227,0.576135,5,25*6*5,150*16*2
438,3547.38,6034,1,0,0.835391,0.917696,5,25*6*5,150*16*2
439,5710.76,6034,1,0,0.518924,0.759462,5,25*6*5,150*16*2
440,19978.5,6034,1,0,0.148332,0.574166,5,25*6*5,150*16*2
441,12516,6034,1,0,0.236773,0.618386,5,25*6*5,150*16*2
442,13833.3,6034,1,0,0.214226,0.607113,5,25*6*5,150*16*2
443,6493.1,6034,1,0,0.4564,0.7282,5,25*6*5,150*16*2
444,12746.5,6034,1,0,0.232491,0.616246,5,25*6*5,150*16*2
445,12118,6034,1,0,0.244549,0.622275,5,25*6*5,150*16*2
446,7530.64,6034,1,0,0.393519,0.69676,5,25*6*5,150*16*2
447,1941.34,3455,0,0,0.83275,0.916375,2,25*6*3,150*16*1
448,1030.02,0,0,0,0,0,0,0*0*0,0*0*0
449,0,0,0,0,0,0,0,0*0*0,0*0*0
450,0,0,0,0,0,0,0,0*0*0,0*0*0
451,0,0,0,0,0,0,0,0*0*0,0*0*0
452,819.263,0,0,0,0,0,0,0*0*0,0*0*0
453,111.896,0,0,0,0,0,0,0*0*0,0*0*0
454,879.064,0,0,0,0,0,0,0*0*0,0*0*0
455,863.991,0,0,0,0,0,0,0*0*0,0*0*0
456,403.186,0,0,0,0,0,0,0*0*0,0*0*0
457,0,0,0,0,0,0,0,0*0*0,0*0*0
458,717.659,0,0,0,0,0,0,0*0*0,0*0*0
459,1193.27,0,0,0,0,0,0,0*0*0,0*0*0
460,2375.02,4218,1,0,0.794309,0.897155,3,25*6*4,150*16*1
461,4532.79,6033,0,0,0.653781,0.82689,5,25*6*5,150*16*2
462,5264.37,6034,1,0,0.562926,0.781463,5,25*6*5,150*16*2
463,7623.02,6034,1,0,0.38875,0.694375,5,25*6*5,150*16*2
464,4279.81,6034,1,0,0.692426,0.846213,5,25*6*5,150*16*2
465,1883.51,3455,0,0,0.858318,0.929159,2,25*6*3,150*16*1
466,1952.12,3456,1,0,0.828151,0.914075,2,25*6*3,150*16*1
467,237.952,0,0,0,0,0,0,0*0*0,0*0*0
468,2153.32,3456,1,0,0.750771,0.875385,2,25*6*3,150*16*1
469,0,0,0,0,0,0,0,0*0*0,0*0*0
470,753,0,0,0,0,0,0,0*0*0,0*0*0
471,1403.91,0,0,0,0,0,0,0*0*0,0*0*0
472,372.158,0,0,0,0,0,0,0*0*0,0*0*0
473,0,0,0,0,0,0,0,0*0*0,0*0*0
474,0,0,0,0,0,0,0,0*0*0,0*0*0
475,993.313,0,0,0,0,0,0,0*0*0,0*0*0
476,0,0,0,0,0,0,0,0*0*0,0*0*0
477,261.629,0,0,0,0,0,0,0*0*0,0*0*0
478,0,0,0,0,0,0,0,0*0*0,0*0*0
479,113.347,0,0,0,0,0,0,0*0*0,0*0*0
480,0,0,0,0,0,0,0,0*0*0,0*0*0
481,0,0,0,0,0,0,0,0*0*0,0*0*0
482,0,0,0,0,0,0,0,0*0*0,0*0*0
483,141.167,0,0,0,0,0,0,0*0*0,0*0*0
484,3623.2,6033,0,0,0.81791,0.908955,5,25*6*5,150*16*2
485,5046.18,6034,1,0,0.587266,0.793633,5,25*6*5,150*16*2
486,4281.59,6034,1,0,0.692138,0.846069,5,25*6*5,150*16*2
487,2147.37,3455,0,0,0.752851,0.876426,2,25*6*3,150*16*1
488,16772.1,6033,0,0,0.176689,0.588345,5,25*6*5,150*16*2
489,1965.63,3455,0,0,0.822459,0.911229,2,25*6*3,150*16*1
490,20052.9,6033,0,0,0.147782,0.573891,5,25*6*5,150*16*2
491,2192.39,4217,0,0,0.860476,0.930238,3,25*6*4,150*16*1
492,2152.36,3456,1,0,0.751106,0.875553,2,25*6*3,150*16*1
493,3857.02,6033,0,0,0.768326,0.884163,5,25*6*5,150*16*2
494,3786.31,6034,1,0,0.782675,0.891337,5,25*6*5,150*16*2
495,3080.01,4861,1,0,0.700111,0.850056,4,25*6*5,150*16*1
496,2977.2,4861,1,0,0.724288,0.862144,4,25*6*5,150*16*1
497,1479.29,0,0,0,0,0,0,0*0*0,0*0*0
498,3155,4861,1,0,0.683471,0.841735,4,25*6*5,150*16*1
499,3516.86,6034,1,0,0.842641,0.92132,5,25*6*5,150*16*2
500,3120.8,4861,1,0,0.690961,0.84548,4,25*6*5,150*16*1
501,2223.46,4217,0,0,0.848452,0.924226,3,25*6*4,150*16*1
502,5856.81,6033,0,0,0.505984,0.752992,5,25*6*5,150*16*2
503,4095.87,6034,1,0,0.723521,0.861761,5,25*6*5,150*16*2
504,3793.35,6034,1,0,0.781222,0.890611,5,25*6*5,150*16*2
505,2562.19,4217,0,0,0.736284,0.868142,3,25*6*4,150*16*1
506,1155.36,0,0,0,0,0,0,0*0*0,0*0*0
507,3328.22,6033,0,0,0.890401,0.9452,5,25*6*5,150*16*2
508,3543.28,6034,1,0,0.836358,0.918179,5,25*6*5,150*16*2
509,3289.89,6034,1,0,0.900775,0.950387,5,25*6*5,150*16*2
510,1890.51,3455,0,0,0.85514,0.92757,2,25*6*3,150*16*1
511,3972.31,6033,0,0,0.746027,0.873013,5,25*6*5,150*16*2
512,7247.81,6034,1,0,0.408875,0.704438,5,25*6*5,150*16*2
513,4096.66,6034,1,0,0.723382,0.861691,5,25*6*5,150*16*2
514,5081.82,6034,1,0,0.583147,0.791574,5,25*6*5,150*16*2
515,2647.21,4217,0,0,0.712637,0.856319,3,25*6*4,150*16*1
516,1557.41,0,0,0,0,0,0,0*0*0,0*0*0
517,1009.16,0,0,0,0,0,0,0*0*0,0*0*0
518,2412.77,4218,1,0,0.781881,0.890941,3,25*6*4,150*16*1
519,93.3607,0,0,0,0,0,0,0*0*0,0*0*0
520,0,0,0,0,0,0,0,0*0*0,0*0*0
521,507.135,0,0,0,0,0,0,0*0*0,0*0*0
522,802.016,0,0,0,0,0,0,0*0*0,0*0*0
523,275.591,0,0,0,0,0,0,0*0*0,0*0*0
524,545.093,0,0,0,0,0,0,0*0*0,0*0*0
525,485.447,0,0,0,0,0,0,0*0*0,0*0*0
526,2505.42,4218,1,0,0.752968,0.876484,3,25*6*4,150*16*1
527,1150.4,0,0,0,0,0,0,0*0*0,0*0*0
528,1817.18,3455,0,0,0.889648,0.944824,2,25*6*3,150*16*1
529,623.922,0,0,0,0,0,0,0*0*0,0*0*0
530,745.277,0,0,0,0,0,0,0*0*0,0*0*0
531,1031.43,0,0,0,0,0,0,0*0*0,0*0*0
532,0,0,0,0,0,0,0,0*0*0,0*0*0
533,0,0,0,0,0,0,0,0*0*0,0*0*0
534,845.54,0,0,0,0,0,0,0*0*0,0*0*0
535,0,0,0,0,0,0,0,0*0*0,0*0*0
536,0,0,0,0,0,0,0,0*0*0,0*0*0
537,523.027,0,0,0,0,0,0,0*0*0,0*0*0
538,0,0,0,0,0,0,0,0*0*0,0*0*0
539,0,0,0,0,0,0,0,0*0*0,0*0*0
540,730.22,0,0,0,0,0,0,0*0*0,0*0*0
541,98.8366,0,0,0,0,0,0,0*0*0,0*0*0
542,454.655,0,0,0,0,0,0,0*0*0,0*0*0
543,0,0,0,0,0,0,0,0*0*0,0*0*0
544,992.296,0,0,0,0,0,0,0*0*0,0*0*0
545,561.466,0,0,0,0,0,0,0*0*0,0*0*0
546,147.639,0,0,0,0,0,0,0*0*0,0*0*0
547,721.382,0,0,0,0,0,0,0*0*0,0*0*0
548,2910.05,4861,1,0,0.741001,0.870501,4,25*6*5,150*16*1
549,2008.95,3455,0,0,0.804724,0.902362,2,25*6*3,150*16*1
550,3186.21,4861,1,0,0.676776,0.838388,4,25*6*5,150*16*1
551,14902.6,6034,1,0,0.198855,0.599427,5,25*6*5,150*16*2
552,18531.8,6034,1,0,0.159912,0.579956,5,25*6*5,150*16*2
553,15678,6034,1,0,0.18902,0.59451,5,25*6*5,150*16*2
554,15312.7,6034,1,0,0.193529,0.596764,5,25*6*5,150*16*2
555,19826,6034,1,0,0.149473,0.574736,5,25*6*5,150*16*2
556,12500.8,6034,1,0,0.237061,0.61853,5,25*6*5,150*16*2
557,16337.7,6034,1,0,0.181387,0.590694,5,25*6*5,150*16*2
558,25080.4,6034,1,0,0.118158,0.559079,5,25*6*5,150*16*2
559,19966.7,6034,1,0,0.14842,0.57421,5,25*6*5,150*16*2
560,16662.1,6034,1,0,0.177856,0.588928,5,25*6*5,150*16*2
561,15663.7,6034,1,0,0.189192,0.594596,5,25*6*5,150*16*2
562,15278.8,6034,1,0,0.193958,0.596979,5,25*6*5,150*16*2
563,20124.2,6034,1,0,0.147258,0.573629,5,25*6*5,150*16*2
564,9717.11,6034,1,0,0.304972,0.652486,5,25*6*5,150*16*2
565,20155.7,6034,1,0,0.147028,0.573514,5,25*6*5,150*16*2
566,25827.8,6034,1,0,0.114739,0.557369,5,25*6*5,150*16*2
567,15207.9,6033,1,0,0.194863,0.597431,5,25*6*5,150*16*2
568,12499.1,6034,1,0,0.237093,0.618547,5,25*6*5,150*16*2
569,16245.6,6034,1,0,0.182416,0.591208,5,25*6*5,150*16*2
570,25467.4,6034,1,0,0.116362,0.558181,5,25*6*5,150*16*2
571,20024.9,6034,1,0,0.147988,0.573994,5,25*6*5,150*16*2
572,24906.2,6034,1,0,0.118984,0.559492,5,25*6*5,150*16*2
573,11491.1,6034,1,0,0.257891,0.628945,5,25*6*5,150*16*2
574,12659.2,6034,1,0,0.234095,0.617047,5,25*6*5,150*16*2
575,11882.2,6034,1,0,0.249402,0.624701,5,25*6*5,150*16*2
576,16406.9,6034,1,0,0.180622,0.590311,5,25*6*5,150*16*2
577,12472.9,6034,1,0,0.237591,0.618796,5,25*6*5,150*16*2
578,12402.6,6034,1,0,0.238938,0.619469,5,25*6*5,150*16*2
579,15424,6034,1,0,0.192132,0.596066,5,25*6*5,150*16*2
580,12475.8,6034,1,0,0.237536,0.618768,5,25*6*5,150*16*2
581,10703.1,6034,1,0,0.276878,0.638439,5,25*6*5,150*16*2
582,12637.8,6034,1,0,0.234491,0.617245,5,25*6*5,150*16*2
583,14624.2,6034,1,0,0.20264,0.60132,5,25*6*5,150*16*2
584,15685.5,6034,1,0,0.188929,0.594465,5,25*6*5,150*16*2
585,5974.52,6034,1,0,0.496015,0.748007,5,25*6*5,150*16*2
586,15542.2,6034,1,0,0.190671,0.595336,5,25*6*5,150*16*2
587,3401.88,6033,1,0,0.871121,0.935561,5,25*6*5,150*16*2
588,980.995,0,0,0,0,0,0,0*0*0,0*0*0
589,1065.25,0,0,0,0,0,0,0*0*0,0*0*0
590,0,0,0,0,0,0,0,0*0*0,0*0*0
591,188.671,0,0,0,0,0,0,0*0*0,0*0*0
592,1512.09,0,0,0,0,0,0,0*0*0,0*0*0
593,362.42,0,0,0,0,0,0,0*0*0,0*0*0
594,2963.62,4860,0,0,0.727607,0.863803,4,25*6*5,150*16*1
595,654.439,0,0,0,0,0,0,0*0*0,0*0*0
596,9451.85,6033,0,0,0.313531,0.656766,5,25*6*5,150*16*2
597,1692,3455,0,0,0.955467,0.977733,2,25*6*3,150*16*1
598,19757.8,6033,0,0,0.149989,0.574994,5,25*6*5,150*16*2
599,20075.5,6034,1,0,0.147615,0.573808,5,25*6*5,150*16*2
600,13675.4,6034,1,0,0.216699,0.60835,5,25*6*5,150*16*2
601,1730.13,3455,0,0,0.93441,0.967205,2,25*6*3,150*16*1
602,7966.08,6033,0,0,0.372009,0.686004,5,25*6*5,150*16*2
603,15825.7,6034,1,0,0.187256,0.593628,5,25*6*5,150*16*2
604,15897.7,6034,1,0,0.186407,0.593204,5,25*6*5,150*16*2
605,19911.7,6034,1,0,0.14883,0.574415,5,25*6*5,150*16*2
606,12652.9,6034,1,0,0.234211,0.617106,5,25*6*5,150*16*2
607,1601.94,0,0,0,0,0,0,0*0*0,0*0*0
608,94.5331,0,0,0,0,0,0,0*0*0,0*0*0
609,0,0,0,0,0,0,0,0*0*0,0*0*0
610,0,0,0,0,0,0,0,0*0*0,0*0*0
611,1455.12,0,0,0,0,0,0,0*0*0,0*0*0
612,284.364,0,0,0,0,0,0,0*0*0,0*0*0
613,0.402026,0,0,0,0,0,0,0*0*0,0*0*0
614,182.042,0,0,0,0,0,0,0*0*0,0*0*0
615,0,0,0,0,0,0,0,0*0*0,0*0*0
616,0,0,0,0,0,0,0,0*0*0,0*0*0
617,964.654,0,0,0,0,0,0,0*0*0,0*0*0
618,1602.58,0,0,0,0,0,0,0*0*0,0*0*0
619,1240.22,0,0,0,0,0,0,0*0*0,0*0*0
620,197.512,0,0,0,0,0,0,0*0*0,0*0*0
621,150.032,0,0,0,0,0,0,0*0*0,0*0*0
622,358.37,0,0,0,0,0,0,0*0*0,0*0*0
623,0,0,0,0,0,0,0,0*0*0,0*0*0
624,244.596,0,0,0,0,0,0,0*0*0,0*0*0
625,0,0,0,0,0,0,0,0*0*0,0*0*0
626,0,0,0,0,0,0,0,0*0*0,0*0*0
627,0,0,0,0,0,0,0,0*0*0,0*0*0
628,168.898,0,0,0,0,0,0,0*0*0,0*0*0
629,76.5802,0,0,0,0,0,0,0*0*0,0*0*0
630,0,0,0,0,0,0,0,0*0*0,0*0*0
631,148.98,0,0,0,0,0,0,0*0*0,0*0*0
632,108.68,0,0,0,0,0,0,0*0*0,0*0*0
633,19.0098,0,0,0,0,0,0,0*0*0,0*0*0
634,43.5193,0,0,0,0,0,0,0*0*0,0*0*0
635,0,0,0,0,0,0,0,0*0*0,0*0*0
636,73.7673,0,0,0,0,0,0,0*0*0,0*0*0
637,116.811,0,0,0,0,0,0,0*0*0,0*0*0
638,199.403,0,0,0,0,0,0,0*0*0,0*0*0
639,176.24,0,0,0,0,0,0,0*0*0,0*0*0
640,60.9284,0,0,0,0,0,0,0*0*0,0*0*0
641,169.895,0,0,0,0,0,0,0*0*0,0*0*0
642,29.8969,0,0,0,0,0,0,0*0*0,0*0*0
643,93.2587,0,0,0,0,0,0,0*0*0,0*0*0
644,118.256,0,0,0,0,0,0,0*0*0,0*0*0
645,1.29984,0,0,0,0,0,0,0*0*0,0*0*0
646,113.373,0,0,0,0,0,0,0*0*0,0*0*0
647,208.895,0,0,0,0,0,0,0*0*0,0*0*0
648,0,0,0,0,0,0,0,0*0*0,0*0*0
649,226.01,0,0,0,0,0,0,0*0*0,0*0*0
650,235.647,0,0,0,0,0,0,0*0*0,0*0*0
651,79.5698,0,0,0,0,0,0,0*0*0,0*0*0
652,249.776,0,0,0,0,0,0,0*0*0,0*0*0
653,60.4658,0,0,0,0,0,0,0*0*0,0*0*0
654,28.3402,0,0,0,0,0,0,0*0*0,0*0*0
655,173.473,0,0,0,0,0,0,0*0*0,0*0*0
656,158.42,0,0,0,0,0,0,0*0*0,0*0*0
657,0,0,0,0,0,0,0,0*0*0,0*0*0
658,330.18,0,0,0,0,0,0,0*0*0,0*0*0
659,1141.57,0,0,0,0,0,0,0*0*0,0*0*0
660,2981.89,4861,1,0,0.723149,0.861574,4,25*6*5,150*16*1
661,4985.45,6034,1,0,0.59442,0.79721,5,25*6*5,150*16*2
662,15888.1,6034,1,0,0.18652,0.59326,5,25*6*5,150*16*2
663,6252.5,6034,1,0,0.473962,0.736981,5,25*6*5,150*16*2
664,15789.3,6034,1,0,0.187687,0.593844,5,25*6*5,150*16*2
665,862.421,0,0,0,0,0,0,0*0*0,0*0*0
666,9816.08,6034,1,0,0.301897,0.650949,5,25*6*5,150*16*2
667,7903.1,6034,1,0,0.374973,0.687487,5,25*6*5,150*16*2
668,1482.76,0,0,0,0,0,0,0*0*0,0*0*0
669,15823.3,6034,1,0,0.187284,0.593642,5,25*6*5,150*16*2
670,2424.04,4217,0,0,0.778246,0.889123,3,25*6*4,150*16*1
671,20082.1,6033,0,0,0.147567,0.573783,5,25*6*5,150*16*2
672,12638.2,6034,1,0,0.234484,0.617242,5,25*6*5,150*16*2
673,3195.19,4861,1,0,0.674874,0.837437,4,25*6*5,150*16*1
674,3290.58,6034,1,0,0.900586,0.950293,5,25*6*5,150*16*2
675,3997.32,6034,1,0,0.741359,0.87068,5,25*6*5,150*16*2
676,2387.39,4217,0,0,0.790193,0.895097,3,25*6*4,150*16*1
677,3368.22,6033,0,0,0.879827,0.939913,5,25*6*5,150*16*2
678,1200.01,0,0,0,0,0,0,0*0*0,0*0*0
679,1046.65,0,0,0,0,0,0,0*0*0,0*0*0
680,1486.37,0,0,0,0,0,0,0*0*0,0*0*0
681,2434.63,4217,0,0,0.774861,0.887431,3,25*6*4,150*16*1
682,3314.32,6033,0,0,0.894135,0.947068,5,25*6*5,150*16*2
683,3937.85,6034,1,0,0.752555,0.876278,5,25*6*5,150*16*2
684,12419.9,6034,1,0,0.238605,0.619302,5,25*6*5,150*16*2
685,1176.33,0,0,0,0,0,0,0*0*0,0*0*0
686,1919.2,3455,0,0,0.842356,0.921178,2,25*6*3,150*16*1
687,2573.45,4218,1,0,0.733063,0.866531,3,25*6*4,150*16*1
688,6364.72,6033,0,0,0.465606,0.732803,5,25*6*5,150*16*2
689,2471.67,4217,0,0,0.763249,0.881625,3,25*6*4,150*16*1
690,1104.14,0,0,0,0,0,0,0*0*0,0*0*0
691,319.199,0,0,0,0,0,0,0*0*0,0*0*0
692,1037.42,0,0,0,0,0,0,0*0*0,0*0*0
693,547.898,0,0,0,0,0,0,0*0*0,0*0*0
694,1174.43,0,0,0,0,0,0,0*0*0,0*0*0
695,1262.27,0,0,0,0,0,0,0*0*0,0*0*0
696,674.577,0,0,0,0,0,0,0*0*0,0*0*0
697,330.972,0,0,0,0,0,0,0*0*0,0*0*0
698,2519.65,4218,1,0,0.748715,0.874358,3,25*6*4,150*16*1
699,2140.06,3455,0,0,0.755423,0.877711,2,25*6*3,150*16*1
700,2026.26,3456,1,0,0.797849,0.898925,2,25*6*3,150*16*1
701,2054.4,3456,1,0,0.786921,0.89346,2,25*6*3,150*16*1
702,3324.25,6033,0,0,0.891464,0.945732,5,25*6*5,150*16*2
703,3167.55,4861,1,0,0.680763,0.840381,4,25*6*5,150*16*1
704,2616.71,4217,0,0,0.720943,0.860472,3,25*6*4,150*16*1
705,15833.2,6033,0,0,0.187167,0.593583,5,25*6*5,150*16*2
706,15879.1,6034,1,0,0.186626,0.593313,5,25*6*5,150*16*2
707,20154.4,6034,1,0,0.147037,0.573519,5,25*6*5,150*16*2
708,5018.05,6034,1,0,0.590558,0.795279,5,25*6*5,150*16*2
709,5044.12,6034,1,0,0.587506,0.793753,5,25*6*5,150*16*2
710,15842.3,6034,1,0,0.187059,0.59353,5,25*6*5,150*16*2
711,6576.75,6034,1,0,0.450595,0.725297,5,25*6*5,150*16*2
712,6255.81,6034,1,0,0.473712,0.736856,5,25*6*5,150*16*2
713,6270.46,6034,1,0,0.472605,0.736302,5,25*6*5,150*16*2
714,15771.3,6034,1,0,0.187901,0.593951,5,25*6*5,150*16*2
715,15812.3,6034,1,0,0.187414,0.593707,5,25*6*5,150*16*2
716,9994.66,6034,1,0,0.296503,0.648252,5,25*6*5,150*16*2
717,8208.64,6034,1,0,0.361016,0.680508,5,25*6*5,150*16*2
718,16078.5,6034,1,0,0.184311,0.592156,5,25*6*5,150*16*2
719,8083.73,6034,1,0,0.366594,0.683297,5,25*6*5,150*16*2
720,12506.1,6034,1,0,0.23696,0.61848,5,25*6*5,150*16*2
721,7985.94,6034,1,0,0.371083,0.685542,5,25*6*5,150*16*2
722,8014.42,6034,1,0,0.369765,0.684882,5,25*6*5,150*16*2
723,8008.94,6034,1,0,0.370018,0.685009,5,25*6*5,150*16*2
724,7876.69,6034,1,0,0.37623,0.688115,5,25*6*5,150*16*2
725,8053.17,6034,1,0,0.367986,0.683993,5,25*6*5,150*16*2
726,9974.44,6034,1,0,0.297104,0.648552,5,25*6*5,150*16*2
727,6312.95,6034,1,0,0.469424,0.734712,5,25*6*5,150*16*2
728,7777.71,6033,1,0,0.381018,0.690509,5,25*6*5,150*16*2
729,6161.58,6034,1,0,0.480956,0.740478,5,25*6*5,150*16*2
730,5136.83,6034,1,0,0.576902,0.788451,5,25*6*5,150*16*2
731,2113.76,3455,0,0,0.764822,0.882411,2,25*6*3,150*16*1
732,1594.4,0,0,0,0,0,0,0*0*0,0*0*0
733,1864.1,3456,1,0,0.867255,0.933627,2,25*6*3,150*16*1
734,2516.39,4218,1,0,0.749685,0.874843,3,25*6*4,150*16*1
735,4923.73,6033,0,0,0.601871,0.800935,5,25*6*5,150*16*2
736,5058.23,6034,1,0,0.585867,0.792933,5,25*6*5,150*16*2
737,20170.1,6034,1,0,0.146923,0.573461,5,25*6*5,150*16*2
738,3072.11,4861,1,0,0.701912,0.850956,4,25*6*5,150*16*1
739,6290.58,6034,1,0,0.471093,0.735547,5,25*6*5,150*16*2
740,19905.8,6034,1,0,0.148874,0.574437,5,25*6*5,150*16*2
741,12458.8,6034,1,0,0.23786,0.61893,5,25*6*5,150*16*2
742,12699,6034,1,0,0.233361,0.61668,5,25*6*5,150*16*2
743,6385.66,6034,1,0,0.464079,0.732039,5,25*6*5,150*16*2
744,12653.9,6034,1,0,0.234193,0.617096,5,25*6*5,150*16*2
745,12466.8,6034,1,0,0.237707,0.618854,5,25*6*5,150*16*2
746,7966.91,6034,1,0,0.37197,0.685985,5,25*6*5,150*16*2
747,1872.64,3455,0,0,0.8633,0.93165,2,25*6*3,150*16*1
748,525.316,0,0,0,0,0,0,0*0*0,0*0*0
749,295.597,0,0,0,0,0,0,0*0*0,0*0*0
750,28.1773,0,0,0,0,0,0,0*0*0,0*0*0
751,94.7315,0,0,0,0,0,0,0*0*0,0*0*0
752,21.8409,0,0,0,0,0,0,0*0*0,0*0*0
753,154.618,0,0,0,0,0,0,0*0*0,0*0*0
754,390.051,0,0,0,0,0,0,0*0*0,0*0*0
755,467.502,0,0,0,0,0,0,0*0*0,0*0*0
756,195.26,0,0,0,0,0,0,0*0*0,0*0*0
757,359.103,0,0,0,0,0,0,0*0*0,0*0*0
758,707.896,0,0,0,0,0,0,0*0*0,0*0*0
759,1676.77,3456,1,0,0.964145,0.982073,2,25*6*3,150*16*1
760,1966.02,3456,1,0,0.822296,0.911148,2,25*6*3,150*16*1
761,3914.92,6033,0,0,0.756963,0.878482,5,25*6*5,150*16*2
762,5062.74,6034,1,0,0.585345,0.792673,5,25*6*5,150*16*2
763,6270.93,6034,1,0,0.472569,0.736285,5,25*6*5,150*16*2
764,4052.3,6034,1,0,0.731301,0.86565,5,25*6*5,150*16*2
765,1476.35,0,0,0,0,0,0,0*0*0,0*0*0
766,2111.54,3455,0,0,0.765626,0.882813,2,25*6*3,150*16*1
767,888.873,0,0,0,0,0,0,0*0*0,0*0*0
768,1650.01,3456,1,0,0.979782,0.989891,2,25*6*3,150*16*1
769,106.119,0,0,0,0,0,0,0*0*0,0*0*0
770,0,0,0,0,0,0,0,0*0*0,0*0*0
771,1030.25,0,0,0,0,0,0,0*0*0,0*0*0
772,0,0,0,0,0,0,0,0*0*0,0*0*0
773,0,0,0,0,0,0,0,0*0*0,0*0*0
774,164.472,0,0,0,0,0,0,0*0*0,0*0*0
775,0,0,0,0,0,0,0,0*0*0,0*0*0
776,0,0,0,0,0,0,0,0*0*0,0*0*0
777,0,0,0,0,0,0,0,0*0*0,0*0*0
778,460.927,0,0,0,0,0,0,0*0*0,0*0*0
779,145.717,0,0,0,0,0,0,0*0*0,0*0*0
780,194.733,0,0,0,0,0,0,0*0*0,0*0*0
781,33.4861,0,0,0,0,0,0,0*0*0,0*0*0
782,149.261,0,0,0,0,0,0,0*0*0,0*0*0
783,940.684,0,0,0,0,0,0,0*0*0,0*0*0
784,3200.52,4861,1,0,0.67375,0.836875,4,25*6*5,150*16*1
785,5010.15,6034,1,0,0.591489,0.795745,5,25*6*5,150*16*2
786,5012.04,6034,1,0,0.591266,0.795633,5,25*6*5,150*16*2
787,1217.72,0,0,0,0,0,0,0*0*0,0*0*0
788,15851.6,6034,1,0,0.18695,0.593475,5,25*6*5,150*16*2
789,1847.6,3455,0,0,0.875,0.9375,2,25*6*3,150*16*1
790,19945.3,6033,0,0,0.148579,0.574289,5,25*6*5,150*16*2
791,2714.48,4861,1,0,0.794388,0.897194,4,25*6*5,150*16*1
792,2582.84,4217,0,0,0.730398,0.865199,3,25*6*4,150*16*1
793,3084.11,4861,1,0,0.699181,0.84959,4,25*6*5,150*16*1
794,4002.9,6034,1,0,0.740326,0.870163,5,25*6*5,150*16*2
795,3112.42,4861,1,0,0.692821,0.846411,4,25*6*5,150*16*1
796,3123.8,4861,1,0,0.690297,0.845149,4,25*6*5,150*16*1
797,1993.76,3455,0,0,0.810855,0.905427,2,25*6*3,150*16*1
798,4014.26,6033,0,0,0.738231,0.869115,5,25*6*5,150*16*2
799,4024.65,6034,1,0,0.736325,0.868162,5,25*6*5,150*16*2
800,3110.1,4861,1,0,0.693338,0.846669,4,25*6*5,150*16*1
801,2618.46,4217,0,0,0.720462,0.860231,3,25*6*4,150*16*1
802,5142.58,6033,0,0,0.576257,0.788129,5,25*6*5,150*16*2
803,3915.31,6034,1,0,0.756888,0.878444,5,25*6*5,150*16*2
804,3970.77,6034,1,0,0.746316,0.873158,5,25*6*5,150*16*2
805,2482.38,4217,0,0,0.759956,0.879978,3,25*6*4,150*16*1
806,2044.11,3456,1,0,0.790882,0.895441,2,25*6*3,150*16*1
807,3070.79,4860,0,0,0.702213,0.851107,4,25*6*5,150*16*1
808,3971.41,6033,0,0,0.746196,0.873098,5,25*6*5,150*16*2
809,3780.26,6034,1,0,0.783928,0.891964,5,25*6*5,150*16*2
810,2515.98,4217,0,0,0.749807,0.874904,3,25*6*4,150*16*1
811,4080.67,6033,0,0,0.726217,0.863108,5,25*6*5,150*16*2
812,6231.37,6034,1,0,0.47557,0.737785,5,25*6*5,150*16*2
813,5040.03,6034,1,0,0.587983,0.793991,5,25*6*5,150*16*2
814,5167.74,6034,1,0,0.573452,0.786726,5,25*6*5,150*16*2
815,2545.65,4217,0,0,0.741068,0.870534,3,25*6*4,150*16*1
816,1457.1,0,0,0,0,0,0,0*0*0,0*0*0
817,248.02,0,0,0,0,0,0,0*0*0,0*0*0
818,1908.92,3456,1,0,0.846892,0.923446,2,25*6*3,150*16*1
819,175.88,0,0,0,0,0,0,0*0*0,0*0*0
820,122.757,0,0,0,0,0,0,0*0*0,0*0*0
821,94.124,0,0,0,0,0,0,0*0*0,0*0*0
822,214.304,0,0,0,0,0,0,0*0*0,0*0*0
823,818.962,0,0,0,0,0,0,0*0*0,0*0*0
824,1401.85,0,0,0,0,0,0,0*0*0,0*0*0
825,654.483,0,0,0,0,0,0,0*0*0,0*0*0
826,2105.7,3456,1,0,0.767749,0.883875,2,25*6*3,150*16*1
827,1215.54,0,0,0,0,0,0,0*0*0,0*0*0
828,942.425,0,0,0,0,0,0,0*0*0,0*0*0
829,331.023,0,0,0,0,0,0,0*0*0,0*0*0
830,439.089,0,0,0,0,0,0,0*0*0,0*0*0
831,766.623,0,0,0,0,0,0,0*0*0,0*0*0
832,15.4767,0,0,0,0,0,0,0*0*0,0*0*0
833,556.273,0,0,0,0,0,0,0*0*0,0*0*0
834,67.0633,0,0,0,0,0,0,0*0*0,0*0*0
835,390.07,0,0,0,0,0,0,0*0*0,0*0*0
836,77.9217,0,0,0,0,0,0,0*0*0,0*0*0
837,0,0,0,0,0,0,0,0*0*0,0*0*0
838,97.4795,0,0,0,0,0,0,0*0*0,0*0*0
839,32.8934,0,0,0,0,0,0,0*0*0,0*0*0
840,0,0,0,0,0,0,0,0*0*0,0*0*0
841,0,0,0,0,0,0,0,0*0*0,0*0*0
842,89.3188,0,0,0,0,0,0,0*0*0,0*0*0
843,67.7659,0,0,0,0,0,0,0*0*0,0*0*0
844,968.147,0,0,0,0,0,0,0*0*0,0*0*0
845,425.6,0,0,0,0,0,0,0*0*0,0*0*0
846,2.36164,0,0,0,0,0,0,0*0*0,0*0*0
847,906.169,0,0,0,0,0,0,0*0*0,0*0*0
848,2502.52,4218,1,0,0.75384,0.87692,3,25*6*4,150*16*1
849,1692.48,3455,0,0,0.955196,0.977598,2,25*6*3,150*16*1
850,3114.04,4861,1,0,0.692461,0.84623,4,25*6*5,150*16*1
851,15827.6,6034,1,0,0.187233,0.593617,5,25*6*5,150*16*2
852,20025.5,6034,1,0,0.147984,0.573992,5,25*6*5,150*16*2
853,15686.9,6034,1,0,0.188912,0.594456,5,25*6*5,150*16*2
854,15776.6,6034,1,0,0.187838,0.593919,5,25*6*5,150*16*2
855,19814.1,6034,1,0,0.149563,0.574781,5,25*6*5,150*16*2
856,12412.2,6034,1,0,0.238753,0.619377,5,25*6*5,150*16*2
857,15864.7,6034,1,0,0.186795,0.593398,5,25*6*5,150*16*2
858,25208.8,6034,1,0,0.117556,0.558778,5,25*6*5,150*16*2
859,20132.6,6034,1,0,0.147197,0.573598,5,25*6*5,150*16*2
860,15862.7,6034,1,0,0.186819,0.593409,5,25*6*5,150*16*2
861,15804.5,6034,1,0,0.187507,0.593753,5,25*6*5,150*16*2
862,15841,6034,1,0,0.187075,0.593537,5,25*6*5,150*16*2
863,19976.8,6034,1,0,0.148345,0.574172,5,25*6*5,150*16*2
864,9825.35,6034,1,0,0.301613,0.650806,5,25*6*5,150*16*2
865,19889.8,6034,1,0,0.148993,0.574497,5,25*6*5,150*16*2
866,25063.8,6034,1,0,0.118236,0.559118,5,25*6*5,150*16*2
867,15713.4,6033,1,0,0.188594,0.594297,5,25*6*5,150*16*2
868,12747.8,6034,1,0,0.232468,0.616234,5,25*6*5,150*16*2
869,15760.8,6034,1,0,0.188027,0.594013,5,25*6*5,150*16*2
870,24917.5,6034,1,0,0.11893,0.559465,5,25*6*5,150*16*2
871,20204.4,6034,1,0,0.146673,0.573337,5,25*6*5,150*16*2
872,25118.5,6034,1,0,0.117979,0.558989,5,25*6*5,150*16*2
873,12521.5,6034,1,0,0.236669,0.618334,5,25*6*5,150*16*2
874,12504.5,6034,1,0,0.236991,0.618495,5,25*6*5,150*16*2
875,12603.5,6034,1,0,0.235129,0.617565,5,25*6*5,150*16*2
876,15813.8,6034,1,0,0.187396,0.593698,5,25*6*5,150*16*2
877,12686.7,6034,1,0,0.233587,0.616794,5,25*6*5,150*16*2
878,12541.5,6034,1,0,0.236292,0.618146,5,25*6*5,150*16*2
879,15851,6034,1,0,0.186957,0.593478,5,25*6*5,150*16*2
880,12591.9,6034,1,0,0.235346,0.617673,5,25*6*5,150*16*2
881,10071.4,6034,1,0,0.294244,0.647122,5,25*6*5,150*16*2
882,12672.7,6034,1,0,0.233845,0.616923,5,25*6*5,150*16*2
883,16055.1,6034,1,0,0.18458,0.59229,5,25*6*5,150*16*2
884,15675.6,6034,1,0,0.189049,0.594524,5,25*6*5,150*16*2
885,4975.34,6034,1,0,0.595628,0.797814,5,25*6*5,150*16*2
886,16012.6,6034,1,0,0.18507,0.592535,5,25*6*5,150*16*2
887,3930.27,6033,1,0,0.754007,0.877003,5,25*6*5,150*16*2
888,0,0,0,0,0,0,0,0*0*0,0*0*0
889,39.6493,0,0,0,0,0,0,0*0*0,0*0*0
890,323.676,0,0,0,0,0,0,0*0*0,0*0*0
891,286.116,0,0,0,0,0,0,0*0*0,0*0*0
892,137.294,0,0,0,0,0,0,0*0*0,0*0*0
893,374.106,0,0,0,0,0,0,0*0*0,0*0*0
894,1946.18,3455,0,0,0.830679,0.915339,2,25*6*3,150*16*1
895,786.344,0,0,0,0,0,0,0*0*0,0*0*0
896,9996.24,6033,0,0,0.296456,0.648228,5,25*6*5,150*16*2
897,1604.53,0,0,0,0,0,0,0*0*0,0*0*0
898,19903,6034,1,0,0.148895,0.574447,5,25*6*5,150*16*2
899,19903.1,6034,1,0,0.148894,0.574447,5,25*6*5,150*16*2
900,12648.7,6034,1,0,0.234289,0.617144,5,25*6*5,150*16*2
901,2009.44,3455,0,0,0.804528,0.902264,2,25*6*3,150*16*1
902,8550.78,6033,0,0,0.346571,0.673285,5,25*6*5,150*16*2
903,15960.2,6034,1,0,0.185677,0.592839,5,25*6*5,150*16*2
904,16035.6,6034,1,0,0.184804,0.592402,5,25*6*5,150*16*2
905,20384.8,6034,1,0,0.145375,0.572688,5,25*6*5,150*16*2
906,12818.2,6034,1,0,0.231191,0.615595,5,25*6*5,150*16*2
907,1988.5,3455,0,0,0.813,0.9065,2,25*6*3,150*16*1
908,0,0,0,0,0,0,0,0*0*0,0*0*0
909,220.302,0,0,0,0,0,0,0*0*0,0*0*0
910,258.668,0,0,0,0,0,0,0*0*0,0*0*0
911,1919.11,3456,1,0,0.842396,0.921198,2,25*6*3,150*16*1
912,0,0,0,0,0,0,0,0*0*0,0*0*0
913,410.292,0,0,0,0,0,0,0*0*0,0*0*0
914,268.432,0,0,0,0,0,0,0*0*0,0*0*0
915,250.284,0,0,0,0,0,0,0*0*0,0*0*0
916,211.863,0,0,0,0,0,0,0*0*0,0*0*0
917,1252.69,0,0,0,0,0,0,0*0*0,0*0*0
918,1394.47,0,0,0,0,0,0,0*0*0,0*0*0
919,1340.18,0,0,0,0,0,0,0*0*0,0*0*0
920,420.786,0,0,0,0,0,0,0*0*0,0*0*0
921,37.7889,0,0,0,0,0,0,0*0*0,0*0*0
922,838.96,0,0,0,0,0,0,0*0*0,0*0*0
923,0,0,0,0,0,0,0,0*0*0,0*0*0
924,619.971,0,0,0,0,0,0,0*0*0,0*0*0
925,133.837,0,0,0,0,0,0,0*0*0,0*0*0
926,159.273,0,0,0,0,0,0,0*0*0,0*0*0
927,133.972,0,0,0,0,0,0,0*0*0,0*0*0
928,0,0,0,0,0,0,0,0*0*0,0*0*0
929,0,0,0,0,0,0,0,0*0*0,0*0*0
930,0,0,0,0,0,0,0,0*0*0,0*0*0
931,179.938,0,0,0,0,0,0,0*0*0,0*0*0
932,0,0,0,0,0,0,0,0*0*0,0*0*0
933,287.714,0,0,0,0,0,0,0*0*0,0*0*0
934,0,0,0,0,0,0,0,0*0*0,0*0*0
935,112.788,0,0,0,0,0,0,0*0*0,0*0*0
936,511.939,0,0,0,0,0,0,0*0*0,0*0*0
937,516.596,0,0,0,0,0,0,0*0*0,0*0*0
938,0,0,0,0,0,0,0,0*0*0,0*0*0
939,525.734,0,0,0,0,0,0,0*0*0,0*0*0
940,444.004,0,0,0,0,0,0,0*0*0,0*0*0
941,256.307,0,0,0,0,0,0,0*0*0,0*0*0
942,199.133,0,0,0,0,0,0,0*0*0,0*0*0
943,399.806,0,0,0,0,0,0,0*0*0,0*0*0
944,202.294,0,0,0,0,0,0,0*0*0,0*0*0
945,160.39,0,0,0,0,0,0,0*0*0,0*0*0
946,0,0,0,0,0,0,0,0*0*0,0*0*0
947,39.7743,0,0,0,0,0,0,0*0*0,0*0*0
948,383.87,0,0,0,0,0,0,0*0*0,0*0*0
949,334.73,0,0,0,0,0,0,0*0*0,0*0*0
950,184.398,0,0,0,0,0,0,0*0*0,0*0*0
951,477.221,0,0,0,0,0,0,0*0*0,0*0*0
952,380.29,0,0,0,0,0,0,0*0*0,0*0*0
953,114.606,0,0,0,0,0,0,0*0*0,0*0*0
954,455.777,0,0,0,0,0,0,0*0*0,0*0*0
955,0,0,0,0,0,0,0,0*0*0,0*0*0
956,194.659,0,0,0,0,0,0,0*0*0,0*0*0
957,642.644,0,0,0,0,0,0,0*0*0,0*0*0
958,569.736,0,0,0,0,0,0,0*0*0,0*0*0
959,933.013,0,0,0,0,0,0,0*0*0,0*0*0
960,3270.48,6033,0,0,0.906121,0.95306,5,25*6*5,150*16*2
961,5267.75,6034,1,0,0.562565,0.781282,5,25*6*5,150*16*2
962,16064.1,6034,1,0,0.184477,0.592238,5,25*6*5,150*16*2
963,6099.28,6034,1,0,0.485869,0.742934,5,25*6*5,150*16*2
964,15922,6034,1,0,0.186123,0.593061,5,25*6*5,150*16*2
965,635.949,0,0,0,0,0,0,0*0*0,0*0*0
966,10255.7,6034,1,0,0.288956,0.644478,5,25*6*5,150*16*2
967,8178.02,6034,1,0,0.362368,0.681184,5,25*6*5,150*16*2
968,1405.63,0,0,0,0,0,0,0*0*0,0*0*0
969,16225,6034,1,0,0.182647,0.591324,5,25*6*5,150*16*2
970,2462.33,4217,0,0,0.766144,0.883072,3,25*6*4,150*16*1
971,20207.4,6033,0,0,0.146652,0.573326,5,25*6*5,150*16*2
972,12753.8,6034,1,0,0.232358,0.616179,5,25*6*5,150*16*2
973,3348.91,6034,1,0,0.8849,0.94245,5,25*6*5,150*16*2
974,3195.33,4861,1,0,0.674844,0.837422,4,25*6*5,150*16*1
975,4101.85,6034,1,0,0.722467,0.861233,5,25*6*5,150*16*2
976,2781.98,4861,1,0,0.775113,0.887557,4,25*6*5,150*16*1
977,3406.06,6034,1,0,0.870052,0.935026,5,25*6*5,150*16*2
978,1731.23,3455,0,0,0.933816,0.966908,2,25*6*3,150*16*1
979,1395.09,0,0,0,0,0,0,0*0*0,0*0*0
980,1915.88,3456,1,0,0.843816,0.921908,2,25*6*3,150*16*1
981,2506.04,4218,1,0,0.752781,0.876391,3,25*6*4,150*16*1
982,3609.8,6033,0,0,0.820946,0.910473,5,25*6*5,150*16*2
983,4171.75,6034,1,0,0.710361,0.855181,5,25*6*5,150*16*2
984,12876.6,6034,1,0,0.230142,0.615071,5,25*6*5,150*16*2
985,1224.9,0,0,0,0,0,0,0*0*0,0*0*0
986,2154.42,3455,0,0,0.750388,0.875194,2,25*6*3,150*16*1
987,2801.71,4861,1,0,0.769655,0.884827,4,25*6*5,150*16*1
988,6306.45,6034,1,0,0.469908,0.734954,5,25*6*5,150*16*2
989,2393.03,4217,0,0,0.788331,0.894166,3,25*6*4,150*16*1
990,926.941,0,0,0,0,0,0,0*0*0,0*0*0
991,786.117,0,0,0,0,0,0,0*0*0,0*0*0
992,620.397,0,0,0,0,0,0,0*0*0,0*0*0
993,479.538,0,0,0,0,0,0,0*0*0,0*0*0
994,772.404,0,0,0,0,0,0,0*0*0,0*0*0
995,1354.52,0,0,0,0,0,0,0*0*0,0*0*0
996,785.664,0,0,0,0,0,0,0*0*0,0*0*0
997,775.993,0,0,0,0,0,0,0*0*0,0*0*0
998,2702.1,4861,1,0,0.798027,0.899014,4,25*6*5,150*16*1
999,1786.88,3455,0,0,0.904733,0.952367,2,25*6*3,150*16*1
1000,2377.59,4218,1,0,0.793451,0.896725,3,25*6*4,150*16*1
1001,2133.84,3455,0,0,0.757625,0.878812,2,25*6*3,150*16*1
1002,3306.5,6033,0,0,0.89625,0.948125,5,25*6*5,150*16*2
1003,3370.86,6034,1,0,0.879138,0.939569,5,25*6*5,150*16*2
1004,2744.73,4861,1,0,0.785633,0.892816,4,25*6*5,150*16*1
1005,15955.2,6034,1,0,0.185736,0.592868,5,25*6*5,150*16*2
1006,15959.7,6034,1,0,0.185683,0.592842,5,25*6*5,150*16*2
1007,20655,6034,1,0,0.143474,0.571737,5,25*6*5,150*16*2
1008,5425.21,6034,1,0,0.546237,0.773118,5,25*6*5,150*16*2
1009,5342.3,6034,1,0,0.554714,0.777357,5,25*6*5,150*16*2
1010,15888.2,6034,1,0,0.186519,0.593259,5,25*6*5,150*16*2
1011,6130.27,6034,1,0,0.483413,0.741706,5,25*6*5,150*16*2
1012,6214.67,6034,1,0,0.476848,0.738424,5,25*6*5,150*16*2
1013,6138.53,6034,1,0,0.482762,0.741381,5,25*6*5,150*16*2
1014,15960.9,6034,1,0,0.185669,0.592835,5,25*6*5,150*16*2
1015,16004.3,6034,1,0,0.185166,0.592583,5,25*6*5,150*16*2
1016,9976.83,6034,1,0,0.297033,0.648517,5,25*6*5,150*16*2
1017,7753.92,6034,1,0,0.382187,0.691094,5,25*6*5,150*16*2
1018,16528.8,6034,1,0,0.17929,0.589645,5,25*6*5,150*16*2
1019,7954,6034,1,0,0.372574,0.686287,5,25*6*5,150*16*2
1020,13009.8,6034,1,0,0.227786,0.613893,5,25*6*5,150*16*2
1021,7965.84,6034,1,0,0.37202,0.68601,5,25*6*5,150*16*2
1022,8230.74,6034,1,0,0.360047,0.680023,5,25*6*5,150*16*2
1023,8016.68,6034,1,0,0.369661,0.68483,5,25*6*5,150*16*2
1024,7595.88,6034,1,0,0.390139,0.69507,5,25*6*5,150*16*2
1025,7886.1,6034,1,0,0.375781,0.687891,5,25*6*5,150*16*2
1026,10368.9,6033,1,0,0.285802,0.642901,5,25*6*5,150*16*2
1027,6671.46,6034,1,0,0.444198,0.722099,5,25*6*5,150*16*2
1028,8184.97,6034,1,0,0.36206,0.68103,5,25*6*5,150*16*2
1029,6364.07,6034,1,0,0.465653,0.732827,5,25*6*5,150*16*2
1030,5420.74,6034,1,0,0.546687,0.773344,5,25*6*5,150*16*2
1031,2013.1,3455,0,0,0.803065,0.901532,2,25*6*3,150*16*1
1032,1615.65,2539,1,0,0.833596,0.916798,1,25*6*2,150*16*1
1033,2156.01,3455,0,0,0.749834,0.874917,2,25*6*3,150*16*1
1034,2706.48,4861,1,0,0.796736,0.898368,4,25*6*5,150*16*1
1035,5334.62,6034,1,0,0.555513,0.777756,5,25*6*5,150*16*2
1036,5601.31,6034,1,0,0.529064,0.764532,5,25*6*5,150*16*2
1037,19868.8,6034,1,0,0.149151,0.574575,5,25*6*5,150*16*2
1038,3333.67,6034,1,0,0.888945,0.944473,5,25*6*5,150*16*2
1039,6387.88,6034,1,0,0.463918,0.731959,5,25*6*5,150*16*2
1040,19760.4,6034,1,0,0.149969,0.574985,5,25*6*5,150*16*2
1041,12568.3,6034,1,0,0.235788,0.617894,5,25*6*5,150*16*2
1042,13024.6,6034,1,0,0.227527,0.613764,5,25*6*5,150*16*2
1043,6430.29,6034,1,0,0.460858,0.730429,5,25*6*5,150*16*2
1044,12683.8,6034,1,0,0.233641,0.61682,5,25*6*5,150*16*2
1045,12626.6,6034,1,0,0.234699,0.617349,5,25*6*5,150*16*2
1046,8119.78,6034,1,0,0.364967,0.682483,5,25*6*5,150*16*2
1047,2205.53,4217,0,0,0.85535,0.927675,3,25*6*4,150*16*1
1048,724.299,0,0,0,0,0,0,0*0*0,0*0*0
1049,0,0,0,0,0,0,0,0*0*0,0*0*0
1050,25.1509,0,0,0,0,0,0,0*0*0,0*0*0
1051,0,0,0,0,0,0,0,0*0*0,0*0*0
1052,246.955,0,0,0,0,0,0,0*0*0,0*0*0
1053,426.72,0,0,0,0,0,0,0*0*0,0*0*0
1054,863.721,0,0,0,0,0,0,0*0*0,0*0*0
1055,899.918,0,0,0,0,0,0,0*0*0,0*0*0
1056,247.535,0,0,0,0,0,0,0*0*0,0*0*0
1057,278.249,0,0,0,0,0,0,0*0*0,0*0*0
1058,1194.92,0,0,0,0,0,0,0*0*0,0*0*0
1059,1681.84,3456,1,0,0.961239,0.980619,2,25*6*3,150*16*1
1060,2331.17,4217,0,0,0.80925,0.904625,3,25*6*4,150*16*1
1061,3737.62,6033,0,0,0.792871,0.896435,5,25*6*5,150*16*2
1062,5099.09,6034,1,0,0.581172,0.790586,5,25*6*5,150*16*2
1063,6418.42,6034,1,0,0.46171,0.730855,5,25*6*5,150*16*2
1064,4401.39,6034,1,0,0.673299,0.836649,5,25*6*5,150*16*2
1065,1635.25,3455,0,0,0.988626,0.994313,2,25*6*3,150*16*1
1066,2003.8,3456,1,0,0.806792,0.903396,2,25*6*3,150*16*1
1067,750.34,0,0,0,0,0,0,0*0*0,0*0*0
1068,1773.28,3456,1,0,0.911672,0.955836,2,25*6*3,150*16*1
1069,156.401,0,0,0,0,0,0,0*0*0,0*0*0
1070,156.04,0,0,0,0,0,0,0*0*0,0*0*0
1071,1197.18,0,0,0,0,0,0,0*0*0,0*0*0
1072,326.605,0,0,0,0,0,0,0*0*0,0*0*0
1073,0,0,0,0,0,0,0,0*0*0,0*0*0
1074,364.721,0,0,0,0,0,0,0*0*0,0*0*0
1075,0,0,0,0,0,0,0,0*0*0,0*0*0
1076,67.8955,0,0,0,0,0,0,0*0*0,0*0*0
1077,788.052,0,0,0,0,0,0,0*0*0,0*0*0
1078,550.291,0,0,0,0,0,0,0*0*0,0*0*0
1079,308.581,0,0,0,0,0,0,0*0*0,0*0*0
1080,820.76,0,0,0,0,0,0,0*0*0,0*0*0
1081,398.31,0,0,0,0,0,0,0*0*0,0*0*0
1082,428.809,0,0,0,0,0,0,0*0*0,0*0*0
1083,651.546,0,0,0,0,0,0,0*0*0,0*0*0
1084,3172.24,4860,0,0,0.679756,0.839878,4,25*6*5,150*16*1
1085,4962.98,6033,0,0,0.597111,0.798556,5,25*6*5,150*16*2
1086,5568.25,6034,1,0,0.532205,0.766102,5,25*6*5,150*16*2
1087,1590.81,0,0,0,0,0,0,0*0*0,0*0*0
1088,16159.7,6034,1,0,0.183385,0.591693,5,25*6*5,150*16*2
1089,1950.3,3455,0,0,0.828924,0.914462,2,25*6*3,150*16*1
1090,19838.6,6033,0,0,0.149378,0.574689,5,25*6*5,150*16*2
1091,2630.83,4217,0,0,0.717074,0.858537,3,25*6*4,150*16*1
1092,2528.28,4218,1,0,0.746159,0.87308,3,25*6*4,150*16*1
1093,3054.01,4860,0,0,0.706072,0.853036,4,25*6*5,150*16*1
1094,4199.5,6033,0,0,0.705667,0.852834,5,25*6*5,150*16*2
1095,3302.78,6034,1,0,0.897259,0.94863,5,25*6*5,150*16*2
1096,3281.65,6034,1,0,0.903037,0.951518,5,25*6*5,150*16*2
1097,2165.35,4217,0,0,0.871222,0.935611,3,25*6*4,150*16*1
1098,3821.95,6033,0,0,0.775376,0.887688,5,25*6*5,150*16*2
1099,4569.44,6034,1,0,0.648537,0.824268,5,25*6*5,150*16*2
1100,3668.78,6034,1,0,0.807748,0.903874,5,25*6*5,150*16*2
1101,2887.04,4861,1,0,0.746907,0.873453,4,25*6*5,150*16*1
1102,4901.31,6034,1,0,0.604624,0.802312,5,25*6*5,150*16*2
1103,4510.21,6034,1,0,0.657054,0.828527,5,25*6*5,150*16*2
1104,4370.18,6034,1,0,0.678107,0.839054,5,25*6*5,150*16*2
1105,2902.86,4861,1,0,0.742836,0.871418,4,25*6*5,150*16*1
1106,1819.17,3455,0,0,0.888675,0.944337,2,25*6*3,150*16*1
1107,3435.4,6033,0,0,0.862622,0.931311,5,25*6*5,150*16*2
1108,3967.11,6034,1,0,0.747005,0.873502,5,25*6*5,150*16*2
1109,3914.97,6034,1,0,0.756953,0.878477,5,25*6*5,150*16*2
1110,2827.38,4861,1,0,0.762667,0.881334,4,25*6*5,150*16*1
1111,3907.26,6034,1,0,0.758447,0.879224,5,25*6*5,150*16*2
1112,6775.53,6034,1,0,0.437375,0.718688,5,25*6*5,150*16*2
1113,5443.63,6034,1,0,0.544389,0.772194,5,25*6*5,150*16*2
1114,5467.13,6034,1,0,0.542049,0.771024,5,25*6*5,150*16*2
1115,2498.17,4217,0,0,0.755153,0.877576,3,25*6*4,150*16*1
1116,1894.11,3456,1,0,0.853514,0.926757,2,25*6*3,150*16*1
1117,290.829,0,0,0,0,0,0,0*0*0,0*0*0
1118,1952.92,3456,1,0,0.827812,0.913906,2,25*6*3,150*16*1
1119,96.1519,0,0,0,0,0,0,0*0*0,0*0*0
1120,368.004,0,0,0,0,0,0,0*0*0,0*0*0
1121,440.451,0,0,0,0,0,0,0*0*0,0*0*0
1122,296.632,0,0,0,0,0,0,0*0*0,0*0*0
1123,970.644,0,0,0,0,0,0,0*0*0,0*0*0
1124,1209.3,0,0,0,0,0,0,0*0*0,0*0*0
1125,564.389,0,0,0,0,0,0,0*0*0,0*0*0
1126,2357.33,4218,1,0,0.80027,0.900135,3,25*6*4,150*16*1
1127,1510.92,0,0,0,0,0,0,0*0*0,0*0*0
1128,1329.15,0,0,0,0,0,0,0*0*0,0*0*0
1129,203.793,0,0,0,0,0,0,0*0*0,0*0*0
1130,385.012,0,0,0,0,0,0,0*0*0,0*0*0
1131,957.99,0,0,0,0,0,0,0*0*0,0*0*0
1132,0,0,0,0,0,0,0,0*0*0,0*0*0
1133,638.217,0,0,0,0,0,0,0*0*0,0*0*0
1134,0,0,0,0,0,0,0,0*0*0,0*0*0
1135,656.224,0,0,0,0,0,0,0*0*0,0*0*0
1136,222.293,0,0,0,0,0,0,0*0*0,0*0*0
1137,315.798,0,0,0,0,0,0,0*0*0,0*0*0
1138,7.51072,0,0,0,0,0,0,0*0*0,0*0*0
1139,168.618,0,0,0,0,0,0,0*0*0,0*0*0
1140,71.0135,0,0,0,0,0,0,0*0*0,0*0*0
1141,178.865,0,0,0,0,0,0,0*0*0,0*0*0
1142,360.485,0,0,0,0,0,0,0*0*0,0*0*0
1143,34.11,0,0,0,0,0,0,0*0*0,0*0*0
1144,1061.97,0,0,0,0,0,0,0*0*0,0*0*0
1145,629.909,0,0,0,0,0,0,0*0*0,0*0*0
1146,264.813,0,0,0,0,0,0,0*0*0,0*0*0
1147,1557.56,0,0,0,0,0,0,0*0*0,0*0*0
1148,2404.24,4218,1,0,0.784655,0.892328,3,25*6*4,150*16*1
1149,2062.99,3455,0,0,0.783644,0.891822,2,25*6*3,150*16*1
1150,3109.99,4861,1,0,0.693362,0.846681,4,25*6*5,150*16*1
1151,15910.2,6034,1,0,0.186261,0.593131,5,25*6*5,150*16*2
1152,20172.3,6034,1,0,0.146907,0.573453,5,25*6*5,150*16*2
1153,15983.5,6034,1,0,0.185407,0.592703,5,25*6*5,150*16*2
1154,15664.6,6034,1,0,0.189181,0.594591,5,25*6*5,150*16*2
1155,20214.3,6034,1,0,0.146602,0.573301,5,25*6*5,150*16*2
1156,12884.5,6034,1,0,0.230001,0.615001,5,25*6*5,150*16*2
1157,16423.4,6034,1,0,0.180441,0.59022,5,25*6*5,150*16*2
1158,24982.2,6034,1,0,0.118622,0.559311,5,25*6*5,150*16*2
1159,19674.5,6034,1,0,0.150624,0.575312,5,25*6*5,150*16*2
1160,16063,6034,1,0,0.184489,0.592245,5,25*6*5,150*16*2
1161,16146.7,6034,1,0,0.183533,0.591766,5,25*6*5,150*16*2
1162,16246.1,6034,1,0,0.18241,0.591205,5,25*6*5,150*16*2
1163,19988.8,6034,1,0,0.148256,0.574128,5,25*6*5,150*16*2
1164,10249.2,6034,1,0,0.28914,0.64457,5,25*6*5,150*16*2
1165,20291.2,6034,1,0,0.146046,0.573023,5,25*6*5,150*16*2
1166,25090.2,6034,1,0,0.118112,0.559056,5,25*6*5,150*16*2
1167,15580.9,6033,1,0,0.190198,0.595099,5,25*6*5,150*16*2
1168,12581.9,6034,1,0,0.235533,0.617766,5,25*6*5,150*16*2
1169,15933.2,6034,1,0,0.185992,0.592996,5,25*6*5,150*16*2
1170,25353,6034,1,0,0.116888,0.558444,5,25*6*5,150*16*2
1171,20369.1,6034,1,0,0.145488,0.572744,5,25*6*5,150*16*2
1172,25287.9,6034,1,0,0.117188,0.558594,5,25*6*5,150*16*2
1173,12482.2,6034,1,0,0.237414,0.618707,5,25*6*5,150*16*2
1174,12813.4,6034,1,0,0.231277,0.615639,5,25*6*5,150*16*2
1175,12682.1,6034,1,0,0.233672,0.616836,5,25*6*5,150*16*2
1176,16263.9,6034,1,0,0.18221,0.591105,5,25*6*5,150*16*2
1177,12351.7,6034,1,0,0.239922,0.619961,5,25*6*5,150*16*2
1178,12396.3,6034,1,0,0.239059,0.61953,5,25*6*5,150*16*2
1179,16038.6,6034,1,0,0.18477,0.592385,5,25*6*5,150*16*2
1180,12756.1,6034,1,0,0.232316,0.616158,5,25*6*5,150*16*2
1181,10539.9,6034,1,0,0.281165,0.640582,5,25*6*5,150*16*2
1182,12904.9,6034,1,0,0.229638,0.614819,5,25*6*5,150*16*2
1183,15769.7,6034,1,0,0.187921,0.59396,5,25*6*5,150*16*2
1184,16219.7,6034,1,0,0.182707,0.591353,5,25*6*5,150*16*2
1185,5168.01,6034,1,0,0.573422,0.786711,5,25*6*5,150*16*2
1186,16291.9,6034,1,0,0.181897,0.590949,5,25*6*5,150*16*2
1187,3660.29,6033,1,0,0.809622,0.904811,5,25*6*5,150*16*2
1188,0,0,0,0,0,0,0,0*0*0,0*0*0
1189,446.643,0,0,0,0,0,0,0*0*0,0*0*0
1190,132.942,0,0,0,0,0,0,0*0*0,0*0*0
1191,252.873,0,0,0,0,0,0,0*0*0,0*0*0
1192,139.665,0,0,0,0,0,0,0*0*0,0*0*0
1193,609.431,0,0,0,0,0,0,0*0*0,0*0*0
1194,2219.08,4217,0,0,0.850127,0.925064,3,25*6*4,150*16*1
1195,1083.48,0,0,0,0,0,0,0*0*0,0*0*0
1196,10164.8,6033,0,0,0.29154,0.64577,5,25*6*5,150*16*2
1197,1574.6,0,0,0,0,0,0,0*0*0,0*0*0
1198,19668.5,6034,1,0,0.15067,0.575335,5,25*6*5,150*16*2
1199,20107.9,6034,1,0,0.147377,0.573689,5,25*6*5,150*16*2
1200,12873.6,6034,1,0,0.230196,0.615098,5,25*6*5,150*16*2
1201,1749.48,3455,0,0,0.924075,0.962037,2,25*6*3,150*16*1
1202,7907.71,6033,0,0,0.374755,0.687377,5,25*6*5,150*16*2
1203,15741.3,6034,1,0,0.18826,0.59413,5,25*6*5,150*16*2
1204,15797.1,6034,1,0,0.187595,0.593797,5,25*6*5,150*16*2
1205,20412.9,6034,1,0,0.145175,0.572588,5,25*6*5,150*16*2
1206,12576.5,6034,1,0,0.235634,0.617817,5,25*6*5,150*16*2
1207,1604.29,0,0,0,0,0,0,0*0*0,0*0*0
1208,0,0,0,0,0,0,0,0*0*0,0*0*0
1209,0,0,0,0,0,0,0,0*0*0,0*0*0
1210,117.469,0,0,0,0,0,0,0*0*0,0*0*0
1211,1984.46,3455,0,0,0.814655,0.907327,2,25*6*3,150*16*1
1212,730.274,0,0,0,0,0,0,0*0*0,0*0*0
1213,0,0,0,0,0,0,0,0*0*0,0*0*0
1214,629.57,0,0,0,0,0,0,0*0*0,0*0*0
1215,499.701,0,0,0,0,0,0,0*0*0,0*0*0
1216,293.91,0,0,0,0,0,0,0*0*0,0*0*0
1217,1159.71,0,0,0,0,0,0,0*0*0,0*0*0
1218,1855.64,3456,1,0,0.871209,0.935604,2,25*6*3,150*16*1
1219,1319.5,0,0,0,0,0,0,0*0*0,0*0*0
1220,229.153,0,0,0,0,0,0,0*0*0,0*0*0
1221,700.68,0,0,0,0,0,0,0*0*0,0*0*0
1222,821.165,0,0,0,0,0,0,0*0*0,0*0*0
1223,250.186,0,0,0,0,0,0,0*0*0,0*0*0
1224,376.987,0,0,0,0,0,0,0*0*0,0*0*0
1225,53.2052,0,0,0,0,0,0,0*0*0,0*0*0
1226,0,0,0,0,0,0,0,0*0*0,0*0*0
1227,341.432,0,0,0,0,0,0,0*0*0,0*0*0
1228,365.757,0,0,0,0,0,0,0*0*0,0*0*0
1229,390.202,0,0,0,0,0,0,0*0*0,0*0*0
1230,0,0,0,0,0,0,0,0*0*0,0*0*0
1231,0,0,0,0,0,0,0,0*0*0,0*0*0
1232,676.427,0,0,0,0,0,0,0*0*0,0*0*0
1233,211.906,0,0,0,0,0,0,0*0*0,0*0*0
1234,122.434,0,0,0,0,0,0,0*0*0,0*0*0
1235,220.302,0,0,0,0,0,0,0*0*0,0*0*0
1236,409.156,0,0,0,0,0,0,0*0*0,0*0*0
1237,365.359,0,0,0,0,0,0,0*0*0,0*0*0
1238,177.602,0,0,0,0,0,0,0*0*0,0*0*0
1239,169.182,0,0,0,0,0,0,0*0*0,0*0*0
1240,197.452,0,0,0,0,0,0,0*0*0,0*0*0
1241,0,0,0,0,0,0,0,0*0*0,0*0*0
1242,479.775,0,0,0,0,0,0,0*0*0,0*0*0
1243,448.027,0,0,0,0,0,0,0*0*0,0*0*0
1244,330.691,0,0,0,0,0,0,0*0*0,0*0*0
1245,357.704,0,0,0,0,0,0,0*0*0,0*0*0
1246,555.876,0,0,0,0,0,0,0*0*0,0*0*0
1247,547.3,0,0,0,0,0,0,0*0*0,0*0*0
1248,336.133,0,0,0,0,0,0,0*0*0,0*0*0
1249,12.3406,0,0,0,0,0,0,0*0*0,0*0*0
1250,94.4406,0,0,0,0,0,0,0*0*0,0*0*0
1251,461.186,0,0,0,0,0,0,0*0*0,0*0*0
1252,0,0,0,0,0,0,0,0*0*0,0*0*0
1253,225.233,0,0,0,0,0,0,0*0*0,0*0*0
1254,94.3636,0,0,0,0,0,0,0*0*0,0*0*0
1255,343.261,0,0,0,0,0,0,0*0*0,0*0*0
1256,606.955,0,0,0,0,0,0,0*0*0,0*0*0
1257,196.357,0,0,0,0,0,0,0*0*0,0*0*0
1258,393.63,0,0,0,0,0,0,0*0*0,0*0*0
1259,1167.01,0,0,0,0,0,0,0*0*0,0*0*0
1260,2856.76,4861,1,0,0.754824,0.877412,4,25*6*5,150*16*1
1261,5307.31,6034,1,0,0.558371,0.779186,5,25*6*5,150*16*2
1262,16083.4,6034,1,0,0.184255,0.592128,5,25*6*5,150*16*2
1263,6452.81,6034,1,0,0.45925,0.729625,5,25*6*5,150*16*2
1264,16334.4,6034,1,0,0.181424,0.590712,5,25*6*5,150*16*2
1265,788.606,0,0,0,0,0,0,0*0*0,0*0*0
1266,10570.4,6034,1,0,0.280354,0.640177,5,25*6*5,150*16*2
1267,7903.32,6034,1,0,0.374963,0.687481,5,25*6*5,150*16*2
1268,1585.11,0,0,0,0,0,0,0*0*0,0*0*0
1269,16082.3,6034,1,0,0.184268,0.592134,5,25*6*5,150*16*2
1270,2484.51,4217,0,0,0.759305,0.879652,3,25*6*4,150*16*1
1271,20410.6,6033,0,0,0.145192,0.572596,5,25*6*5,150*16*2
1272,12841.2,6034,1,0,0.230777,0.615388,5,25*6*5,150*16*2
1273,3096.52,4861,1,0,0.696379,0.848189,4,25*6*5,150*16*1
1274,3468.91,6034,1,0,0.854289,0.927144,5,25*6*5,150*16*2
1275,3898.94,6034,1,0,0.760066,0.880033,5,25*6*5,150*16*2
1276,2693.85,4217,0,0,0.700299,0.850149,3,25*6*4,150*16*1
1277,3249.73,6033,0,0,0.911907,0.955953,5,25*6*5,150*16*2
1278,1329.07,0,0,0,0,0,0,0*0*0,0*0*0
1279,1230.67,0,0,0,0,0,0,0*0*0,0*0*0
1280,1989.65,3455,0,0,0.81253,0.906265,2,25*6*3,150*16*1
1281,2858.78,4861,1,0,0.75429,0.877145,4,25*6*5,150*16*1
1282,3875.38,6034,1,0,0.764686,0.882343,5,25*6*5,150*16*2
1283,4334.48,6034,1,0,0.683692,0.841846,5,25*6*5,150*16*2
1284,12595.5,6034,1,0,0.235278,0.617639,5,25*6*5,150*16*2
1285,1221.06,0,0,0,0,0,0,0*0*0,0*0*0
1286,2057.81,3455,0,0,0.785617,0.892808,2,25*6*3,150*16*1
1287,2546.61,4218,1,0,0.740789,0.870394,3,25*6*4,150*16*1
1288,6811.99,6033,0,0,0.435034,0.717517,5,25*6*5,150*16*2
1289,2946.38,4861,1,0,0.731864,0.865932,4,25*6*5,150*16*1
1290,1447.18,0,0,0,0,0,0,0*0*0,0*0*0
1291,334.69,0,0,0,0,0,0,0*0*0,0*0*0
1292,1385.94,0,0,0,0,0,0,0*0*0,0*0*0
1293,795.325,0,0,0,0,0,0,0*0*0,0*0*0
1294,878.578,0,0,0,0,0,0,0*0*0,0*0*0
1295,1488.51,0,0,0,0,0,0,0*0*0,0*0*0
1296,841.806,0,0,0,0,0,0,0*0*0,0*0*0
1297,744.788,0,0,0,0,0,0,0*0*0,0*0*0
1298,2529.38,4217,0,0,0.745835,0.872917,3,25*6*4,150*16*1
1299,2437.81,4218,1,0,0.77385,0.886925,3,25*6*4,150*16*1
1300,2235.11,4218,1,0,0.84403,0.922015,3,25*6*4,150*16*1
1301,2138.39,3455,0,0,0.756013,0.878006,2,25*6*3,150*16*1
1302,3218.19,4861,1,0,0.670051,0.835025,4,25*6*5,150*16*1
1303,3108.55,4861,1,0,0.693684,0.846842,4,25*6*5,150*16*1
1304,2690.69,4217,0,0,0.701121,0.850561,3,25*6*4,150*16*1
1305,15963,6033,0,0,0.185645,0.592822,5,25*6*5,150*16*2
1306,16317.8,6034,1,0,0.181608,0.590804,5,25*6*5,150*16*2
1307,20157,6034,1,0,0.147018,0.573509,5,25*6*5,150*16*2
1308,5101.56,6034,1,0,0.580891,0.790445,5,25*6*5,150*16*2
1309,4844.47,6034,1,0,0.611718,0.805859,5,25*6*5,150*16*2
1310,16292.9,6034,1,0,0.181886,0.590943,5,25*6*5,150*16*2
1311,6272.56,6034,1,0,0.472447,0.736223,5,25*6*5,150*16*2
1312,6696.27,6034,1,0,0.442552,0.721276,5,25*6*5,150*16*2
1313,6429.27,6034,1,0,0.460931,0.730466,5,25*6*5,150*16*2
1314,16146.6,6034,1,0,0.183534,0.591767,5,25*6*5,150*16*2
1315,16208.6,6034,1,0,0.182832,0.591416,5,25*6*5,150*16*2
1316,10514.6,6034,1,0,0.281841,0.640921,5,25*6*5,150*16*2
1317,7880.82,6034,1,0,0.376033,0.688017,5,25*6*5,150*16*2
1318,15982.9,6034,1,0,0.185414,0.592707,5,25*6*5,150*16*2
1319,8189.28,6034,1,0,0.361869,0.680935,5,25*6*5,150*16*2
1320,12786.9,6034,1,0,0.231757,0.615878,5,25*6*5,150*16*2
1321,8064.45,6034,1,0,0.367471,0.683735,5,25*6*5,150*16*2
1322,8084.63,6034,1,0,0.366554,0.683277,5,25*6*5,150*16*2
1323,7951.48,6034,1,0,0.372692,0.686346,5,25*6*5,150*16*2
1324,8123.31,6034,1,0,0.364808,0.682404,5,25*6*5,150*16*2
1325,7786.76,6034,1,0,0.380575,0.690288,5,25*6*5,150*16*2
1326,10294.7,6034,1,0,0.287862,0.643931,5,25*6*5,150*16*2
1327,6505.01,6034,1,0,0.455564,0.727782,5,25*6*5,150*16*2
1328,8232.59,6033,1,0,0.359966,0.679983,5,25*6*5,150*16*2
1329,6471.99,6034,1,0,0.457889,0.728944,5,25*6*5,150*16*2
1330,5101.35,6034,1,0,0.580915,0.790457,5,25*6*5,150*16*2
1331,1839.91,3455,0,0,0.878657,0.939329,2,25*6*3,150*16*1
1332,1647.47,3456,1,0,0.981293,0.990646,2,25*6*3,150*16*1
1333,1923.75,3456,1,0,0.840364,0.920182,2,25*6*3,150*16*1
1334,2628.16,4217,0,0,0.717803,0.858901,3,25*6*4,150*16*1
1335,5339.56,6033,0,0,0.554999,0.777499,5,25*6*5,150*16*2
1336,5355.11,6034,1,0,0.553387,0.776694,5,25*6*5,150*16*2
1337,20476.9,6034,1,0,0.144722,0.572361,5,25*6*5,150*16*2
1338,3169.64,4861,1,0,0.680314,0.840157,4,25*6*5,150*16*1
1339,6038.78,6034,1,0,0.490737,0.745368,5,25*6*5,150*16*2
1340,20322.5,6034,1,0,0.145821,0.572911,5,25*6*5,150*16*2
1341,12668.6,6034,1,0,0.233921,0.61696,5,25*6*5,150*16*2
1342,12924.9,6034,1,0,0.229282,0.614641,5,25*6*5,150*16*2
1343,6479.19,6034,1,0,0.45738,0.72869,5,25*6*5,150*16*2
1344,12349.7,6034,1,0,0.239961,0.619981,5,25*6*5,150*16*2
1345,12571,6034,1,0,0.235737,0.617869,5,25*6*5,150*16*2
1346,8145.81,6034,1,0,0.363801,0.6819,5,25*6*5,150*16*2
1347,2241.64,4217,0,0,0.841571,0.920786,3,25*6*4,150*16*1
1348,917.595,0,0,0,0,0,0,0*0*0,0*0*0
1349,514.316,0,0,0,0,0,0,0*0*0,0*0*0
1350,279.225,0,0,0,0,0,0,0*0*0,0*0*0
1351,251.448,0,0,0,0,0,0,0*0*0,0*0*0
1352,490.149,0,0,0,0,0,0,0*0*0,0*0*0
1353,0,0,0,0,0,0,0,0*0*0,0*0*0
1354,477.558,0,0,0,0,0,0,0*0*0,0*0*0
1355,727.753,0,0,0,0,0,0,0*0*0,0*0*0
1356,454.081,0,0,0,0,0,0,0*0*0,0*0*0
1357,269.201,0,0,0,0,0,0,0*0*0,0*0*0
1358,1138.53,0,0,0,0,0,0,0*0*0,0*0*0
1359,1868.01,3456,1,0,0.86544,0.93272,2,25*6*3,150*16*1
1360,1878.69,3456,1,0,0.86052,0.93026,2,25*6*3,150*16*1
1361,4351.87,6033,0,0,0.68096,0.84048,5,25*6*5,150*16*2
1362,5137.31,6034,1,0,0.576849,0.788424,5,25*6*5,150*16*2
1363,6516.58,6034,1,0,0.454755,0.727378,5,25*6*5,150*16*2
1364,4148.49,6034,1,0,0.714344,0.857172,5,25*6*5,150*16*2
1365,1919.16,3455,0,0,0.842374,0.921187,2,25*6*3,150*16*1
1366,2291.86,4218,1,0,0.823131,0.911565,3,25*6*4,150*16*1
1367,635.905,0,0,0,0,0,0,0*0*0,0*0*0
1368,1605.99,0,0,0,0,0,0,0*0*0,0*0*0
1369,0,0,0,0,0,0,0,0*0*0,0*0*0
1370,394.356,0,0,0,0,0,0,0*0*0,0*0*0
1371,764.364,0,0,0,0,0,0,0*0*0,0*0*0
1372,97.7432,0,0,0,0,0,0,0*0*0,0*0*0
1373,284.984,0,0,0,0,0,0,0*0*0,0*0*0
1374,405.341,0,0,0,0,0,0,0*0*0,0*0*0
1375,351.245,0,0,0,0,0,0,0*0*0,0*0*0
1376,612.627,0,0,0,0,0,0,0*0*0,0*0*0
1377,465.018,0,0,0,0,0,0,0*0*0,0*0*0
1378,774.529,0,0,0,0,0,0,0*0*0,0*0*0
1379,491.655,0,0,0,0,0,0,0*0*0,0*0*0
1380,331.673,0,0,0,0,0,0,0*0*0,0*0*0
1381,335.808,0,0,0,0,0,0,0*0*0,0*0*0
1382,528.931,0,0,0,0,0,0,0*0*0,0*0*0
1383,1103.69,0,0,0,0,0,0,0*0*0,0*0*0
1384,3039.98,4860,0,0,0.70933,0.854665,4,25*6*5,150*16*1
1385,4830.47,6033,0,0,0.613491,0.806746,5,25*6*5,150*16*2
1386,5047.86,6034,1,0,0.587071,0.793535,5,25*6*5,150*16*2
1387,919.927,0,0,0,0,0,0,0*0*0,0*0*0
1388,16353,6034,1,0,0.181218,0.590609,5,25*6*5,150*16*2
1389,1969.53,3455,0,0,0.82083,0.910415,2,25*6*3,150*16*1
1390,19922,6033,0,0,0.148753,0.574376,5,25*6*5,150*16*2
1391,2572.53,4217,0,0,0.733325,0.866662,3,25*6*4,150*16*1
1392,2368.15,4218,1,0,0.796613,0.898307,3,25*6*4,150*16*1
1393,3029.44,4860,0,0,0.711798,0.855899,4,25*6*5,150*16*1
1394,4245.58,6033,0,0,0.698008,0.849004,5,25*6*5,150*16*2
1395,3524.73,6034,1,0,0.840759,0.92038,5,25*6*5,150*16*2
1396,3717.95,6034,1,0,0.797066,0.898533,5,25*6*5,150*16*2
1397,1866.6,3455,0,0,0.866093,0.933047,2,25*6*3,150*16*1
1398,4196.62,6033,0,0,0.706152,0.853076,5,25*6*5,150*16*2
1399,4252.37,6034,1,0,0.696894,0.848447,5,25*6*5,150*16*2
1400,3258.97,6034,1,0,0.909321,0.954661,5,25*6*5,150*16*2
1401,2545.55,4217,0,0,0.741097,0.870549,3,25*6*4,150*16*1
1402,5198.27,6033,0,0,0.570084,0.785042,5,25*6*5,150*16*2
1403,4229.66,6034,1,0,0.700636,0.850318,5,25*6*5,150*16*2
1404,3882.95,6034,1,0,0.763196,0.881598,5,25*6*5,150*16*2
1405,2558.77,4217,0,0,0.737268,0.868634,3,25*6*4,150*16*1
1406,2098.34,3456,1,0,0.770442,0.885221,2,25*6*3,150*16*1
1407,3593.33,6033,0,0,0.824709,0.912354,5,25*6*5,150*16*2
1408,4118.84,6034,1,0,0.719487,0.859743,5,25*6*5,150*16*2
1409,3963.86,6034,1,0,0.747617,0.873809,5,25*6*5,150*16*2
1410,2757.55,4861,1,0,0.78198,0.89099,4,25*6*5,150*16*1
1411,4291.01,6034,1,0,0.690618,0.845309,5,25*6*5,150*16*2
1412,6400.3,6034,1,0,0.463017,0.731509,5,25*6*5,150*16*2
1413,5004.05,6034,1,0,0.59221,0.796105,5,25*6*5,150*16*2
1414,5372.82,6034,1,0,0.551563,0.775782,5,25*6*5,150*16*2
1415,2660.59,4217,0,0,0.709053,0.854527,3,25*6*4,150*16*1
1416,1851.78,3456,1,0,0.873025,0.936512,2,25*6*3,150*16*1
1417,481.371,0,0,0,0,0,0,0*0*0,0*0*0
1418,2237.11,4217,0,0,0.843275,0.921638,3,25*6*4,150*16*1
1419,419.941,0,0,0,0,0,0,0*0*0,0*0*0
1420,298.642,0,0,0,0,0,0,0*0*0,0*0*0
1421,148.33,0,0,0,0,0,0,0*0*0,0*0*0
1422,330.182,0,0,0,0,0,0,0*0*0,0*0*0
1423,869.077,0,0,0,0,0,0,0*0*0,0*0*0
1424,1314.08,0,0,0,0,0,0,0*0*0,0*0*0
1425,937.923,0,0,0,0,0,0,0*0*0,0*0*0
1426,2193.99,4218,1,0,0.859849,0.929924,3,25*6*4,150*16*1
1427,1137.68,0,0,0,0,0,0,0*0*0,0*0*0
1428,1822.16,3455,0,0,0.887216,0.943608,2,25*6*3,150*16*1
1429,195.297,0,0,0,0,0,0,0*0*0,0*0*0
1430,287.654,0,0,0,0,0,0,0*0*0,0*0*0
1431,528.144,0,0,0,0,0,0,0*0*0,0*0*0
1432,0,0,0,0,0,0,0,0*0*0,0*0*0
1433,512.231,0,0,0,0,0,0,0*0*0,0*0*0
1434,0,0,0,0,0,0,0,0*0*0,0*0*0
1435,198.026,0,0,0,0,0,0,0*0*0,0*0*0
1436,367.489,0,0,0,0,0,0,0*0*0,0*0*0
1437,145.351,0,0,0,0,0,0,0*0*0,0*0*0
1438,299.787,0,0,0,0,0,0,0*0*0,0*0*0
1439,141.483,0,0,0,0,0,0,0*0*0,0*0*0
1440,471.944,0,0,0,0,0,0,0*0*0,0*0*0
1441,433.542,0,0,0,0,0,0,0*0*0,0*0*0
1442,34.5325,0,0,0,0,0,0,0*0*0,0*0*0
1443,541.878,0,0,0,0,0,0,0*0*0,0*0*0
1444,1378.08,0,0,0,0,0,0,0*0*0,0*0*0
1445,661.479,0,0,0,0,0,0,0*0*0,0*0*0
1446,70.2251,0,0,0,0,0,0,0*0*0,0*0*0
1447,1372.53,0,0,0,0,0,0,0*0*0,0*0*0
1448,2763.21,4861,1,0,0.780379,0.890189,4,25*6*5,150*16*1
1449,1565.86,0,0,0,0,0,0,0*0*0,0*0*0
1450,3412.79,6034,1,0,0.868336,0.934168,5,25*6*5,150*16*2
1451,15778.1,6034,1,0,0.18782,0.59391,5,25*6*5,150*16*2
1452,20407.9,6034,1,0,0.145211,0.572605,5,25*6*5,150*16*2
1453,16097.4,6034,1,0,0.184095,0.592047,5,25*6*5,150*16*2
1454,15842.8,6034,1,0,0.187053,0.593527,5,25*6*5,150*16*2
1455,20135.9,6034,1,0,0.147172,0.573586,5,25*6*5,150*16*2
1456,12913.9,6034,1,0,0.229478,0.614739,5,25*6*5,150*16*2
1457,16002,6034,1,0,0.185192,0.592596,5,25*6*5,150*16*2
1458,25152.1,6034,1,0,0.117821,0.558911,5,25*6*5,150*16*2
1459,20220.9,6034,1,0,0.146554,0.573277,5,25*6*5,150*16*2
1460,16137.7,6034,1,0,0.183635,0.591818,5,25*6*5,150*16*2
1461,16046.1,6034,1,0,0.184684,0.592342,5,25*6*5,150*16*2
1462,15309.3,6034,1,0,0.193572,0.596786,5,25*6*5,150*16*2
1463,20018.8,6034,1,0,0.148033,0.574017,5,25*6*5,150*16*2
1464,10464.9,6034,1,0,0.28318,0.64159,5,25*6*5,150*16*2
1465,20209.7,6034,1,0,0.146635,0.573318,5,25*6*5,150*16*2
1466,25351.4,6033,1,0,0.116895,0.558447,5,25*6*5,150*16*2
1467,16058.4,6034,1,0,0.184542,0.592271,5,25*6*5,150*16*2
1468,12734,6034,1,0,0.232719,0.61636,5,25*6*5,150*16*2
1469,16410.2,6034,1,0,0.180586,0.590293,5,25*6*5,150*16*2
1470,25758.4,6034,1,0,0.115048,0.557524,5,25*6*5,150*16*2
1471,20025.1,6034,1,0,0.147987,0.573993,5,25*6*5,150*16*2
1472,25345.6,6034,1,0,0.116922,0.558461,5,25*6*5,150*16*2
1473,13080.6,6034,1,0,0.226553,0.613277,5,25*6*5,150*16*2
1474,12908.2,6034,1,0,0.229579,0.614789,5,25*6*5,150*16*2
1475,12888.1,6034,1,0,0.229937,0.614968,5,25*6*5,150*16*2
1476,15714.6,6034,1,0,0.188579,0.59429,5,25*6*5,150*16*2
1477,12460.4,6034,1,0,0.237829,0.618915,5,25*6*5,150*16*2
1478,12863.5,6034,1,0,0.230377,0.615188,5,25*6*5,150*16*2
1479,16175.5,6034,1,0,0.183206,0.591603,5,25*6*5,150*16*2
1480,12478.1,6034,1,0,0.237492,0.618746,5,25*6*5,150*16*2
1481,10013,6034,1,0,0.29596,0.64798,5,25*6*5,150*16*2
1482,12825.4,6034,1,0,0.231061,0.615531,5,25*6*5,150*16*2
1483,16405.3,6034,1,0,0.18064,0.59032,5,25*6*5,150*16*2
1484,15700.7,6034,1,0,0.188746,0.594373,5,25*6*5,150*16*2
1485,5212.19,6034,1,0,0.568561,0.784281,5,25*6*5,150*16*2
1486,16065.2,6033,1,0,0.184464,0.592232,5,25*6*5,150*16*2
1487,3982.07,6034,1,0,0.744198,0.872099,5,25*6*5,150*16*2
1488,71.3969,0,0,0,0,0,0,0*0*0,0*0*0
1489,404.066,0,0,0,0,0,0,0*0*0,0*0*0
1490,483.953,0,0,0,0,0,0,0*0*0,0*0*0
1491,484.355,0,0,0,0,0,0,0*0*0,0*0*0
1492,423.791,0,0,0,0,0,0,0*0*0,0*0*0
1493,623.869,0,0,0,0,0,0,0*0*0,0*0*0
1494,2267.57,4217,0,0,0.831948,0.915974,3,25*6*4,150*16*1
1495,774.219,0,0,0,0,0,0,0*0*0,0*0*0
1496,10293.6,6033,0,0,0.287892,0.643946,5,25*6*5,150*16*2
1497,1729.51,3455,0,0,0.934745,0.967372,2,25*6*3,150*16*1
1498,20213.3,6033,0,0,0.146609,0.573304,5,25*6*5,150*16*2
1499,20175.6,6034,1,0,0.146883,0.573441,5,25*6*5,150*16*2
1500,12976.8,6034,1,0,0.228365,0.614183,5,25*6*5,150*16*2
1501,1531.85,0,0,0,0,0,0,0*0*0,0*0*0
1502,7453.11,6034,1,0,0.397613,0.698806,5,25*6*5,150*16*2
1503,15652,6034,1,0,0.189334,0.594667,5,25*6*5,150*16*2
1504,15838.5,6034,1,0,0.187104,0.593552,5,25*6*5,150*16*2
1505,19061.9,6034,1,0,0.155465,0.577732,5,25*6*5,150*16*2
1506,12755.6,6034,1,0,0.232325,0.616163,5,25*6*5,150*16*2
1507,1574.17,0,0,0,0,0,0,0*0*0,0*0*0
1508,0,0,0,0,0,0,0,0*0*0,0*0*0
1509,101.877,0,0,0,0,0,0,0*0*0,0*0*0
1510,238.555,0,0,0,0,0,0,0*0*0,0*0*0
1511,1738.6,3455,0,0,0.929857,0.964929,2,25*6*3,150*16*1
1512,372.136,0,0,0,0,0,0,0*0*0,0*0*0
1513,245.24,0,0,0,0,0,0,0*0*0,0*0*0
1514,683.274,0,0,0,0,0,0,0*0*0,0*0*0
1515,0,0,0,0,0,0,0,0*0*0,0*0*0
1516,0,0,0,0,0,0,0,0*0*0,0*0*0
1517,1613.39,0,0,0,0,0,0,0*0*0,0*0*0
1518,2021.13,3456,1,0,0.799874,0.899937,2,25*6*3,150*16*1
1519,1740.61,3456,1,0,0.928784,0.964392,2,25*6*3,150*16*1
1520,0,0,0,0,0,0,0,0*0*0,0*0*0
1521,116.768,0,0,0,0,0,0,0*0*0,0*0*0
1522,166.356,0,0,0,0,0,0,0*0*0,0*0*0
1523,0,0,0,0,0,0,0,0*0*0,0*0*0
1524,620.212,0,0,0,0,0,0,0*0*0,0*0*0
1525,177.327,0,0,0,0,0,0,0*0*0,0*0*0
1526,253.856,0,0,0,0,0,0,0*0*0,0*0*0
1527,438.13,0,0,0,0,0,0,0*0*0,0*0*0
1528,0,0,0,0,0,0,0,0*0*0,0*0*0
1529,45.4251,0,0,0,0,0,0,0*0*0,0*0*0
1530,0,0,0,0,0,0,0,0*0*0,0*0*0
1531,0,0,0,0,0,0,0,0*0*0,0*0*0
1532,0,0,0,0,0,0,0,0*0*0,0*0*0
1533,150.62,0,0,0,0,0,0,0*0*0,0*0*0
1534,41.4484,0,0,0,0,0,0,0*0*0,0*0*0
1535,0,0,0,0,0,0,0,0*0*0,0*0*0
1536,0,0,0,0,0,0,0,0*0*0,0*0*0
1537,0,0,0,0,0,0,0,0*0*0,0*0*0
1538,0,0,0,0,0,0,0,0*0*0,0*0*0
1539,262.83,0,0,0,0,0,0,0*0*0,0*0*0
1540,667.122,0,0,0,0,0,0,0*0*0,0*0*0
1541,144.978,0,0,0,0,0,0,0*0*0,0*0*0
1542,265.562,0,0,0,0,0,0,0*0*0,0*0*0
1543,410.506,0,0,0,0,0,0,0*0*0,0*0*0
1544,248.833,0,0,0,0,0,0,0*0*0,0*0*0
1545,681.083,0,0,0,0,0,0,0*0*0,0*0*0
1546,117.126,0,0,0,0,0,0,0*0*0,0*0*0
1547,199.762,0,0,0,0,0,0,0*0*0,0*0*0
1548,119.357,0,0,0,0,0,0,0*0*0,0*0*0
1549,0,0,0,0,0,0,0,0*0*0,0*0*0
1550,0,0,0,0,0,0,0,0*0*0,0*0*0
1551,577.567,0,0,0,0,0,0,0*0*0,0*0*0
1552,0,0,0,0,0,0,0,0*0*0,0*0*0
1553,556.684,0,0,0,0,0,0,0*0*0,0*0*0
1554,0,0,0,0,0,0,0,0*0*0,0*0*0
1555,436.79,0,0,0,0,0,0,0*0*0,0*0*0
1556,0,0,0,0,0,0,0,0*0*0,0*0*0
1557,0,0,0,0,0,0,0,0*0*0,0*0*0
1558,624.484,0,0,0,0,0,0,0*0*0,0*0*0
1559,1050.5,0,0,0,0,0,0,0*0*0,0*0*0
1560,3103.54,4860,0,0,0.694803,0.847402,4,25*6*5,150*16*1
1561,4718.09,6033,0,0,0.628104,0.814052,5,25*6*5,150*16*2
1562,15259.5,6034,1,0,0.194204,0.597102,5,25*6*5,150*16*2
1563,6724.39,6034,1,0,0.440702,0.720351,5,25*6*5,150*16*2
1564,15977.7,6034,1,0,0.185474,0.592737,5,25*6*5,150*16*2
1565,1209,0,0,0,0,0,0,0*0*0,0*0*0
1566,9686.95,6034,1,0,0.305922,0.652961,5,25*6*5,150*16*2
1567,8720.5,6034,1,0,0.339826,0.669913,5,25*6*5,150*16*2
1568,1935.59,3455,0,0,0.835223,0.917612,2,25*6*3,150*16*1
1569,15180,6033,0,0,0.195221,0.59761,5,25*6*5,150*16*2
1570,2816.13,4861,1,0,0.765714,0.882857,4,25*6*5,150*16*1
1571,20602.6,6034,1,0,0.143839,0.571919,5,25*6*5,150*16*2
1572,12179.6,6034,1,0,0.243313,0.621656,5,25*6*5,150*16*2
1573,3541.96,6034,1,0,0.83667,0.918335,5,25*6*5,150*16*2
1574,3363.31,6034,1,0,0.881111,0.940556,5,25*6*5,150*16*2
1575,3974.24,6034,1,0,0.745665,0.872832,5,25*6*5,150*16*2
1576,2473.81,4217,0,0,0.762589,0.881294,3,25*6*4,150*16*1
1577,3353.67,6033,0,0,0.883644,0.941822,5,25*6*5,150*16*2
1578,1980.91,3455,0,0,0.816115,0.908057,2,25*6*3,150*16*1
1579,1435.45,0,0,0,0,0,0,0*0*0,0*0*0
1580,1884.18,3456,1,0,0.858013,0.929006,2,25*6*3,150*16*1
1581,3087.63,4861,1,0,0.698384,0.849192,4,25*6*5,150*16*1
1582,3378.55,6034,1,0,0.877137,0.938568,5,25*6*5,150*16*2
1583,4301.24,6034,1,0,0.688976,0.844488,5,25*6*5,150*16*2
1584,12049.5,6034,1,0,0.24594,0.62297,5,25*6*5,150*16*2
1585,625.071,0,0,0,0,0,0,0*0*0,0*0*0
1586,2173.02,4217,0,0,0.868147,0.934073,3,25*6*4,150*16*1
1587,3307.09,6033,0,0,0.89609,0.948045,5,25*6*5,150*16*2
1588,6469.68,6034,1,0,0.458052,0.729026,5,25*6*5,150*16*2
1589,2152.94,3455,0,0,0.750903,0.875452,2,25*6*3,150*16*1
1590,1033.12,0,0,0,0,0,0,0*0*0,0*0*0
1591,546.8,0,0,0,0,0,0,0*0*0,0*0*0
1592,760.848,0,0,0,0,0,0,0*0*0,0*0*0
1593,1150.71,0,0,0,0,0,0,0*0*0,0*0*0
1594,1483.41,0,0,0,0,0,0,0*0*0,0*0*0
1595,1846.34,3456,1,0,0.875597,0.937799,2,25*6*3,150*16*1
1596,792.485,0,0,0,0,0,0,0*0*0,0*0*0
1597,43.7316,0,0,0,0,0,0,0*0*0,0*0*0
1598,2518.01,4218,1,0,0.749203,0.874601,3,25*6*4,150*16*1
1599,2244.93,4218,1,0,0.840338,0.920169,3,25*6*4,150*16*1
1600,2313.23,4218,1,0,0.815526,0.907763,3,25*6*4,150*16*1
1601,2978.58,4860,0,0,0.723952,0.861976,4,25*6*5,150*16*1
1602,3704.18,6033,0,0,0.800029,0.900014,5,25*6*5,150*16*2
1603,3842.7,6034,1,0,0.77119,0.885595,5,25*6*5,150*16*2
1604,1907.48,3455,0,0,0.847532,0.923766,2,25*6*3,150*16*1
1605,16435.6,6033,0,0,0.180307,0.590153,5,25*6*5,150*16*2
1606,16234.8,6034,1,0,0.182537,0.591268,5,25*6*5,150*16*2
1607,19615.5,6034,1,0,0.151077,0.575538,5,25*6*5,150*16*2
1608,4847.39,6034,1,0,0.61135,0.805675,5,25*6*5,150*16*2
1609,4579.71,6034,1,0,0.647082,0.823541,5,25*6*5,150*16*2
1610,15894.4,6034,1,0,0.186446,0.593223,5,25*6*5,150*16*2
1611,6120.98,6034,1,0,0.484146,0.742073,5,25*6*5,150*16*2
1612,6659.26,6034,1,0,0.445012,0.722506,5,25*6*5,150*16*2
1613,6120.95,6034,1,0,0.484149,0.742074,5,25*6*5,150*16*2
1614,15882.8,6034,1,0,0.186582,0.593291,5,25*6*5,150*16*2
1615,16472.4,6034,1,0,0.179904,0.589952,5,25*6*5,150*16*2
1616,10227.3,6034,1,0,0.289759,0.644879,5,25*6*5,150*16*2
1617,8120.05,6034,1,0,0.364955,0.682477,5,25*6*5,150*16*2
1618,16244.8,6034,1,0,0.182425,0.591212,5,25*6*5,150*16*2
1619,7789.32,6034,1,0,0.38045,0.690225,5,25*6*5,150*16*2
1620,12516.3,6034,1,0,0.236767,0.618384,5,25*6*5,150*16*2
1621,7930.32,6034,1,0,0.373686,0.686843,5,25*6*5,150*16*2
1622,8152.17,6034,1,0,0.363517,0.681758,5,25*6*5,150*16*2
1623,7957.25,6034,1,0,0.372421,0.686211,5,25*6*5,150*16*2
1624,7757.67,6034,1,0,0.382003,0.691001,5,25*6*5,150*16*2
1625,8241.72,6034,1,0,0.359567,0.679783,5,25*6*5,150*16*2
1626,9771.85,6034,1,0,0.303264,0.651632,5,25*6*5,150*16*2
1627,7142.14,6034,1,0,0.414925,0.707462,5,25*6*5,150*16*2
1628,7792.92,6033,1,0,0.380275,0.690137,5,25*6*5,150*16*2
1629,5741.6,6034,1,0,0.516137,0.758068,5,25*6*5,150*16*2
1630,4141.92,6034,1,0,0.715477,0.857739,5,25*6*5,150*16*2
1631,2887.05,4861,1,0,0.746904,0.873452,4,25*6*5,150*16*1
1632,1582.09,0,0,0,0,0,0,0*0*0,0*0*0
1633,2635.4,4217,0,0,0.715831,0.857915,3,25*6*4,150*16*1
1634,2757.91,4861,1,0,0.781878,0.890939,4,25*6*5,150*16*1
1635,4802.37,6034,1,0,0.617081,0.80854,5,25*6*5,150*16*2
1636,5347.52,6034,1,0,0.554173,0.777086,5,25*6*5,150*16*2
1637,20385.6,6034,1,0,0.14537,0.572685,5,25*6*5,150*16*2
1638,3083.11,4861,1,0,0.699407,0.849704,4,25*6*5,150*16*1
1639,6336.67,6034,1,0,0.467667,0.733833,5,25*6*5,150*16*2
1640,19514.3,6034,1,0,0.15186,0.57593,5,25*6*5,150*16*2
1641,13003.9,6034,1,0,0.227889,0.613945,5,25*6*5,150*16*2
1642,12352.1,6034,1,0,0.239915,0.619957,5,25*6*5,150*16*2
1643,6289.46,6034,1,0,0.471177,0.735589,5,25*6*5,150*16*2
1644,12510.3,6034,1,0,0.236881,0.61844,5,25*6*5,150*16*2
1645,12352.9,6034,1,0,0.239899,0.61995,5,25*6*5,150*16*2
1646,8239.32,6033,1,0,0.359672,0.679836,5,25*6*5,150*16*2
1647,2231.93,4217,0,0,0.845233,0.922616,3,25*6*4,150*16*1
1648,921.417,0,0,0,0,0,0,0*0*0,0*0*0
1649,765.947,0,0,0,0,0,0,0*0*0,0*0*0
1650,720.232,0,0,0,0,0,0,0*0*0,0*0*0
1651,73.5151,0,0,0,0,0,0,0*0*0,0*0*0
1652,958.976,0,0,0,0,0,0,0*0*0,0*0*0
1653,0,0,0,0,0,0,0,0*0*0,0*0*0
1654,0,0,0,0,0,0,0,0*0*0,0*0*0
1655,222.894,0,0,0,0,0,0,0*0*0,0*0*0
1656,631.732,0,0,0,0,0,0,0*0*0,0*0*0
1657,0,0,0,0,0,0,0,0*0*0,0*0*0
1658,1760.12,3456,1,0,0.918489,0.959244,2,25*6*3,150*16*1
1659,1175.46,0,0,0,0,0,0,0*0*0,0*0*0
1660,1585.97,0,0,0,0,0,0,0*0*0,0*0*0
1661,3581.65,6033,0,0,0.827398,0.913699,5,25*6*5,150*16*2
1662,6187.04,6034,1,0,0.478977,0.739489,5,25*6*5,150*16*2
1663,7019.61,6034,1,0,0.422167,0.711084,5,25*6*5,150*16*2
1664,4577.22,6034,1,0,0.647434,0.823717,5,25*6*5,150*16*2
1665,1295.19,0,0,0,0,0,0,0*0*0,0*0*0
1666,1409.96,0,0,0,0,0,0,0*0*0,0*0*0
1667,1044.02,0,0,0,0,0,0,0*0*0,0*0*0
1668,1531.39,0,0,0,0,0,0,0*0*0,0*0*0
1669,256.774,0,0,0,0,0,0,0*0*0,0*0*0
1670,482.945,0,0,0,0,0,0,0*0*0,0*0*0
1671,578.295,0,0,0,0,0,0,0*0*0,0*0*0
1672,51.7029,0,0,0,0,0,0,0*0*0,0*0*0
1673,0,0,0,0,0,0,0,0*0*0,0*0*0
1674,0,0,0,0,0,0,0,0*0*0,0*0*0
1675,0,0,0,0,0,0,0,0*0*0,0*0*0
1676,105.832,0,0,0,0,0,0,0*0*0,0*0*0
1677,8.59027,0,0,0,0,0,0,0*0*0,0*0*0
1678,493.265,0,0,0,0,0,0,0*0*0,0*0*0
1679,409.315,0,0,0,0,0,0,0*0*0,0*0*0
1680,330.409,0,0,0,0,0,0,0*0*0,0*0*0
1681,0,0,0,0,0,0,0,0*0*0,0*0*0
1682,766.88,0,0,0,0,0,0,0*0*0,0*0*0
1683,822.826,0,0,0,0,0,0,0*0*0,0*0*0
1684,2671.81,4217,0,0,0.706076,0.853038,3,25*6*4,150*16*1
1685,6022.47,6033,0,0,0.492066,0.746033,5,25*6*5,150*16*2
1686,4226.78,6034,1,0,0.701113,0.850556,5,25*6*5,150*16*2
1687,1276.51,0,0,0,0,0,0,0*0*0,0*0*0
1688,15514.2,6034,1,0,0.191015,0.595508,5,25*6*5,150*16*2
1689,2543.19,4217,0,0,0.741785,0.870892,3,25*6*4,150*16*1
1690,20169.8,6033,0,0,0.146925,0.573463,5,25*6*5,150*16*2
1691,2165.56,4217,0,0,0.871137,0.935569,3,25*6*4,150*16*1
1692,2361.7,4218,1,0,0.798789,0.899395,3,25*6*4,150*16*1
1693,3875.52,6033,0,0,0.764659,0.882329,5,25*6*5,150*16*2
1694,3898.64,6034,1,0,0.760124,0.880062,5,25*6*5,150*16*2
1695,3513.31,6034,1,0,0.843492,0.921746,5,25*6*5,150*16*2
1696,2378.39,4217,0,0,0.793184,0.896592,3,25*6*4,150*16*1
1697,2055.81,3456,1,0,0.786381,0.893191,2,25*6*3,150*16*1
1698,4116.2,6033,0,0,0.719948,0.859974,5,25*6*5,150*16*2
1699,4674.41,6034,1,0,0.633973,0.816987,5,25*6*5,150*16*2
1700,3014.58,4861,1,0,0.715307,0.857653,4,25*6*5,150*16*1
1701,2611.23,4217,0,0,0.722456,0.861228,3,25*6*4,150*16*1
1702,4819.27,6033,0,0,0.614917,0.807458,5,25*6*5,150*16*2
1703,4366.1,6034,1,0,0.678741,0.83937,5,25*6*5,150*16*2
1704,4510.11,6034,1,0,0.657068,0.828534,5,25*6*5,150*16*2
1705,3317.31,6034,1,0,0.893329,0.946665,5,25*6*5,150*16*2
1706,1554.08,0,0,0,0,0,0,0*0*0,0*0*0
1707,2393.84,4217,0,0,0.788064,0.894032,3,25*6*4,150*16*1
1708,3734.29,6033,0,0,0.793578,0.896789,5,25*6*5,150*16*2
1709,4442.39,6034,1,0,0.667085,0.833542,5,25*6*5,150*16*2
1710,1848.69,3455,0,0,0.874484,0.937242,2,25*6*3,150*16*1
1711,3520.24,6033,0,0,0.841832,0.920916,5,25*6*5,150*16*2
1712,6800.41,6034,1,0,0.435775,0.717888,5,25*6*5,150*16*2
1713,5594.8,6034,1,0,0.529679,0.76484,5,25*6*5,150*16*2
1714,5400.78,6034,1,0,0.548708,0.774354,5,25*6*5,150*16*2
1715,2006.34,3455,0,0,0.805771,0.902885,2,25*6*3,150*16*1
1716,1131.81,0,0,0,0,0,0,0*0*0,0*0*0
1717,975.545,0,0,0,0,0,0,0*0*0,0*0*0
1718,1747.99,3456,1,0,0.924862,0.962431,2,25*6*3,150*16*1
1719,0,0,0,0,0,0,0,0*0*0,0*0*0
1720,0,0,0,0,0,0,0,0*0*0,0*0*0
1721,529.581,0,0,0,0,0,0,0*0*0,0*0*0
1722,1090.02,0,0,0,0,0,0,0*0*0,0*0*0
1723,1046.11,0,0,0,0,0,0,0*0*0,0*0*0
1724,941.979,0,0,0,0,0,0,0*0*0,0*0*0
1725,977.604,0,0,0,0,0,0,0*0*0,0*0*0
1726,2358.43,4218,1,0,0.799897,0.899948,3,25*6*4,150*16*1
1727,1051.51,0,0,0,0,0,0,0*0*0,0*0*0
1728,137.689,0,0,0,0,0,0,0*0*0,0*0*0
1729,462.848,0,0,0,0,0,0,0*0*0,0*0*0
1730,533.268,0,0,0,0,0,0,0*0*0,0*0*0
1731,1068.44,0,0,0,0,0,0,0*0*0,0*0*0
1732,153.007,0,0,0,0,0,0,0*0*0,0*0*0
1733,398.196,0,0,0,0,0,0,0*0*0,0*0*0
1734,497.162,0,0,0,0,0,0,0*0*0,0*0*0
1735,958.045,0,0,0,0,0,0,0*0*0,0*0*0
1736,0,0,0,0,0,0,0,0*0*0,0*0*0
1737,0,0,0,0,0,0,0,0*0*0,0*0*0
1738,0,0,0,0,0,0,0,0*0*0,0*0*0
1739,0,0,0,0,0,0,0,0*0*0,0*0*0
1740,334.165,0,0,0,0,0,0,0*0*0,0*0*0
1741,1049.62,0,0,0,0,0,0,0*0*0,0*0*0
1742,318.693,0,0,0,0,0,0,0*0*0,0*0*0
1743,768.928,0,0,0,0,0,0,0*0*0,0*0*0
1744,1180.7,0,0,0,0,0,0,0*0*0,0*0*0
1745,1124.7,0,0,0,0,0,0,0*0*0,0*0*0
1746,0,0,0,0,0,0,0,0*0*0,0*0*0
1747,1001.89,0,0,0,0,0,0,0*0*0,0*0*0
1748,2060.01,3455,0,0,0.784778,0.892389,2,25*6*3,150*16*1
1749,1685.63,3456,1,0,0.959078,0.979539,2,25*6*3,150*16*1
1750,2796.95,4861,1,0,0.770965,0.885482,4,25*6*5,150*16*1
1751,15838.1,6034,1,0,0.187109,0.593554,5,25*6*5,150*16*2
1752,20275.8,6034,1,0,0.146157,0.573078,5,25*6*5,150*16*2
1753,15508.9,6034,1,0,0.191081,0.59554,5,25*6*5,150*16*2
1754,16593.7,6034,1,0,0.178589,0.589294,5,25*6*5,150*16*2
1755,19486.7,6034,1,0,0.152076,0.576038,5,25*6*5,150*16*2
1756,12161.4,6034,1,0,0.243677,0.621838,5,25*6*5,150*16*2
1757,15271.9,6034,1,0,0.194046,0.597023,5,25*6*5,150*16*2
1758,25193.5,6034,1,0,0.117628,0.558814,5,25*6*5,150*16*2
1759,19616.1,6034,1,0,0.151072,0.575536,5,25*6*5,150*16*2
1760,15185,6033,1,0,0.195156,0.597578,5,25*6*5,150*16*2
1761,16321.9,6034,1,0,0.181563,0.590781,5,25*6*5,150*16*2
1762,15704.8,6034,1,0,0.188697,0.594349,5,25*6*5,150*16*2
1763,19740.3,6034,1,0,0.150122,0.575061,5,25*6*5,150*16*2
1764,10009.5,6034,1,0,0.296064,0.648032,5,25*6*5,150*16*2
1765,20506.9,6034,1,0,0.14451,0.572255,5,25*6*5,150*16*2
1766,25139.9,6034,1,0,0.117878,0.558939,5,25*6*5,150*16*2
1767,15834.1,6034,1,0,0.187156,0.593578,5,25*6*5,150*16*2
1768,12361.5,6034,1,0,0.239732,0.619866,5,25*6*5,150*16*2
1769,16285.1,6034,1,0,0.181973,0.590987,5,25*6*5,150*16*2
1770,25436.6,6034,1,0,0.116503,0.558252,5,25*6*5,150*16*2
1771,19915.9,6034,1,0,0.148798,0.574399,5,25*6*5,150*16*2
1772,24709.5,6034,1,0,0.119932,0.559966,5,25*6*5,150*16*2
1773,13508.4,6034,1,0,0.219378,0.609689,5,25*6*5,150*16*2
1774,13114.9,6034,1,0,0.225961,0.61298,5,25*6*5,150*16*2
1775,13001.4,6034,1,0,0.227933,0.613967,5,25*6*5,150*16*2
1776,15278.2,6034,1,0,0.193966,0.596983,5,25*6*5,150*16*2
1777,12030.9,6034,1,0,0.24632,0.62316,5,25*6*5,150*16*2
1778,13240.2,6034,1,0,0.223822,0.611911,5,25*6*5,150*16*2
1779,16112.6,6034,1,0,0.183921,0.591961,5,25*6*5,150*16*2
1780,12868.8,6034,1,0,0.230282,0.615141,5,25*6*5,150*16*2
1781,9997.93,6034,1,0,0.296406,0.648203,5,25*6*5,150*16*2
1782,13547.2,6034,1,0,0.21875,0.609375,5,25*6*5,150*16*2
1783,15422.9,6033,1,0,0.192146,0.596073,5,25*6*5,150*16*2
1784,15684.7,6034,1,0,0.188939,0.594469,5,25*6*5,150*16*2
1785,4670.52,6034,1,0,0.634501,0.817251,5,25*6*5,150*16*2
1786,15525.1,6034,1,0,0.190881,0.595441,5,25*6*5,150*16*2
1787,4052.45,6034,1,0,0.731274,0.865637,5,25*6*5,150*16*2
1788,597.703,0,0,0,0,0,0,0*0*0,0*0*0
1789,345.714,0,0,0,0,0,0,0*0*0,0*0*0
1790,140.798,0,0,0,0,0,0,0*0*0,0*0*0
1791,128.156,0,0,0,0,0,0,0*0*0,0*0*0
1792,0,0,0,0,0,0,0,0*0*0,0*0*0
1793,293.243,0,0,0,0,0,0,0*0*0,0*0*0
1794,1587.39,0,0,0,0,0,0,0*0*0,0*0*0
1795,1304.62,0,0,0,0,0,0,0*0*0,0*0*0
1796,9835.32,6034,1,0,0.301307,0.650653,5,25*6*5,150*16*2
1797,1655.42,3455,0,0,0.97658,0.98829,2,25*6*3,150*16*1
1798,20195.9,6033,0,0,0.146735,0.573368,5,25*6*5,150*16*2
1799,20402.4,6034,1,0,0.14525,0.572625,5,25*6*5,150*16*2
1800,13189.4,6034,1,0,0.224684,0.612342,5,25*6*5,150*16*2
