1,1585,0,0,0,0,0,0,0*0*0,0*0*0
2,7943,2825,0,0,0.27117,0.635585,2,25*6*2,150*16*2
3,15849,2826,1,0,0.135901,0.567951,2,25*6*2,150*16*2
4,15849,2826,1,0,0.135901,0.567951,2,25*6*2,150*16*2
5,19953,2826,1,0,0.107949,0.553974,2,25*6*2,150*16*2
6,12589,2825,1,0,0.171094,0.585547,2,25*6*2,150*16*2
7,1585,0,0,0,0,0,0,0*0*0,0*0*0
8,40,0,0,0,0,0,0,0*0*0,0*0*0
9,79,0,0,0,0,0,0,0*0*0,0*0*0
10,20,0,0,0,0,0,0,0*0*0,0*0*0
11,1585,0,0,0,0,0,0,0*0*0,0*0*0
12,316,0,0,0,0,0,0,0*0*0,0*0*0
13,20,0,0,0,0,0,0,0*0*0,0*0*0
14,200,0,0,0,0,0,0,0*0*0,0*0*0
15,126,0,0,0,0,0,0,0*0*0,0*0*0
16,50,0,0,0,0,0,0,0*0*0,0*0*0
17,1000,0,0,0,0,0,0,0*0*0,0*0*0
18,1585,0,0,0,0,0,0,0*0*0,0*0*0
19,1000,0,0,0,0,0,0,0*0*0,0*0*0
20,200,0,0,0,0,0,0,0*0*0,0*0*0
21,16,0,0,0,0,0,0,0*0*0,0*0*0
22,316,0,0,0,0,0,0,0*0*0,0*0*0
23,50,0,0,0,0,0,0,0*0*0,0*0*0
24,200,0,0,0,0,0,0,0*0*0,0*0*0
25,50,0,0,0,0,0,0,0*0*0,0*0*0
26,32,0,0,0,0,0,0,0*0*0,0*0*0
27,63,0,0,0,0,0,0,0*0*0,0*0*0
28,50,0,0,0,0,0,0,0*0*0,0*0*0
29,40,0,0,0,0,0,0,0*0*0,0*0*0
30,40,0,0,0,0,0,0,0*0*0,0*0*0
31,40,0,0,0,0,0,0,0*0*0,0*0*0
32,50,0,0,0,0,0,0,0*0*0,0*0*0
33,50,0,0,0,0,0,0,0*0*0,0*0*0
34,50,0,0,0,0,0,0,0*0*0,0*0*0
35,40,0,0,0,0,0,0,0*0*0,0*0*0
36,63,0,0,0,0,0,0,0*0*0,0*0*0
37,50,0,0,0,0,0,0,0*0*0,0*0*0
38,40,0,0,0,0,0,0,0*0*0,0*0*0
39,50,0,0,0,0,0,0,0*0*0,0*0*0
40,40,0,0,0,0,0,0,0*0*0,0*0*0
41,63,0,0,0,0,0,0,0*0*0,0*0*0
42,50,0,0,0,0,0,0,0*0*0,0*0*0
43,50,0,0,0,0,0,0,0*0*0,0*0*0
44,63,0,0,0,0,0,0,0*0*0,0*0*0
45,79,0,0,0,0,0,0,0*0*0,0*0*0
46,100,0,0,0,0,0,0,0*0*0,0*0*0
47,100,0,0,0,0,0,0,0*0*0,0*0*0
48,79,0,0,0,0,0,0,0*0*0,0*0*0
49,126,0,0,0,0,0,0,0*0*0,0*0*0
50,79,0,0,0,0,0,0,0*0*0,0*0*0
51,79,0,0,0,0,0,0,0*0*0,0*0*0
52,79,0,0,0,0,0,0,0*0*0,0*0*0
53,40,0,0,0,0,0,0,0*0*0,0*0*0
54,40,0,0,0,0,0,0,0*0*0,0*0*0
55,63,0,0,0,0,0,0,0*0*0,0*0*0
56,79,0,0,0,0,0,0,0*0*0,0*0*0
57,158,0,0,0,0,0,0,0*0*0,0*0*0
58,316,0,0,0,0,0,0,0*0*0,0*0*0
59,1000,0,0,0,0,0,0,0*0*0,0*0*0
60,3162,2538,0,0,0.425933,0.712966,1,25*6*2,150*16*1
61,5012,2826,1,0,0.429749,0.714874,2,25*6*2,150*16*2
62,15849,2826,1,0,0.135901,0.567951,2,25*6*2,150*16*2
63,6310,2826,1,0,0.341347,0.670674,2,25*6*2,150*16*2
64,15849,2826,1,0,0.135901,0.567951,2,25*6*2,150*16*2
65,794,0,0,0,0,0,0,0*0*0,0*0*0
66,10000,2825,1,0,0.21539,0.607695,2,25*6*2,150*16*2
67,7943,2826,1,0,0.27117,0.635585,2,25*6*2,150*16*2
68,1585,0,0,0,0,0,0,0*0*0,0*0*0
69,15849,2826,1,0,0.135901,0.567951,2,25*6*2,150*16*2
70,2512,2539,1,0,0.536146,0.768073,1,25*6*2,150*16*1
71,19953,2826,1,0,0.107949,0.553974,2,25*6*2,150*16*2
72,12589,2826,1,0,0.171094,0.585547,2,25*6*2,150*16*2
73,3162,2538,1,0,0.425933,0.712966,1,25*6*2,150*16*1
74,3162,2539,1,0,0.425933,0.712966,1,25*6*2,150*16*1
75,3981,2826,1,0,0.541045,0.770522,2,25*6*2,150*16*2
76,2512,2539,1,0,0.536146,0.768073,1,25*6*2,150*16*1
77,3162,2539,1,0,0.425933,0.712966,1,25*6*2,150*16*1
78,1259,0,0,0,0,0,0,0*0*0,0*0*0
79,1000,0,0,0,0,0,0,0*0*0,0*0*0
80,1585,0,0,0,0,0,0,0*0*0,0*0*0
81,2512,2539,1,0,0.536146,0.768073,1,25*6*2,150*16*1
82,3162,2539,1,0,0.425933,0.712966,1,25*6*2,150*16*1
83,3981,2826,1,0,0.541045,0.770522,2,25*6*2,150*16*2
84,12589,2826,1,0,0.171094,0.585547,2,25*6*2,150*16*2
85,1000,0,0,0,0,0,0,0*0*0,0*0*0
86,1995,2538,1,0,0.675088,0.837544,1,25*6*2,150*16*1
87,2512,2539,1,0,0.536146,0.768073,1,25*6*2,150*16*1
88,6310,2826,1,0,0.341347,0.670674,2,25*6*2,150*16*2
89,2512,2539,1,0,0.536146,0.768073,1,25*6*2,150*16*1
90,1000,0,0,0,0,0,0,0*0*0,0*0*0
91,316,0,0,0,0,0,0,0*0*0,0*0*0
92,1000,0,0,0,0,0,0,0*0*0,0*0*0
93,398,0,0,0,0,0,0,0*0*0,0*0*0
94,1000,0,0,0,0,0,0,0*0*0,0*0*0
95,1259,0,0,0,0,0,0,0*0*0,0*0*0
96,631,0,0,0,0,0,0,0*0*0,0*0*0
97,501,0,0,0,0,0,0,0*0*0,0*0*0
98,2512,2539,1,0,0.536146,0.768073,1,25*6*2,150*16*1
99,1995,2539,1,0,0.675088,0.837544,1,25*6*2,150*16*1
100,1995,2539,1,0,0.675088,0.837544,1,25*6*2,150*16*1
101,1995,2539,1,0,0.675088,0.837544,1,25*6*2,150*16*1
102,3162,2539,1,0,0.425933,0.712966,1,25*6*2,150*16*1
103,3162,2539,1,0,0.425933,0.712966,1,25*6*2,150*16*1
104,2512,2539,1,0,0.536146,0.768073,1,25*6*2,150*16*1
105,15849,2825,1,0,0.135901,0.567951,2,25*6*2,150*16*2
106,15849,2826,1,0,0.135901,0.567951,2,25*6*2,150*16*2
107,19953,2826,1,0,0.107949,0.553974,2,25*6*2,150*16*2
108,5012,2826,1,0,0.429749,0.714874,2,25*6*2,150*16*2
109,5012,2826,1,0,0.429749,0.714874,2,25*6*2,150*16*2
110,15849,2825,1,0,0.135901,0.567951,2,25*6*2,150*16*2
111,6310,2826,1,0,0.341347,0.670674,2,25*6*2,150*16*2
112,6310,2826,1,0,0.341347,0.670674,2,25*6*2,150*16*2
113,6310,2826,1,0,0.341347,0.670674,2,25*6*2,150*16*2
114,15849,2826,1,0,0.135901,0.567951,2,25*6*2,150*16*2
115,15849,2825,1,0,0.135901,0.567951,2,25*6*2,150*16*2
116,10000,2826,1,0,0.21539,0.607695,2,25*6*2,150*16*2
117,7943,2826,1,0,0.27117,0.635585,2,25*6*2,150*16*2
118,15849,2826,1,0,0.135901,0.567951,2,25*6*2,150*16*2
119,7943,2826,1,0,0.27117,0.635585,2,25*6*2,150*16*2
120,12589,2825,1,0,0.171094,0.585547,2,25*6*2,150*16*2
121,7943,2826,1,0,0.27117,0.635585,2,25*6*2,150*16*2
122,7943,2826,1,0,0.27117,0.635585,2,25*6*2,150*16*2
123,7943,2826,1,0,0.27117,0.635585,2,25*6*2,150*16*2
124,7943,2826,1,0,0.27117,0.635585,2,25*6*2,150*16*2
125,7943,2825,1,0,0.27117,0.635585,2,25*6*2,150*16*2
126,10000,2826,1,0,0.21539,0.607695,2,25*6*2,150*16*2
127,6310,2826,1,0,0.341347,0.670674,2,25*6*2,150*16*2
128,7943,2826,1,0,0.27117,0.635585,2,25*6*2,150*16*2
129,6310,2825,1,0,0.341347,0.670674,2,25*6*2,150*16*2
130,5012,2826,1,0,0.429749,0.714874,2,25*6*2,150*16*2
131,1995,2539,1,0,0.675088,0.837544,1,25*6*2,150*16*1
132,1585,0,0,0,0,0,0,0*0*0,0*0*0
133,1995,2539,1,0,0.675088,0.837544,1,25*6*2,150*16*1
134,2512,2539,1,0,0.536146,0.768073,1,25*6*2,150*16*1
135,5012,2826,1,0,0.429749,0.714874,2,25*6*2,150*16*2
136,5012,2826,1,0,0.429749,0.714874,2,25*6*2,150*16*2
137,19953,2825,1,0,0.107949,0.553974,2,25*6*2,150*16*2
138,3162,2538,0,0,0.425933,0.712966,1,25*6*2,150*16*1
139,6310,2826,1,0,0.341347,0.670674,2,25*6*2,150*16*2
140,19953,2826,1,0,0.107949,0.553974,2,25*6*2,150*16*2
141,12589,2826,1,0,0.171094,0.585547,2,25*6*2,150*16*2
142,12589,2826,1,0,0.171094,0.585547,2,25*6*2,150*16*2
143,6310,2825,1,0,0.341347,0.670674,2,25*6*2,150*16*2
144,12589,2826,1,0,0.171094,0.585547,2,25*6*2,150*16*2
145,12589,2826,1,0,0.171094,0.585547,2,25*6*2,150*16*2
146,7943,2826,1,0,0.27117,0.635585,2,25*6*2,150*16*2
147,1995,2539,1,0,0.675088,0.837544,1,25*6*2,150*16*1
148,501,0,0,0,0,0,0,0*0*0,0*0*0
149,251,0,0,0,0,0,0,0*0*0,0*0*0
150,13,0,0,0,0,0,0,0*0*0,0*0*0
151,126,0,0,0,0,0,0,0*0*0,0*0*0
152,126,0,0,0,0,0,0,0*0*0,0*0*0
153,158,0,0,0,0,0,0,0*0*0,0*0*0
154,251,0,0,0,0,0,0,0*0*0,0*0*0
155,398,0,0,0,0,0,0,0*0*0,0*0*0
156,200,0,0,0,0,0,0,0*0*0,0*0*0
157,251,0,0,0,0,0,0,0*0*0,0*0*0
158,1000,0,0,0,0,0,0,0*0*0,0*0*0
159,1585,0,0,0,0,0,0,0*0*0,0*0*0
160,1995,2539,1,0,0.675088,0.837544,1,25*6*2,150*16*1
161,3981,2825,1,0,0.541045,0.770522,2,25*6*2,150*16*2
162,5012,2826,1,0,0.429749,0.714874,2,25*6*2,150*16*2
163,6310,2826,1,0,0.341347,0.670674,2,25*6*2,150*16*2
164,3981,2826,1,0,0.541045,0.770522,2,25*6*2,150*16*2
165,1585,0,0,0,0,0,0,0*0*0,0*0*0
166,1995,2539,1,0,0.675088,0.837544,1,25*6*2,150*16*1
167,631,0,0,0,0,0,0,0*0*0,0*0*0
168,1585,0,0,0,0,0,0,0*0*0,0*0*0
169,100,0,0,0,0,0,0,0*0*0,0*0*0
170,63,0,0,0,0,0,0,0*0*0,0*0*0
171,794,0,0,0,0,0,0,0*0*0,0*0*0
172,32,0,0,0,0,0,0,0*0*0,0*0*0
173,32,0,0,0,0,0,0,0*0*0,0*0*0
174,200,0,0,0,0,0,0,0*0*0,0*0*0
175,40,0,0,0,0,0,0,0*0*0,0*0*0
176,158,0,0,0,0,0,0,0*0*0,0*0*0
177,158,0,0,0,0,0,0,0*0*0,0*0*0
178,316,0,0,0,0,0,0,0*0*0,0*0*0
179,316,0,0,0,0,0,0,0*0*0,0*0*0
180,251,0,0,0,0,0,0,0*0*0,0*0*0
181,100,0,0,0,0,0,0,0*0*0,0*0*0
182,251,0,0,0,0,0,0,0*0*0,0*0*0
183,794,0,0,0,0,0,0,0*0*0,0*0*0
184,3162,2539,1,0,0.425933,0.712966,1,25*6*2,150*16*1
185,5012,2825,1,0,0.429749,0.714874,2,25*6*2,150*16*2
186,5012,2826,1,0,0.429749,0.714874,2,25*6*2,150*16*2
187,1259,0,0,0,0,0,0,0*0*0,0*0*0
188,15849,2826,1,0,0.135901,0.567951,2,25*6*2,150*16*2
189,1995,2539,1,0,0.675088,0.837544,1,25*6*2,150*16*1
190,19953,2826,1,0,0.107949,0.553974,2,25*6*2,150*16*2
191,2512,2539,1,0,0.536146,0.768073,1,25*6*2,150*16*1
192,2512,2539,1,0,0.536146,0.768073,1,25*6*2,150*16*1
193,3162,2539,1,0,0.425933,0.712966,1,25*6*2,150*16*1
194,3981,2825,1,0,0.541045,0.770522,2,25*6*2,150*16*2
195,3162,2539,1,0,0.425933,0.712966,1,25*6*2,150*16*1
196,3162,2539,1,0,0.425933,0.712966,1,25*6*2,150*16*1
197,1995,2539,1,0,0.675088,0.837544,1,25*6*2,150*16*1
198,3981,2826,1,0,0.541045,0.770522,2,25*6*2,150*16*2
199,3981,2826,1,0,0.541045,0.770522,2,25*6*2,150*16*2
200,3162,2539,1,0,0.425933,0.712966,1,25*6*2,150*16*1
201,2512,2539,1,0,0.536146,0.768073,1,25*6*2,150*16*1
202,5012,2825,1,0,0.429749,0.714874,2,25*6*2,150*16*2
203,3981,2826,1,0,0.541045,0.770522,2,25*6*2,150*16*2
204,3981,2826,1,0,0.541045,0.770522,2,25*6*2,150*16*2
205,2512,2539,1,0,0.536146,0.768073,1,25*6*2,150*16*1
206,1995,2539,1,0,0.675088,0.837544,1,25*6*2,150*16*1
207,3162,2539,1,0,0.425933,0.712966,1,25*6*2,150*16*1
208,3981,2826,1,0,0.541045,0.770522,2,25*6*2,150*16*2
209,3981,2825,1,0,0.541045,0.770522,2,25*6*2,150*16*2
210,2512,2538,0,0,0.536146,0.768073,1,25*6*2,150*16*1
211,3981,2826,1,0,0.541045,0.770522,2,25*6*2,150*16*2
212,6310,2826,1,0,0.341347,0.670674,2,25*6*2,150*16*2
213,5012,2826,1,0,0.429749,0.714874,2,25*6*2,150*16*2
214,5012,2826,1,0,0.429749,0.714874,2,25*6*2,150*16*2
215,2512,2538,1,0,0.536146,0.768073,1,25*6*2,150*16*1
216,1585,0,0,0,0,0,0,0*0*0,0*0*0
217,316,0,0,0,0,0,0,0*0*0,0*0*0
218,1995,2539,1,0,0.675088,0.837544,1,25*6*2,150*16*1
219,158,0,0,0,0,0,0,0*0*0,0*0*0
220,50,0,0,0,0,0,0,0*0*0,0*0*0
221,40,0,0,0,0,0,0,0*0*0,0*0*0
222,158,0,0,0,0,0,0,0*0*0,0*0*0
223,631,0,0,0,0,0,0,0*0*0,0*0*0
224,1259,0,0,0,0,0,0,0*0*0,0*0*0
225,631,0,0,0,0,0,0,0*0*0,0*0*0
226,1995,2539,1,0,0.675088,0.837544,1,25*6*2,150*16*1
227,1259,0,0,0,0,0,0,0*0*0,0*0*0
228,1000,0,0,0,0,0,0,0*0*0,0*0*0
229,200,0,0,0,0,0,0,0*0*0,0*0*0
230,398,0,0,0,0,0,0,0*0*0,0*0*0
231,794,0,0,0,0,0,0,0*0*0,0*0*0
232,126,0,0,0,0,0,0,0*0*0,0*0*0
233,501,0,0,0,0,0,0,0*0*0,0*0*0
234,63,0,0,0,0,0,0,0*0*0,0*0*0
235,316,0,0,0,0,0,0,0*0*0,0*0*0
236,32,0,0,0,0,0,0,0*0*0,0*0*0
237,25,0,0,0,0,0,0,0*0*0,0*0*0
238,32,0,0,0,0,0,0,0*0*0,0*0*0
239,40,0,0,0,0,0,0,0*0*0,0*0*0
240,50,0,0,0,0,0,0,0*0*0,0*0*0
241,40,0,0,0,0,0,0,0*0*0,0*0*0
242,79,0,0,0,0,0,0,0*0*0,0*0*0
243,100,0,0,0,0,0,0,0*0*0,0*0*0
244,1000,0,0,0,0,0,0,0*0*0,0*0*0
245,501,0,0,0,0,0,0,0*0*0,0*0*0
246,158,0,0,0,0,0,0,0*0*0,0*0*0
247,1000,0,0,0,0,0,0,0*0*0,0*0*0
248,2512,2539,1,0,0.536146,0.768073,1,25*6*2,150*16*1
249,1585,0,0,0,0,0,0,0*0*0,0*0*0
250,3162,2539,1,0,0.425933,0.712966,1,25*6*2,150*16*1
251,15849,2826,1,0,0.135901,0.567951,2,25*6*2,150*16*2
252,19953,2826,1,0,0.107949,0.553974,2,25*6*2,150*16*2
253,15849,2826,1,0,0.135901,0.567951,2,25*6*2,150*16*2
254,15849,2825,1,0,0.135901,0.567951,2,25*6*2,150*16*2
255,19953,2826,1,0,0.107949,0.553974,2,25*6*2,150*16*2
256,12589,2826,1,0,0.171094,0.585547,2,25*6*2,150*16*2
257,15849,2826,1,0,0.135901,0.567951,2,25*6*2,150*16*2
258,25119,2825,1,0,0.0857478,0.542874,2,25*6*2,150*16*2
259,19953,2826,1,0,0.107949,0.553974,2,25*6*2,150*16*2
260,15849,2826,1,0,0.135901,0.567951,2,25*6*2,150*16*2
261,15849,2826,1,0,0.135901,0.567951,2,25*6*2,150*16*2
262,15849,2826,1,0,0.135901,0.567951,2,25*6*2,150*16*2
263,19953,2825,1,0,0.107949,0.553974,2,25*6*2,150*16*2
264,10000,2826,1,0,0.21539,0.607695,2,25*6*2,150*16*2
265,19953,2826,1,0,0.107949,0.553974,2,25*6*2,150*16*2
266,25119,2826,1,0,0.0857478,0.542874,2,25*6*2,150*16*2
267,15849,2826,1,0,0.135901,0.567951,2,25*6*2,150*16*2
268,12589,2825,1,0,0.171094,0.585547,2,25*6*2,150*16*2
269,15849,2826,1,0,0.135901,0.567951,2,25*6*2,150*16*2
270,25119,2826,1,0,0.0857478,0.542874,2,25*6*2,150*16*2
271,19953,2826,1,0,0.107949,0.553974,2,25*6*2,150*16*2
272,25119,2826,1,0,0.0857478,0.542874,2,25*6*2,150*16*2
273,12589,2825,1,0,0.171094,0.585547,2,25*6*2,150*16*2
274,12589,2826,1,0,0.171094,0.585547,2,25*6*2,150*16*2
275,12589,2826,1,0,0.171094,0.585547,2,25*6*2,150*16*2
276,15849,2826,1,0,0.135901,0.567951,2,25*6*2,150*16*2
277,12589,2826,1,0,0.171094,0.585547,2,25*6*2,150*16*2
278,12589,2825,1,0,0.171094,0.585547,2,25*6*2,150*16*2
279,15849,2826,1,0,0.135901,0.567951,2,25*6*2,150*16*2
280,12589,2826,1,0,0.171094,0.585547,2,25*6*2,150*16*2
281,10000,2826,1,0,0.21539,0.607695,2,25*6*2,150*16*2
282,12589,2825,1,0,0.171094,0.585547,2,25*6*2,150*16*2
283,15849,2826,1,0,0.135901,0.567951,2,25*6*2,150*16*2
284,15849,2826,1,0,0.135901,0.567951,2,25*6*2,150*16*2
285,5012,2826,1,0,0.429749,0.714874,2,25*6*2,150*16*2
286,15849,2826,1,0,0.135901,0.567951,2,25*6*2,150*16*2
287,3981,2825,1,0,0.541045,0.770522,2,25*6*2,150*16*2
288,100,0,0,0,0,0,0,0*0*0,0*0*0
289,100,0,0,0,0,0,0,0*0*0,0*0*0
290,251,0,0,0,0,0,0,0*0*0,0*0*0
291,251,0,0,0,0,0,0,0*0*0,0*0*0
292,200,0,0,0,0,0,0,0*0*0,0*0*0
293,316,0,0,0,0,0,0,0*0*0,0*0*0
294,1995,2539,1,0,0.675088,0.837544,1,25*6*2,150*16*1
295,794,0,0,0,0,0,0,0*0*0,0*0*0
296,10000,2826,1,0,0.21539,0.607695,2,25*6*2,150*16*2
297,1585,0,0,0,0,0,0,0*0*0,0*0*0
298,19953,2826,1,0,0.107949,0.553974,2,25*6*2,150*16*2
299,19953,2826,1,0,0.107949,0.553974,2,25*6*2,150*16*2
300,12589,2826,1,0,0.171094,0.585547,2,25*6*2,150*16*2
301,2044.85,2538,1,0,0.65863,0.829315,1,25*6*2,150*16*1
302,7447.83,2825,0,0,0.289198,0.644599,2,25*6*2,150*16*2
303,16229.5,2826,1,0,0.132715,0.566358,2,25*6*2,150*16*2
304,16031,2826,1,0,0.134358,0.567179,2,25*6*2,150*16*2
305,19606.3,2826,1,0,0.109858,0.554929,2,25*6*2,150*16*2
306,11840.3,2825,1,0,0.181913,0.590956,2,25*6*2,150*16*2
307,1585.21,0,0,0,0,0,0,0*0*0,0*0*0
308,812.947,0,0,0,0,0,0,0*0*0,0*0*0
309,406.541,0,0,0,0,0,0,0*0*0,0*0*0
310,0,0,0,0,0,0,0,0*0*0,0*0*0
311,1090.61,0,0,0,0,0,0,0*0*0,0*0*0
312,0,0,0,0,0,0,0,0*0*0,0*0*0
313,23.8508,0,0,0,0,0,0,0*0*0,0*0*0
314,0,0,0,0,0,0,0,0*0*0,0*0*0
315,100.082,0,0,0,0,0,0,0*0*0,0*0*0
316,0,0,0,0,0,0,0,0*0*0,0*0*0
317,963.866,0,0,0,0,0,0,0*0*0,0*0*0
318,972.651,0,0,0,0,0,0,0*0*0,0*0*0
319,1043.4,0,0,0,0,0,0,0*0*0,0*0*0
320,110.425,0,0,0,0,0,0,0*0*0,0*0*0
321,108.095,0,0,0,0,0,0,0*0*0,0*0*0
322,653.238,0,0,0,0,0,0,0*0*0,0*0*0
323,0,0,0,0,0,0,0,0*0*0,0*0*0
324,735.417,0,0,0,0,0,0,0*0*0,0*0*0
325,0,0,0,0,0,0,0,0*0*0,0*0*0
326,463.023,0,0,0,0,0,0,0*0*0,0*0*0
327,184.966,0,0,0,0,0,0,0*0*0,0*0*0
328,0,0,0,0,0,0,0,0*0*0,0*0*0
329,0,0,0,0,0,0,0,0*0*0,0*0*0
330,188.049,0,0,0,0,0,0,0*0*0,0*0*0
331,347.586,0,0,0,0,0,0,0*0*0,0*0*0
332,0,0,0,0,0,0,0,0*0*0,0*0*0
333,232.819,0,0,0,0,0,0,0*0*0,0*0*0
334,0,0,0,0,0,0,0,0*0*0,0*0*0
335,0,0,0,0,0,0,0,0*0*0,0*0*0
336,373.985,0,0,0,0,0,0,0*0*0,0*0*0
337,0,0,0,0,0,0,0,0*0*0,0*0*0
338,0,0,0,0,0,0,0,0*0*0,0*0*0
339,0,0,0,0,0,0,0,0*0*0,0*0*0
340,246.768,0,0,0,0,0,0,0*0*0,0*0*0
341,70.5241,0,0,0,0,0,0,0*0*0,0*0*0
342,104.083,0,0,0,0,0,0,0*0*0,0*0*0
343,65.7229,0,0,0,0,0,0,0*0*0,0*0*0
344,0,0,0,0,0,0,0,0*0*0,0*0*0
345,24.8078,0,0,0,0,0,0,0*0*0,0*0*0
346,38.2118,0,0,0,0,0,0,0*0*0,0*0*0
347,0,0,0,0,0,0,0,0*0*0,0*0*0
348,0,0,0,0,0,0,0,0*0*0,0*0*0
349,0,0,0,0,0,0,0,0*0*0,0*0*0
350,1233.26,0,0,0,0,0,0,0*0*0,0*0*0
351,1162.73,0,0,0,0,0,0,0*0*0,0*0*0
352,175.803,0,0,0,0,0,0,0*0*0,0*0*0
353,0,0,0,0,0,0,0,0*0*0,0*0*0
354,0,0,0,0,0,0,0,0*0*0,0*0*0
355,745.338,0,0,0,0,0,0,0*0*0,0*0*0
356,0,0,0,0,0,0,0,0*0*0,0*0*0
357,0,0,0,0,0,0,0,0*0*0,0*0*0
358,733.242,0,0,0,0,0,0,0*0*0,0*0*0
359,813.3,0,0,0,0,0,0,0*0*0,0*0*0
360,2942.07,2538,0,0,0.457773,0.728886,1,25*6*2,150*16*1
361,5289.4,2826,1,0,0.407211,0.703605,2,25*6*2,150*16*2
362,15882.5,2826,1,0,0.135615,0.567807,2,25*6*2,150*16*2
363,6489.78,2826,1,0,0.331891,0.665946,2,25*6*2,150*16*2
364,15244.4,2826,1,0,0.141291,0.570646,2,25*6*2,150*16*2
365,520.352,0,0,0,0,0,0,0*0*0,0*0*0
366,9757.18,2825,1,0,0.22075,0.610375,2,25*6*2,150*16*2
367,7782.69,2826,1,0,0.276755,0.638378,2,25*6*2,150*16*2
368,2152.78,2539,1,0,0.62561,0.812805,1,25*6*2,150*16*1
369,15285.5,2826,1,0,0.140911,0.570456,2,25*6*2,150*16*2
370,2298.73,2539,1,0,0.585889,0.792944,1,25*6*2,150*16*1
371,19898.9,2826,1,0,0.108242,0.554121,2,25*6*2,150*16*2
372,13455.6,2825,1,0,0.160075,0.580037,2,25*6*2,150*16*2
373,3773.72,2826,1,0,0.570763,0.785382,2,25*6*2,150*16*2
374,3567.45,2826,1,0,0.603765,0.801882,2,25*6*2,150*16*2
375,3569.43,2826,1,0,0.60343,0.801715,2,25*6*2,150*16*2
376,2094.36,2539,1,0,0.64306,0.82153,1,25*6*2,150*16*1
377,3244.73,2826,1,0,0.663815,0.831907,2,25*6*2,150*16*2
378,970.046,0,0,0,0,0,0,0*0*0,0*0*0
379,606.424,0,0,0,0,0,0,0*0*0,0*0*0
380,1644.75,2538,1,0,0.818848,0.909424,1,25*6*2,150*16*1
381,3080.19,2539,1,0,0.437246,0.718623,1,25*6*2,150*16*1
382,2843.89,2539,1,0,0.473577,0.736788,1,25*6*2,150*16*1
383,3857.48,2826,1,0,0.55837,0.779185,2,25*6*2,150*16*2
384,14006.3,2826,1,0,0.153781,0.57689,2,25*6*2,150*16*2
385,763.655,0,0,0,0,0,0,0*0*0,0*0*0
386,2161.55,2539,1,0,0.623071,0.811536,1,25*6*2,150*16*1
387,1655.09,2539,1,0,0.813732,0.906866,1,25*6*2,150*16*1
388,5958.59,2825,1,0,0.361478,0.680739,2,25*6*2,150*16*2
389,2606.48,2539,1,0,0.516712,0.758356,1,25*6*2,150*16*1
390,848.815,0,0,0,0,0,0,0*0*0,0*0*0
391,0,0,0,0,0,0,0,0*0*0,0*0*0
392,657.127,0,0,0,0,0,0,0*0*0,0*0*0
393,617.724,0,0,0,0,0,0,0*0*0,0*0*0
394,1445.57,0,0,0,0,0,0,0*0*0,0*0*0
395,1794.68,2539,1,0,0.75044,0.87522,1,25*6*2,150*16*1
396,579.103,0,0,0,0,0,0,0*0*0,0*0*0
397,331.65,0,0,0,0,0,0,0*0*0,0*0*0
398,2779.05,2539,1,0,0.484626,0.742313,1,25*6*2,150*16*1
399,2819.65,2539,1,0,0.477648,0.738824,1,25*6*2,150*16*1
400,1231.87,0,0,0,0,0,0,0*0*0,0*0*0
401,1126.27,0,0,0,0,0,0,0*0*0,0*0*0
402,3151.52,2539,1,0,0.427349,0.713675,1,25*6*2,150*16*1
403,3593.87,2826,1,0,0.599326,0.799663,2,25*6*2,150*16*2
404,3199.29,2539,1,0,0.420968,0.710484,1,25*6*2,150*16*1
405,16034.8,2826,1,0,0.134327,0.567163,2,25*6*2,150*16*2
406,15651.2,2825,1,0,0.137619,0.568809,2,25*6*2,150*16*2
407,20882.6,2826,1,0,0.103143,0.551572,2,25*6*2,150*16*2
408,4874.17,2826,1,0,0.441901,0.72095,2,25*6*2,150*16*2
409,4816.72,2826,1,0,0.447172,0.723586,2,25*6*2,150*16*2
410,15871.8,2826,1,0,0.135706,0.567853,2,25*6*2,150*16*2
411,6490.76,2825,1,0,0.331841,0.66592,2,25*6*2,150*16*2
412,6071.56,2826,1,0,0.354752,0.677376,2,25*6*2,150*16*2
413,6969.86,2826,1,0,0.309031,0.654515,2,25*6*2,150*16*2
414,14799.6,2826,1,0,0.145538,0.572769,2,25*6*2,150*16*2
415,15587.7,2826,1,0,0.138179,0.56909,2,25*6*2,150*16*2
416,11302.9,2825,1,0,0.190562,0.595281,2,25*6*2,150*16*2
417,8356.07,2826,1,0,0.257765,0.628882,2,25*6*2,150*16*2
418,14989.2,2826,1,0,0.143697,0.571848,2,25*6*2,150*16*2
419,7215.16,2826,1,0,0.298524,0.649262,2,25*6*2,150*16*2
420,12681.5,2825,1,0,0.169846,0.584923,2,25*6*2,150*16*2
421,7904.85,2826,1,0,0.272478,0.636239,2,25*6*2,150*16*2
422,8218.82,2826,1,0,0.262069,0.631035,2,25*6*2,150*16*2
423,6785.64,2826,1,0,0.31742,0.65871,2,25*6*2,150*16*2
424,8958.65,2826,1,0,0.240427,0.620213,2,25*6*2,150*16*2
425,8079.77,2825,1,0,0.266579,0.63329,2,25*6*2,150*16*2
426,10357.1,2826,1,0,0.207964,0.603982,2,25*6*2,150*16*2
427,7140.9,2826,1,0,0.301629,0.650814,2,25*6*2,150*16*2
428,8168.07,2826,1,0,0.263698,0.631849,2,25*6*2,150*16*2
429,5820.2,2826,1,0,0.370073,0.685037,2,25*6*2,150*16*2
430,6095.89,2825,1,0,0.353336,0.676668,2,25*6*2,150*16*2
431,2588.72,2539,1,0,0.520257,0.760129,1,25*6*2,150*16*1
432,719.874,0,0,0,0,0,0,0*0*0,0*0*0
433,2220.3,2539,1,0,0.606585,0.803292,1,25*6*2,150*16*1
434,2488.53,2539,1,0,0.541203,0.770602,1,25*6*2,150*16*1
435,5105.92,2826,1,0,0.421844,0.710922,2,25*6*2,150*16*2
436,5092.5,2826,1,0,0.422955,0.711478,2,25*6*2,150*16*2
437,19461.8,2826,1,0,0.110673,0.555337,2,25*6*2,150*16*2
438,3547.38,2825,1,0,0.607181,0.80359,2,25*6*2,150*16*2
439,5710.76,2826,1,0,0.377165,0.688583,2,25*6*2,150*16*2
440,19978.5,2826,1,0,0.107811,0.553905,2,25*6*2,150*16*2
441,12516,2826,1,0,0.172092,0.586046,2,25*6*2,150*16*2
442,13833.3,2826,1,0,0.155704,0.577852,2,25*6*2,150*16*2
443,6493.1,2825,1,0,0.331721,0.665861,2,25*6*2,150*16*2
444,12746.5,2826,1,0,0.16898,0.58449,2,25*6*2,150*16*2
445,12118,2826,1,0,0.177744,0.588872,2,25*6*2,150*16*2
446,7530.64,2826,1,0,0.286018,0.643009,2,25*6*2,150*16*2
447,1941.34,2539,1,0,0.693748,0.846874,1,25*6*2,150*16*1
448,1030.02,0,0,0,0,0,0,0*0*0,0*0*0
449,0,0,0,0,0,0,0,0*0*0,0*0*0
450,0,0,0,0,0,0,0,0*0*0,0*0*0
451,0,0,0,0,0,0,0,0*0*0,0*0*0
452,819.263,0,0,0,0,0,0,0*0*0,0*0*0
453,111.896,0,0,0,0,0,0,0*0*0,0*0*0
454,879.064,0,0,0,0,0,0,0*0*0,0*0*0
455,863.991,0,0,0,0,0,0,0*0*0,0*0*0
456,403.186,0,0,0,0,0,0,0*0*0,0*0*0
457,0,0,0,0,0,0,0,0*0*0,0*0*0
458,717.659,0,0,0,0,0,0,0*0*0,0*0*0
459,1193.27,0,0,0,0,0,0,0*0*0,0*0*0
460,2375.02,2539,1,0,0.567069,0.783534,1,25*6*2,150*16*1
461,4532.79,2825,1,0,0.475182,0.737591,2,25*6*2,150*16*2
462,5264.37,2826,1,0,0.409147,0.704573,2,25*6*2,150*16*2
463,7623.02,2826,1,0,0.282552,0.641276,2,25*6*2,150*16*2
464,4279.81,2826,1,0,0.50327,0.751635,2,25*6*2,150*16*2
465,1883.51,2539,1,0,0.715048,0.857524,1,25*6*2,150*16*1
466,1952.12,2539,1,0,0.689917,0.844958,1,25*6*2,150*16*1
467,237.952,0,0,0,0,0,0,0*0*0,0*0*0
468,2153.32,2539,1,0,0.625453,0.812726,1,25*6*2,150*16*1
469,0,0,0,0,0,0,0,0*0*0,0*0*0
470,753,0,0,0,0,0,0,0*0*0,0*0*0
471,1403.91,0,0,0,0,0,0,0*0*0,0*0*0
472,372.158,0,0,0,0,0,0,0*0*0,0*0*0
473,0,0,0,0,0,0,0,0*0*0,0*0*0
474,0,0,0,0,0,0,0,0*0*0,0*0*0
475,993.313,0,0,0,0,0,0,0*0*0,0*0*0
476,0,0,0,0,0,0,0,0*0*0,0*0*0
477,261.629,0,0,0,0,0,0,0*0*0,0*0*0
478,0,0,0,0,0,0,0,0*0*0,0*0*0
479,113.347,0,0,0,0,0,0,0*0*0,0*0*0
480,0,0,0,0,0,0,0,0*0*0,0*0*0
481,0,0,0,0,0,0,0,0*0*0,0*0*0
482,0,0,0,0,0,0,0,0*0*0,0*0*0
483,141.167,0,0,0,0,0,0,0*0*0,0*0*0
484,3623.2,2825,1,0,0.594474,0.797237,2,25*6*2,150*16*2
485,5046.18,2826,1,0,0.426838,0.713419,2,25*6*2,150*16*2
486,4281.59,2826,1,0,0.503061,0.75153,2,25*6*2,150*16*2
487,2147.37,2539,1,0,0.627186,0.813593,1,25*6*2,150*16*1
488,16772.1,2826,1,0,0.128422,0.564211,2,25*6*2,150*16*2
489,1965.63,2539,1,0,0.685175,0.842587,1,25*6*2,150*16*1
490,20052.9,2825,1,0,0.107411,0.553705,2,25*6*2,150*16*2
491,2192.39,2538,0,0,0.614307,0.807153,1,25*6*2,150*16*1
492,2152.36,2539,1,0,0.625732,0.812866,1,25*6*2,150*16*1
493,3857.02,2826,1,0,0.558436,0.779218,2,25*6*2,150*16*2
494,3786.31,2826,1,0,0.568865,0.784433,2,25*6*2,150*16*2
495,3080.01,2539,1,0,0.437271,0.718636,1,25*6*2,150*16*1
496,2977.2,2539,1,0,0.452371,0.726186,1,25*6*2,150*16*1
497,1479.29,0,0,0,0,0,0,0*0*0,0*0*0
498,3155,2539,1,0,0.426878,0.713439,1,25*6*2,150*16*1
499,3516.86,2826,1,0,0.61245,0.806225,2,25*6*2,150*16*2
500,3120.8,2538,1,0,0.431556,0.715778,1,25*6*2,150*16*1
501,2223.46,2539,1,0,0.605723,0.802861,1,25*6*2,150*16*1
502,5856.81,2826,1,0,0.36776,0.68388,2,25*6*2,150*16*2
503,4095.87,2826,1,0,0.525871,0.762936,2,25*6*2,150*16*2
504,3793.35,2826,1,0,0.567809,0.783905,2,25*6*2,150*16*2
505,2562.19,2538,1,0,0.525644,0.762822,1,25*6*2,150*16*1
506,1155.36,0,0,0,0,0,0,0*0*0,0*0*0
507,3328.22,2825,0,0,0.647163,0.823581,2,25*6*2,150*16*2
508,3543.28,2826,1,0,0.607883,0.803942,2,25*6*2,150*16*2
509,3289.89,2826,1,0,0.654703,0.827351,2,25*6*2,150*16*2
510,1890.51,2539,1,0,0.7124,0.8562,1,25*6*2,150*16*1
511,3972.31,2826,1,0,0.542229,0.771114,2,25*6*2,150*16*2
512,7247.81,2825,1,0,0.297179,0.64859,2,25*6*2,150*16*2
513,4096.66,2826,1,0,0.52577,0.762885,2,25*6*2,150*16*2
514,5081.82,2826,1,0,0.423844,0.711922,2,25*6*2,150*16*2
515,2647.21,2539,1,0,0.508762,0.754381,1,25*6*2,150*16*1
516,1557.41,0,0,0,0,0,0,0*0*0,0*0*0
517,1009.16,0,0,0,0,0,0,0*0*0,0*0*0
518,2412.77,2539,1,0,0.558197,0.779098,1,25*6*2,150*16*1
519,93.3607,0,0,0,0,0,0,0*0*0,0*0*0
520,0,0,0,0,0,0,0,0*0*0,0*0*0
521,507.135,0,0,0,0,0,0,0*0*0,0*0*0
522,802.016,0,0,0,0,0,0,0*0*0,0*0*0
523,275.591,0,0,0,0,0,0,0*0*0,0*0*0
524,545.093,0,0,0,0,0,0,0*0*0,0*0*0
525,485.447,0,0,0,0,0,0,0*0*0,0*0*0
526,2505.42,2539,1,0,0.537555,0.768777,1,25*6*2,150*16*1
527,1150.4,0,0,0,0,0,0,0*0*0,0*0*0
528,1817.18,2539,1,0,0.741148,0.870574,1,25*6*2,150*16*1
529,623.922,0,0,0,0,0,0,0*0*0,0*0*0
530,745.277,0,0,0,0,0,0,0*0*0,0*0*0
531,1031.43,0,0,0,0,0,0,0*0*0,0*0*0
532,0,0,0,0,0,0,0,0*0*0,0*0*0
533,0,0,0,0,0,0,0,0*0*0,0*0*0
534,845.54,0,0,0,0,0,0,0*0*0,0*0*0
535,0,0,0,0,0,0,0,0*0*0,0*0*0
536,0,0,0,0,0,0,0,0*0*0,0*0*0
537,523.027,0,0,0,0,0,0,0*0*0,0*0*0
538,0,0,0,0,0,0,0,0*0*0,0*0*0
539,0,0,0,0,0,0,0,0*0*0,0*0*0
540,730.22,0,0,0,0,0,0,0*0*0,0*0*0
541,98.8366,0,0,0,0,0,0,0*0*0,0*0*0
542,454.655,0,0,0,0,0,0,0*0*0,0*0*0
543,0,0,0,0,0,0,0,0*0*0,0*0*0
544,992.296,0,0,0,0,0,0,0*0*0,0*0*0
545,561.466,0,0,0,0,0,0,0*0*0,0*0*0
546,147.639,0,0,0,0,0,0,0*0*0,0*0*0
547,721.382,0,0,0,0,0,0,0*0*0,0*0*0
548,2910.05,2539,1,0,0.46281,0.731405,1,25*6*2,150*16*1
549,2008.95,2539,1,0,0.6704,0.8352,1,25*6*2,150*16*1
550,3186.21,2539,1,0,0.422697,0.711348,1,25*6*2,150*16*1
551,14902.6,2825,1,0,0.144532,0.572266,2,25*6*2,150*16*2
552,18531.8,2826,1,0,0.116227,0.558114,2,25*6*2,150*16*2
553,15678,2826,1,0,0.137384,0.568692,2,25*6*2,150*16*2
554,15312.7,2826,1,0,0.140661,0.570331,2,25*6*2,150*16*2
555,19826,2826,1,0,0.10864,0.55432,2,25*6*2,150*16*2
556,12500.8,2825,1,0,0.172301,0.58615,2,25*6*2,150*16*2
557,16337.7,2826,1,0,0.131836,0.565918,2,25*6*2,150*16*2
558,25080.4,2826,1,0,0.0858798,0.54294,2,25*6*2,150*16*2
559,19966.7,2826,1,0,0.107875,0.553937,2,25*6*2,150*16*2
560,16662.1,2826,1,0,0.129269,0.564635,2,25*6*2,150*16*2
561,15663.7,2825,1,0,0.137509,0.568755,2,25*6*2,150*16*2
562,15278.8,2826,1,0,0.140973,0.570487,2,25*6*2,150*16*2
563,20124.2,2826,1,0,0.10703,0.553515,2,25*6*2,150*16*2
564,9717.11,2826,1,0,0.221661,0.61083,2,25*6*2,150*16*2
565,20155.7,2825,1,0,0.106863,0.553432,2,25*6*2,150*16*2
566,25827.8,2826,1,0,0.0833946,0.541697,2,25*6*2,150*16*2
567,15207.9,2826,1,0,0.14163,0.570815,2,25*6*2,150*16*2
568,12499.1,2826,1,0,0.172324,0.586162,2,25*6*2,150*16*2
569,16245.6,2826,1,0,0.132584,0.566292,2,25*6*2,150*16*2
570,25467.4,2825,1,0,0.0845748,0.542287,2,25*6*2,150*16*2
571,20024.9,2826,1,0,0.107561,0.553781,2,25*6*2,150*16*2
572,24906.2,2826,1,0,0.0864805,0.54324,2,25*6*2,150*16*2
573,11491.1,2826,1,0,0.187441,0.59372,2,25*6*2,150*16*2
574,12659.2,2826,1,0,0.170145,0.585073,2,25*6*2,150*16*2
575,11882.2,2825,1,0,0.181271,0.590636,2,25*6*2,150*16*2
576,16406.9,2826,1,0,0.13128,0.56564,2,25*6*2,150*16*2
577,12472.9,2826,1,0,0.172686,0.586343,2,25*6*2,150*16*2
578,12402.6,2826,1,0,0.173665,0.586833,2,25*6*2,150*16*2
579,15424,2825,1,0,0.139646,0.569823,2,25*6*2,150*16*2
580,12475.8,2826,1,0,0.172646,0.586323,2,25*6*2,150*16*2
581,10703.1,2826,1,0,0.201241,0.60062,2,25*6*2,150*16*2
582,12637.8,2826,1,0,0.170433,0.585217,2,25*6*2,150*16*2
583,14624.2,2826,1,0,0.147283,0.573642,2,25*6*2,150*16*2
584,15685.5,2825,1,0,0.137318,0.568659,2,25*6*2,150*16*2
585,5974.52,2826,1,0,0.360514,0.680257,2,25*6*2,150*16*2
586,15542.2,2826,1,0,0.138584,0.569292,2,25*6*2,150*16*2
587,3401.88,2826,1,0,0.63315,0.816575,2,25*6*2,150*16*2
588,980.995,0,0,0,0,0,0,0*0*0,0*0*0
589,1065.25,0,0,0,0,0,0,0*0*0,0*0*0
590,0,0,0,0,0,0,0,0*0*0,0*0*0
591,188.671,0,0,0,0,0,0,0*0*0,0*0*0
592,1512.09,0,0,0,0,0,0,0*0*0,0*0*0
593,362.42,0,0,0,0,0,0,0*0*0,0*0*0
594,2963.62,2539,1,0,0.454444,0.727222,1,25*6*2,150*16*1
595,654.439,0,0,0,0,0,0,0*0*0,0*0*0
596,9451.85,2825,1,0,0.227881,0.613941,2,25*6*2,150*16*2
597,1692,2538,0,0,0.795981,0.897991,1,25*6*2,150*16*1
598,19757.8,2826,1,0,0.109015,0.554508,2,25*6*2,150*16*2
599,20075.5,2826,1,0,0.10729,0.553645,2,25*6*2,150*16*2
600,13675.4,2826,1,0,0.157502,0.578751,2,25*6*2,150*16*2
601,1730.13,2539,1,0,0.778439,0.889219,1,25*6*2,150*16*1
602,7966.08,2826,1,0,0.270384,0.635192,2,25*6*2,150*16*2
603,15825.7,2825,1,0,0.136101,0.568051,2,25*6*2,150*16*2
604,15897.7,2826,1,0,0.135485,0.567743,2,25*6*2,150*16*2
605,19911.7,2826,1,0,0.108173,0.554086,2,25*6*2,150*16*2
606,12652.9,2826,1,0,0.17023,0.585115,2,25*6*2,150*16*2
607,1601.94,0,0,0,0,0,0,0*0*0,0*0*0
608,94.5331,0,0,0,0,0,0,0*0*0,0*0*0
609,0,0,0,0,0,0,0,0*0*0,0*0*0
610,0,0,0,0,0,0,0,0*0*0,0*0*0
611,1455.12,0,0,0,0,0,0,0*0*0,0*0*0
612,284.364,0,0,0,0,0,0,0*0*0,0*0*0
613,0.402026,0,0,0,0,0,0,0*0*0,0*0*0
614,182.042,0,0,0,0,0,0,0*0*0,0*0*0
615,0,0,0,0,0,0,0,0*0*0,0*0*0
616,0,0,0,0,0,0,0,0*0*0,0*0*0
617,964.654,0,0,0,0,0,0,0*0*0,0*0*0
618,1602.58,0,0,0,0,0,0,0*0*0,0*0*0
619,1240.22,0,0,0,0,0,0,0*0*0,0*0*0
620,197.512,0,0,0,0,0,0,0*0*0,0*0*0
621,150.032,0,0,0,0,0,0,0*0*0,0*0*0
622,358.37,0,0,0,0,0,0,0*0*0,0*0*0
623,0,0,0,0,0,0,0,0*0*0,0*0*0
624,244.596,0,0,0,0,0,0,0*0*0,0*0*0
625,0,0,0,0,0,0,0,0*0*0,0*0*0
626,0,0,0,0,0,0,0,0*0*0,0*0*0
627,0,0,0,0,0,0,0,0*0*0,0*0*0
628,168.898,0,0,0,0,0,0,0*0*0,0*0*0
629,76.5802,0,0,0,0,0,0,0*0*0,0*0*0
630,0,0,0,0,0,0,0,0*0*0,0*0*0
631,148.98,0,0,0,0,0,0,0*0*0,0*0*0
632,108.68,0,0,0,0,0,0,0*0*0,0*0*0
633,19.0098,0,0,0,0,0,0,0*0*0,0*0*0
634,43.5193,0,0,0,0,0,0,0*0*0,0*0*0
635,0,0,0,0,0,0,0,0*0*0,0*0*0
636,73.7673,0,0,0,0,0,0,0*0*0,0*0*0
637,116.811,0,0,0,0,0,0,0*0*0,0*0*0
638,199.403,0,0,0,0,0,0,0*0*0,0*0*0
639,176.24,0,0,0,0,0,0,0*0*0,0*0*0
640,60.9284,0,0,0,0,0,0,0*0*0,0*0*0
641,169.895,0,0,0,0,0,0,0*0*0,0*0*0
642,29.8969,0,0,0,0,0,0,0*0*0,0*0*0
643,93.2587,0,0,0,0,0,0,0*0*0,0*0*0
644,118.256,0,0,0,0,0,0,0*0*0,0*0*0
645,1.29984,0,0,0,0,0,0,0*0*0,0*0*0
646,113.373,0,0,0,0,0,0,0*0*0,0*0*0
647,208.895,0,0,0,0,0,0,0*0*0,0*0*0
648,0,0,0,0,0,0,0,0*0*0,0*0*0
649,226.01,0,0,0,0,0,0,0*0*0,0*0*0
650,235.647,0,0,0,0,0,0,0*0*0,0*0*0
651,79.5698,0,0,0,0,0,0,0*0*0,0*0*0
652,249.776,0,0,0,0,0,0,0*0*0,0*0*0
653,60.4658,0,0,0,0,0,0,0*0*0,0*0*0
654,28.3402,0,0,0,0,0,0,0*0*0,0*0*0
655,173.473,0,0,0,0,0,0,0*0*0,0*0*0
656,158.42,0,0,0,0,0,0,0*0*0,0*0*0
657,0,0,0,0,0,0,0,0*0*0,0*0*0
658,330.18,0,0,0,0,0,0,0*0*0,0*0*0
659,1141.57,0,0,0,0,0,0,0*0*0,0*0*0
660,2981.89,2539,1,0,0.45166,0.72583,1,25*6*2,150*16*1
661,4985.45,2825,1,0,0.432037,0.716019,2,25*6*2,150*16*2
662,15888.1,2826,1,0,0.135567,0.567783,2,25*6*2,150*16*2
663,6252.5,2826,1,0,0.344486,0.672243,2,25*6*2,150*16*2
664,15789.3,2826,1,0,0.136415,0.568208,2,25*6*2,150*16*2
665,862.421,0,0,0,0,0,0,0*0*0,0*0*0
666,9816.08,2826,1,0,0.219426,0.609713,2,25*6*2,150*16*2
667,7903.1,2825,1,0,0.272539,0.636269,2,25*6*2,150*16*2
668,1482.76,0,0,0,0,0,0,0*0*0,0*0*0
669,15823.3,2826,1,0,0.136122,0.568061,2,25*6*2,150*16*2
670,2424.04,2539,1,0,0.555601,0.777801,1,25*6*2,150*16*1
671,20082.1,2826,1,0,0.107255,0.553627,2,25*6*2,150*16*2
672,12638.2,2826,1,0,0.170428,0.585214,2,25*6*2,150*16*2
673,3195.19,2539,1,0,0.421509,0.710754,1,25*6*2,150*16*1
674,3290.58,2825,1,0,0.654565,0.827283,2,25*6*2,150*16*2
675,3997.32,2826,1,0,0.538836,0.769418,2,25*6*2,150*16*2
676,2387.39,2539,1,0,0.564131,0.782065,1,25*6*2,150*16*1
677,3368.22,2826,1,0,0.639477,0.819739,2,25*6*2,150*16*2
678,1200.01,0,0,0,0,0,0,0*0*0,0*0*0
679,1046.65,0,0,0,0,0,0,0*0*0,0*0*0
680,1486.37,0,0,0,0,0,0,0*0*0,0*0*0
681,2434.63,2539,1,0,0.553185,0.776592,1,25*6*2,150*16*1
682,3314.32,2826,1,0,0.649877,0.824938,2,25*6*2,150*16*2
683,3937.85,2825,1,0,0.546974,0.773487,2,25*6*2,150*16*2
684,12419.9,2826,1,0,0.173423,0.586712,2,25*6*2,150*16*2
685,1176.33,0,0,0,0,0,0,0*0*0,0*0*0
686,1919.2,2539,1,0,0.701751,0.850875,1,25*6*2,150*16*1
687,2573.45,2539,1,0,0.523344,0.761672,1,25*6*2,150*16*1
688,6364.72,2826,1,0,0.338412,0.669206,2,25*6*2,150*16*2
689,2471.67,2539,1,0,0.544895,0.772447,1,25*6*2,150*16*1
690,1104.14,0,0,0,0,0,0,0*0*0,0*0*0
691,319.199,0,0,0,0,0,0,0*0*0,0*0*0
692,1037.42,0,0,0,0,0,0,0*0*0,0*0*0
693,547.898,0,0,0,0,0,0,0*0*0,0*0*0
694,1174.43,0,0,0,0,0,0,0*0*0,0*0*0
695,1262.27,0,0,0,0,0,0,0*0*0,0*0*0
696,674.577,0,0,0,0,0,0,0*0*0,0*0*0
697,330.972,0,0,0,0,0,0,0*0*0,0*0*0
698,2519.65,2539,1,0,0.534519,0.767259,1,25*6*2,150*16*1
699,2140.06,2539,1,0,0.629328,0.814664,1,25*6*2,150*16*1
700,2026.26,2539,1,0,0.664673,0.832336,1,25*6*2,150*16*1
701,2054.4,2539,1,0,0.655569,0.827784,1,25*6*2,150*16*1
702,3324.25,2825,1,0,0.647936,0.823968,2,25*6*2,150*16*2
703,3167.55,2539,1,0,0.425187,0.712593,1,25*6*2,150*16*1
704,2616.71,2539,1,0,0.514692,0.757346,1,25*6*2,150*16*1
705,15833.2,2826,1,0,0.136037,0.568018,2,25*6*2,150*16*2
706,15879.1,2826,1,0,0.135644,0.567822,2,25*6*2,150*16*2
707,20154.4,2826,1,0,0.10687,0.553435,2,25*6*2,150*16*2
708,5018.05,2825,1,0,0.42923,0.714615,2,25*6*2,150*16*2
709,5044.12,2826,1,0,0.427012,0.713506,2,25*6*2,150*16*2
710,15842.3,2826,1,0,0.135959,0.567979,2,25*6*2,150*16*2
711,6576.75,2826,1,0,0.327502,0.663751,2,25*6*2,150*16*2
712,6255.81,2826,1,0,0.344304,0.672152,2,25*6*2,150*16*2
713,6270.46,2825,1,0,0.3435,0.67175,2,25*6*2,150*16*2
714,15771.3,2826,1,0,0.136571,0.568285,2,25*6*2,150*16*2
715,15812.3,2826,1,0,0.136217,0.568108,2,25*6*2,150*16*2
716,9994.66,2826,1,0,0.215505,0.607753,2,25*6*2,150*16*2
717,8208.64,2826,1,0,0.262394,0.631197,2,25*6*2,150*16*2
718,16078.5,2825,1,0,0.133962,0.566981,2,25*6*2,150*16*2
719,8083.73,2826,1,0,0.266449,0.633224,2,25*6*2,150*16*2
720,12506.1,2826,1,0,0.172228,0.586114,2,25*6*2,150*16*2
721,7985.94,2826,1,0,0.269712,0.634856,2,25*6*2,150*16*2
722,8014.42,2826,1,0,0.268753,0.634377,2,25*6*2,150*16*2
723,8008.94,2825,1,0,0.268937,0.634468,2,25*6*2,150*16*2
724,7876.69,2826,1,0,0.273452,0.636726,2,25*6*2,150*16*2
725,8053.17,2826,1,0,0.26746,0.63373,2,25*6*2,150*16*2
726,9974.44,2826,1,0,0.215942,0.607971,2,25*6*2,150*16*2
727,6312.95,2826,1,0,0.341188,0.670594,2,25*6*2,150*16*2
728,7777.71,2825,1,0,0.276932,0.638466,2,25*6*2,150*16*2
729,6161.58,2826,1,0,0.349569,0.674785,2,25*6*2,150*16*2
730,5136.83,2826,1,0,0.419305,0.709653,2,25*6*2,150*16*2
731,2113.76,2539,1,0,0.637158,0.818579,1,25*6*2,150*16*1
732,1594.4,0,0,0,0,0,0,0*0*0,0*0*0
733,1864.1,2539,1,0,0.722493,0.861247,1,25*6*2,150*16*1
734,2516.39,2539,1,0,0.535211,0.767606,1,25*6*2,150*16*1
735,4923.73,2826,1,0,0.437453,0.718726,2,25*6*2,150*16*2
736,5058.23,2825,1,0,0.425821,0.71291,2,25*6*2,150*16*2
737,20170.1,2826,1,0,0.106787,0.553393,2,25*6*2,150*16*2
738,3072.11,2539,1,0,0.438396,0.719198,1,25*6*2,150*16*1
739,6290.58,2826,1,0,0.342401,0.6712,2,25*6*2,150*16*2
740,19905.8,2826,1,0,0.108205,0.554102,2,25*6*2,150*16*2
741,12458.8,2826,1,0,0.172882,0.586441,2,25*6*2,150*16*2
742,12699,2825,1,0,0.169612,0.584806,2,25*6*2,150*16*2
743,6385.66,2826,1,0,0.337303,0.668651,2,25*6*2,150*16*2
744,12653.9,2826,1,0,0.170216,0.585108,2,25*6*2,150*16*2
745,12466.8,2826,1,0,0.172771,0.586385,2,25*6*2,150*16*2
746,7966.91,2825,1,0,0.270356,0.635178,2,25*6*2,150*16*2
747,1872.64,2538,0,0,0.719199,0.859599,1,25*6*2,150*16*1
748,525.316,0,0,0,0,0,0,0*0*0,0*0*0
749,295.597,0,0,0,0,0,0,0*0*0,0*0*0
750,28.1773,0,0,0,0,0,0,0*0*0,0*0*0
751,94.7315,0,0,0,0,0,0,0*0*0,0*0*0
752,21.8409,0,0,0,0,0,0,0*0*0,0*0*0
753,154.618,0,0,0,0,0,0,0*0*0,0*0*0
754,390.051,0,0,0,0,0,0,0*0*0,0*0*0
755,467.502,0,0,0,0,0,0,0*0*0,0*0*0
756,195.26,0,0,0,0,0,0,0*0*0,0*0*0
757,359.103,0,0,0,0,0,0,0*0*0,0*0*0
758,707.896,0,0,0,0,0,0,0*0*0,0*0*0
759,1676.77,2539,1,0,0.803211,0.901605,1,25*6*2,150*16*1
760,1966.02,2539,1,0,0.685039,0.842519,1,25*6*2,150*16*1
761,3914.92,2826,1,0,0.550177,0.775089,2,25*6*2,150*16*2
762,5062.74,2826,1,0,0.425442,0.712721,2,25*6*2,150*16*2
763,6270.93,2826,1,0,0.343474,0.671737,2,25*6*2,150*16*2
764,4052.3,2825,1,0,0.531525,0.765763,2,25*6*2,150*16*2
765,1476.35,0,0,0,0,0,0,0*0*0,0*0*0
766,2111.54,2538,0,0,0.637828,0.818914,1,25*6*2,150*16*1
767,888.873,0,0,0,0,0,0,0*0*0,0*0*0
768,1650.01,2539,1,0,0.816237,0.908119,1,25*6*2,150*16*1
769,106.119,0,0,0,0,0,0,0*0*0,0*0*0
770,0,0,0,0,0,0,0,0*0*0,0*0*0
771,1030.25,0,0,0,0,0,0,0*0*0,0*0*0
772,0,0,0,0,0,0,0,0*0*0,0*0*0
773,0,0,0,0,0,0,0,0*0*0,0*0*0
774,164.472,0,0,0,0,0,0,0*0*0,0*0*0
775,0,0,0,0,0,0,0,0*0*0,0*0*0
776,0,0,0,0,0,0,0,0*0*0,0*0*0
777,0,0,0,0,0,0,0,0*0*0,0*0*0
778,460.927,0,0,0,0,0,0,0*0*0,0*0*0
779,145.717,0,0,0,0,0,0,0*0*0,0*0*0
780,194.733,0,0,0,0,0,0,0*0*0,0*0*0
781,33.4861,0,0,0,0,0,0,0*0*0,0*0*0
782,149.261,0,0,0,0,0,0,0*0*0,0*0*0
783,940.684,0,0,0,0,0,0,0*0*0,0*0*0
784,3200.52,2539,1,0,0.420807,0.710403,1,25*6*2,150*16*1
785,5010.15,2826,1,0,0.429907,0.714954,2,25*6*2,150*16*2
786,5012.04,2826,1,0,0.429745,0.714873,2,25*6*2,150*16*2
787,1217.72,0,0,0,0,0,0,0*0*0,0*0*0
788,15851.6,2826,1,0,0.135879,0.56794,2,25*6*2,150*16*2
789,1847.6,2539,1,0,0.728946,0.864473,1,25*6*2,150*16*1
790,19945.3,2825,1,0,0.10799,0.553995,2,25*6*2,150*16*2
791,2714.48,2539,1,0,0.496154,0.748077,1,25*6*2,150*16*1
792,2582.84,2539,1,0,0.521442,0.760721,1,25*6*2,150*16*1
793,3084.11,2539,1,0,0.43669,0.718345,1,25*6*2,150*16*1
794,4002.9,2826,1,0,0.538085,0.769042,2,25*6*2,150*16*2
795,3112.42,2539,1,0,0.432718,0.716359,1,25*6*2,150*16*1
796,3123.8,2539,1,0,0.431142,0.715571,1,25*6*2,150*16*1
797,1993.76,2539,1,0,0.675508,0.837754,1,25*6*2,150*16*1
798,4014.26,2826,1,0,0.536562,0.768281,2,25*6*2,150*16*2
799,4024.65,2825,1,0,0.535177,0.767588,2,25*6*2,150*16*2
800,3110.1,2538,0,0,0.433041,0.71652,1,25*6*2,150*16*1
801,2618.46,2539,1,0,0.514348,0.757174,1,25*6*2,150*16*1
802,5142.58,2826,1,0,0.418836,0.709418,2,25*6*2,150*16*2
803,3915.31,2826,1,0,0.550122,0.775061,2,25*6*2,150*16*2
804,3970.77,2826,1,0,0.542439,0.771219,2,25*6*2,150*16*2
805,2482.38,2539,1,0,0.542544,0.771272,1,25*6*2,150*16*1
806,2044.11,2539,1,0,0.658869,0.829434,1,25*6*2,150*16*1
807,3070.79,2538,1,0,0.438584,0.719292,1,25*6*2,150*16*1
808,3971.41,2825,0,0,0.542351,0.771176,2,25*6*2,150*16*2
809,3780.26,2826,1,0,0.569776,0.784888,2,25*6*2,150*16*2
810,2515.98,2539,1,0,0.535298,0.767649,1,25*6*2,150*16*1
811,4080.67,2826,1,0,0.52783,0.763915,2,25*6*2,150*16*2
812,6231.37,2826,1,0,0.345654,0.672827,2,25*6*2,150*16*2
813,5040.03,2825,1,0,0.427359,0.713679,2,25*6*2,150*16*2
814,5167.74,2826,1,0,0.416797,0.708399,2,25*6*2,150*16*2
815,2545.65,2539,1,0,0.529059,0.76453,1,25*6*2,150*16*1
816,1457.1,0,0,0,0,0,0,0*0*0,0*0*0
817,248.02,0,0,0,0,0,0,0*0*0,0*0*0
818,1908.92,2539,1,0,0.70553,0.852765,1,25*6*2,150*16*1
819,175.88,0,0,0,0,0,0,0*0*0,0*0*0
820,122.757,0,0,0,0,0,0,0*0*0,0*0*0
821,94.124,0,0,0,0,0,0,0*0*0,0*0*0
822,214.304,0,0,0,0,0,0,0*0*0,0*0*0
823,818.962,0,0,0,0,0,0,0*0*0,0*0*0
824,1401.85,0,0,0,0,0,0,0*0*0,0*0*0
825,654.483,0,0,0,0,0,0,0*0*0,0*0*0
826,2105.7,2539,1,0,0.639597,0.819799,1,25*6*2,150*16*1
827,1215.54,0,0,0,0,0,0,0*0*0,0*0*0
828,942.425,0,0,0,0,0,0,0*0*0,0*0*0
829,331.023,0,0,0,0,0,0,0*0*0,0*0*0
830,439.089,0,0,0,0,0,0,0*0*0,0*0*0
831,766.623,0,0,0,0,0,0,0*0*0,0*0*0
832,15.4767,0,0,0,0,0,0,0*0*0,0*0*0
833,556.273,0,0,0,0,0,0,0*0*0,0*0*0
834,67.0633,0,0,0,0,0,0,0*0*0,0*0*0
835,390.07,0,0,0,0,0,0,0*0*0,0*0*0
836,77.9217,0,0,0,0,0,0,0*0*0,0*0*0
837,0,0,0,0,0,0,0,0*0*0,0*0*0
838,97.4795,0,0,0,0,0,0,0*0*0,0*0*0
839,32.8934,0,0,0,0,0,0,0*0*0,0*0*0
840,0,0,0,0,0,0,0,0*0*0,0*0*0
841,0,0,0,0,0,0,0,0*0*0,0*0*0
842,89.3188,0,0,0,0,0,0,0*0*0,0*0*0
843,67.7659,0,0,0,0,0,0,0*0*0,0*0*0
844,968.147,0,0,0,0,0,0,0*0*0,0*0*0
845,425.6,0,0,0,0,0,0,0*0*0,0*0*0
846,2.36164,0,0,0,0,0,0,0*0*0,0*0*0
847,906.169,0,0,0,0,0,0,0*0*0,0*0*0
848,2502.52,2539,1,0,0.538178,0.769089,1,25*6*2,150*16*1
849,1692.48,2539,1,0,0.795755,0.897878,1,25*6*2,150*16*1
850,3114.04,2539,1,0,0.432493,0.716246,1,25*6*2,150*16*1
851,15827.6,2826,1,0,0.136085,0.568043,2,25*6*2,150*16*2
852,20025.5,2825,1,0,0.107558,0.553779,2,25*6*2,150*16*2
853,15686.9,2826,1,0,0.137306,0.568653,2,25*6*2,150*16*2
854,15776.6,2826,1,0,0.136525,0.568262,2,25*6*2,150*16*2
855,19814.1,2826,1,0,0.108705,0.554353,2,25*6*2,150*16*2
856,12412.2,2826,1,0,0.173531,0.586765,2,25*6*2,150*16*2
857,15864.7,2825,1,0,0.135767,0.567883,2,25*6*2,150*16*2
858,25208.8,2826,1,0,0.0854424,0.542721,2,25*6*2,150*16*2
859,20132.6,2826,1,0,0.106986,0.553493,2,25*6*2,150*16*2
860,15862.7,2826,1,0,0.135784,0.567892,2,25*6*2,150*16*2
861,15804.5,2826,1,0,0.136284,0.568142,2,25*6*2,150*16*2
862,15841,2825,1,0,0.13597,0.567985,2,25*6*2,150*16*2
863,19976.8,2826,1,0,0.10782,0.55391,2,25*6*2,150*16*2
864,9825.35,2826,1,0,0.219219,0.609609,2,25*6*2,150*16*2
865,19889.8,2826,1,0,0.108292,0.554146,2,25*6*2,150*16*2
866,25063.8,2825,1,0,0.0859367,0.542968,2,25*6*2,150*16*2
867,15713.4,2826,1,0,0.137074,0.568537,2,25*6*2,150*16*2
868,12747.8,2826,1,0,0.168962,0.584481,2,25*6*2,150*16*2
869,15760.8,2826,1,0,0.136662,0.568331,2,25*6*2,150*16*2
870,24917.5,2826,1,0,0.0864413,0.543221,2,25*6*2,150*16*2
871,20204.4,2825,1,0,0.106605,0.553303,2,25*6*2,150*16*2
872,25118.5,2826,1,0,0.0857495,0.542875,2,25*6*2,150*16*2
873,12521.5,2826,1,0,0.172016,0.586008,2,25*6*2,150*16*2
874,12504.5,2826,1,0,0.17225,0.586125,2,25*6*2,150*16*2
875,12603.5,2826,1,0,0.170897,0.585448,2,25*6*2,150*16*2
876,15813.8,2825,1,0,0.136204,0.568102,2,25*6*2,150*16*2
877,12686.7,2826,1,0,0.169776,0.584888,2,25*6*2,150*16*2
878,12541.5,2826,1,0,0.171742,0.585871,2,25*6*2,150*16*2
879,15851,2826,1,0,0.135884,0.567942,2,25*6*2,150*16*2
880,12591.9,2825,1,0,0.171054,0.585527,2,25*6*2,150*16*2
881,10071.4,2826,1,0,0.213863,0.606932,2,25*6*2,150*16*2
882,12672.7,2826,1,0,0.169964,0.584982,2,25*6*2,150*16*2
883,16055.1,2826,1,0,0.134157,0.567078,2,25*6*2,150*16*2
884,15675.6,2826,1,0,0.137405,0.568702,2,25*6*2,150*16*2
885,4975.34,2825,1,0,0.432915,0.716458,2,25*6*2,150*16*2
886,16012.6,2826,1,0,0.134513,0.567256,2,25*6*2,150*16*2
887,3930.27,2826,1,0,0.548029,0.774014,2,25*6*2,150*16*2
888,0,0,0,0,0,0,0,0*0*0,0*0*0
889,39.6493,0,0,0,0,0,0,0*0*0,0*0*0
890,323.676,0,0,0,0,0,0,0*0*0,0*0*0
891,286.116,0,0,0,0,0,0,0*0*0,0*0*0
892,137.294,0,0,0,0,0,0,0*0*0,0*0*0
893,374.106,0,0,0,0,0,0,0*0*0,0*0*0
894,1946.18,2539,1,0,0.692022,0.846011,1,25*6*2,150*16*1
895,786.344,0,0,0,0,0,0,0*0*0,0*0*0
896,9996.24,2826,1,0,0.215471,0.607736,2,25*6*2,150*16*2
897,1604.53,0,0,0,0,0,0,0*0*0,0*0*0
898,19903,2825,1,0,0.10822,0.55411,2,25*6*2,150*16*2
899,19903.1,2826,1,0,0.108219,0.55411,2,25*6*2,150*16*2
900,12648.7,2826,1,0,0.170286,0.585143,2,25*6*2,150*16*2
901,2009.44,2539,1,0,0.670236,0.835118,1,25*6*2,150*16*1
902,8550.78,2826,1,0,0.251895,0.625948,2,25*6*2,150*16*2
903,15960.2,2826,1,0,0.134954,0.567477,2,25*6*2,150*16*2
904,16035.6,2825,1,0,0.13432,0.56716,2,25*6*2,150*16*2
905,20384.8,2826,1,0,0.105662,0.552831,2,25*6*2,150*16*2
906,12818.2,2826,1,0,0.168035,0.584017,2,25*6*2,150*16*2
907,1988.5,2539,1,0,0.677294,0.838647,1,25*6*2,150*16*1
908,0,0,0,0,0,0,0,0*0*0,0*0*0
909,220.302,0,0,0,0,0,0,0*0*0,0*0*0
910,258.668,0,0,0,0,0,0,0*0*0,0*0*0
911,1919.11,2539,1,0,0.701784,0.850892,1,25*6*2,150*16*1
912,0,0,0,0,0,0,0,0*0*0,0*0*0
913,410.292,0,0,0,0,0,0,0*0*0,0*0*0
914,268.432,0,0,0,0,0,0,0*0*0,0*0*0
915,250.284,0,0,0,0,0,0,0*0*0,0*0*0
916,211.863,0,0,0,0,0,0,0*0*0,0*0*0
917,1252.69,0,0,0,0,0,0,0*0*0,0*0*0
918,1394.47,0,0,0,0,0,0,0*0*0,0*0*0
919,1340.18,0,0,0,0,0,0,0*0*0,0*0*0
920,420.786,0,0,0,0,0,0,0*0*0,0*0*0
921,37.7889,0,0,0,0,0,0,0*0*0,0*0*0
922,838.96,0,0,0,0,0,0,0*0*0,0*0*0
923,0,0,0,0,0,0,0,0*0*0,0*0*0
924,619.971,0,0,0,0,0,0,0*0*0,0*0*0
925,133.837,0,0,0,0,0,0,0*0*0,0*0*0
926,159.273,0,0,0,0,0,0,0*0*0,0*0*0
927,133.972,0,0,0,0,0,0,0*0*0,0*0*0
928,0,0,0,0,0,0,0,0*0*0,0*0*0
929,0,0,0,0,0,0,0,0*0*0,0*0*0
930,0,0,0,0,0,0,0,0*0*0,0*0*0
931,179.938,0,0,0,0,0,0,0*0*0,0*0*0
932,0,0,0,0,0,0,0,0*0*0,0*0*0
933,287.714,0,0,0,0,0,0,0*0*0,0*0*0
934,0,0,0,0,0,0,0,0*0*0,0*0*0
935,112.788,0,0,0,0,0,0,0*0*0,0*0*0
936,511.939,0,0,0,0,0,0,0*0*0,0*0*0
937,516.596,0,0,0,0,0,0,0*0*0,0*0*0
938,0,0,0,0,0,0,0,0*0*0,0*0*0
939,525.734,0,0,0,0,0,0,0*0*0,0*0*0
940,444.004,0,0,0,0,0,0,0*0*0,0*0*0
941,256.307,0,0,0,0,0,0,0*0*0,0*0*0
942,199.133,0,0,0,0,0,0,0*0*0,0*0*0
943,399.806,0,0,0,0,0,0,0*0*0,0*0*0
944,202.294,0,0,0,0,0,0,0*0*0,0*0*0
945,160.39,0,0,0,0,0,0,0*0*0,0*0*0
946,0,0,0,0,0,0,0,0*0*0,0*0*0
947,39.7743,0,0,0,0,0,0,0*0*0,0*0*0
948,383.87,0,0,0,0,0,0,0*0*0,0*0*0
949,334.73,0,0,0,0,0,0,0*0*0,0*0*0
950,184.398,0,0,0,0,0,0,0*0*0,0*0*0
951,477.221,0,0,0,0,0,0,0*0*0,0*0*0
952,380.29,0,0,0,0,0,0,0*0*0,0*0*0
953,114.606,0,0,0,0,0,0,0*0*0,0*0*0
954,455.777,0,0,0,0,0,0,0*0*0,0*0*0
955,0,0,0,0,0,0,0,0*0*0,0*0*0
956,194.659,0,0,0,0,0,0,0*0*0,0*0*0
957,642.644,0,0,0,0,0,0,0*0*0,0*0*0
958,569.736,0,0,0,0,0,0,0*0*0,0*0*0
959,933.013,0,0,0,0,0,0,0*0*0,0*0*0
960,3270.48,2826,1,0,0.658588,0.829294,2,25*6*2,150*16*2
961,5267.75,2825,1,0,0.408884,0.704442,2,25*6*2,150*16*2
962,16064.1,2826,1,0,0.134082,0.567041,2,25*6*2,150*16*2
963,6099.28,2826,1,0,0.35314,0.67657,2,25*6*2,150*16*2
964,15922,2826,1,0,0.135278,0.567639,2,25*6*2,150*16*2
965,635.949,0,0,0,0,0,0,0*0*0,0*0*0
966,10255.7,2826,1,0,0.21002,0.60501,2,25*6*2,150*16*2
967,8178.02,2825,1,0,0.263377,0.631688,2,25*6*2,150*16*2
968,1405.63,0,0,0,0,0,0,0*0*0,0*0*0
969,16225,2826,1,0,0.132752,0.566376,2,25*6*2,150*16*2
970,2462.33,2539,1,0,0.546962,0.773481,1,25*6*2,150*16*1
971,20207.4,2826,1,0,0.10659,0.553295,2,25*6*2,150*16*2
972,12753.8,2826,1,0,0.168883,0.584441,2,25*6*2,150*16*2
973,3348.91,2825,1,0,0.643164,0.821582,2,25*6*2,150*16*2
974,3195.33,2538,0,0,0.42149,0.710745,1,25*6*2,150*16*1
975,4101.85,2826,1,0,0.525105,0.762552,2,25*6*2,150*16*2
976,2781.98,2539,1,0,0.484116,0.742058,1,25*6*2,150*16*1
977,3406.06,2826,1,0,0.632373,0.816186,2,25*6*2,150*16*2
978,1731.23,2539,1,0,0.777944,0.888972,1,25*6*2,150*16*1
979,1395.09,0,0,0,0,0,0,0*0*0,0*0*0
980,1915.88,2539,1,0,0.702967,0.851483,1,25*6*2,150*16*1
981,2506.04,2539,1,0,0.537422,0.768711,1,25*6*2,150*16*1
982,3609.8,2826,1,0,0.596681,0.798341,2,25*6*2,150*16*2
983,4171.75,2825,1,0,0.516306,0.758153,2,25*6*2,150*16*2
984,12876.6,2826,1,0,0.167272,0.583636,2,25*6*2,150*16*2
985,1224.9,0,0,0,0,0,0,0*0*0,0*0*0
986,2154.42,2539,1,0,0.625133,0.812567,1,25*6*2,150*16*1
987,2801.71,2539,1,0,0.480706,0.740353,1,25*6*2,150*16*1
988,6306.45,2826,1,0,0.341539,0.67077,2,25*6*2,150*16*2
989,2393.03,2539,1,0,0.562801,0.781401,1,25*6*2,150*16*1
990,926.941,0,0,0,0,0,0,0*0*0,0*0*0
991,786.117,0,0,0,0,0,0,0*0*0,0*0*0
992,620.397,0,0,0,0,0,0,0*0*0,0*0*0
993,479.538,0,0,0,0,0,0,0*0*0,0*0*0
994,772.404,0,0,0,0,0,0,0*0*0,0*0*0
995,1354.52,0,0,0,0,0,0,0*0*0,0*0*0
996,785.664,0,0,0,0,0,0,0*0*0,0*0*0
997,775.993,0,0,0,0,0,0,0*0*0,0*0*0
998,2702.1,2539,1,0,0.498427,0.749214,1,25*6*2,150*16*1
999,1786.88,2539,1,0,0.753716,0.876858,1,25*6*2,150*16*1
1000,2377.59,2539,1,0,0.566456,0.783228,1,25*6*2,150*16*1
1001,2133.84,2538,1,0,0.631163,0.815581,1,25*6*2,150*16*1
1002,3306.5,2825,0,0,0.651414,0.825707,2,25*6*2,150*16*2
1003,3370.86,2826,1,0,0.638976,0.819488,2,25*6*2,150*16*2
1004,2744.73,2539,1,0,0.490686,0.745343,1,25*6*2,150*16*1
1005,15955.2,2826,1,0,0.134997,0.567498,2,25*6*2,150*16*2
1006,15959.7,2826,1,0,0.134959,0.567479,2,25*6*2,150*16*2
1007,20655,2825,1,0,0.10428,0.55214,2,25*6*2,150*16*2
1008,5425.21,2826,1,0,0.397017,0.698508,2,25*6*2,150*16*2
1009,5342.3,2826,1,0,0.403178,0.701589,2,25*6*2,150*16*2
1010,15888.2,2826,1,0,0.135566,0.567783,2,25*6*2,150*16*2
1011,6130.27,2826,1,0,0.351355,0.675677,2,25*6*2,150*16*2
1012,6214.67,2825,1,0,0.346583,0.673292,2,25*6*2,150*16*2
1013,6138.53,2826,1,0,0.350882,0.675441,2,25*6*2,150*16*2
1014,15960.9,2826,1,0,0.134949,0.567474,2,25*6*2,150*16*2
1015,16004.3,2826,1,0,0.134583,0.567291,2,25*6*2,150*16*2
1016,9976.83,2826,1,0,0.21589,0.607945,2,25*6*2,150*16*2
1017,7753.92,2825,1,0,0.277782,0.638891,2,25*6*2,150*16*2
1018,16528.8,2826,1,0,0.130312,0.565156,2,25*6*2,150*16*2
1019,7954,2826,1,0,0.270795,0.635397,2,25*6*2,150*16*2
1020,13009.8,2826,1,0,0.16556,0.58278,2,25*6*2,150*16*2
1021,7965.84,2826,1,0,0.270392,0.635196,2,25*6*2,150*16*2
1022,8230.74,2825,1,0,0.26169,0.630845,2,25*6*2,150*16*2
1023,8016.68,2826,1,0,0.268677,0.634339,2,25*6*2,150*16*2
1024,7595.88,2826,1,0,0.283562,0.641781,2,25*6*2,150*16*2
1025,7886.1,2826,1,0,0.273126,0.636563,2,25*6*2,150*16*2
1026,10368.9,2826,1,0,0.207727,0.603863,2,25*6*2,150*16*2
1027,6671.46,2825,1,0,0.322853,0.661426,2,25*6*2,150*16*2
1028,8184.97,2826,1,0,0.263153,0.631577,2,25*6*2,150*16*2
1029,6364.07,2826,1,0,0.338447,0.669223,2,25*6*2,150*16*2
1030,5420.74,2826,1,0,0.397344,0.698672,2,25*6*2,150*16*2
1031,2013.1,2539,1,0,0.669018,0.834509,1,25*6*2,150*16*1
1032,1615.65,2539,1,0,0.833596,0.916798,1,25*6*2,150*16*1
1033,2156.01,2538,1,0,0.624672,0.812336,1,25*6*2,150*16*1
1034,2706.48,2539,1,0,0.497621,0.74881,1,25*6*2,150*16*1
1035,5334.62,2826,1,0,0.403759,0.701879,2,25*6*2,150*16*2
1036,5601.31,2826,1,0,0.384535,0.692268,2,25*6*2,150*16*2
1037,19868.8,2826,1,0,0.108406,0.554203,2,25*6*2,150*16*2
1038,3333.67,2826,1,0,0.646105,0.823052,2,25*6*2,150*16*2
1039,6387.88,2825,1,0,0.337185,0.668593,2,25*6*2,150*16*2
1040,19760.4,2826,1,0,0.109001,0.5545,2,25*6*2,150*16*2
1041,12568.3,2826,1,0,0.171376,0.585688,2,25*6*2,150*16*2
1042,13024.6,2826,1,0,0.165372,0.582686,2,25*6*2,150*16*2
1043,6430.29,2825,1,0,0.334962,0.667481,2,25*6*2,150*16*2
1044,12683.8,2826,1,0,0.169815,0.584908,2,25*6*2,150*16*2
1045,12626.6,2826,1,0,0.170584,0.585292,2,25*6*2,150*16*2
1046,8119.78,2826,1,0,0.265266,0.632633,2,25*6*2,150*16*2
1047,2205.53,2539,1,0,0.610647,0.805323,1,25*6*2,150*16*1
1048,724.299,0,0,0,0,0,0,0*0*0,0*0*0
1049,0,0,0,0,0,0,0,0*0*0,0*0*0
1050,25.1509,0,0,0,0,0,0,0*0*0,0*0*0
1051,0,0,0,0,0,0,0,0*0*0,0*0*0
1052,246.955,0,0,0,0,0,0,0*0*0,0*0*0
1053,426.72,0,0,0,0,0,0,0*0*0,0*0*0
1054,863.721,0,0,0,0,0,0,0*0*0,0*0*0
1055,899.918,0,0,0,0,0,0,0*0*0,0*0*0
1056,247.535,0,0,0,0,0,0,0*0*0,0*0*0
1057,278.249,0,0,0,0,0,0,0*0*0,0*0*0
1058,1194.92,0,0,0,0,0,0,0*0*0,0*0*0
1059,1681.84,2539,1,0,0.80079,0.900395,1,25*6*2,150*16*1
1060,2331.17,2539,1,0,0.577736,0.788868,1,25*6*2,150*16*1
1061,3737.62,2825,1,0,0.576276,0.788138,2,25*6*2,150*16*2
1062,5099.09,2826,1,0,0.422409,0.711204,2,25*6*2,150*16*2
1063,6418.42,2826,1,0,0.335581,0.667791,2,25*6*2,150*16*2
1064,4401.39,2826,1,0,0.489368,0.744684,2,25*6*2,150*16*2
1065,1635.25,2539,1,0,0.823605,0.911802,1,25*6*2,150*16*1
1066,2003.8,2539,1,0,0.672123,0.836061,1,25*6*2,150*16*1
1067,750.34,0,0,0,0,0,0,0*0*0,0*0*0
1068,1773.28,2539,1,0,0.759497,0.879748,1,25*6*2,150*16*1
1069,156.401,0,0,0,0,0,0,0*0*0,0*0*0
1070,156.04,0,0,0,0,0,0,0*0*0,0*0*0
1071,1197.18,0,0,0,0,0,0,0*0*0,0*0*0
1072,326.605,0,0,0,0,0,0,0*0*0,0*0*0
1073,0,0,0,0,0,0,0,0*0*0,0*0*0
1074,364.721,0,0,0,0,0,0,0*0*0,0*0*0
1075,0,0,0,0,0,0,0,0*0*0,0*0*0
1076,67.8955,0,0,0,0,0,0,0*0*0,0*0*0
1077,788.052,0,0,0,0,0,0,0*0*0,0*0*0
1078,550.291,0,0,0,0,0,0,0*0*0,0*0*0
1079,308.581,0,0,0,0,0,0,0*0*0,0*0*0
1080,820.76,0,0,0,0,0,0,0*0*0,0*0*0
1081,398.31,0,0,0,0,0,0,0*0*0,0*0*0
1082,428.809,0,0,0,0,0,0,0*0*0,0*0*0
1083,651.546,0,0,0,0,0,0,0*0*0,0*0*0
1084,3172.24,2539,1,0,0.424558,0.712279,1,25*6*2,150*16*1
1085,4962.98,2825,1,0,0.433993,0.716997,2,25*6*2,150*16*2
1086,5568.25,2826,1,0,0.386818,0.693409,2,25*6*2,150*16*2
1087,1590.81,0,0,0,0,0,0,0*0*0,0*0*0
1088,16159.7,2826,1,0,0.133288,0.566644,2,25*6*2,150*16*2
1089,1950.3,2539,1,0,0.69056,0.84528,1,25*6*2,150*16*1
1090,19838.6,2826,1,0,0.108571,0.554286,2,25*6*2,150*16*2
1091,2630.83,2539,1,0,0.51193,0.755965,1,25*6*2,150*16*1
1092,2528.28,2538,1,0,0.532694,0.766347,1,25*6*2,150*16*1
1093,3054.01,2539,1,0,0.440994,0.720497,1,25*6*2,150*16*1
1094,4199.5,2826,1,0,0.512894,0.756447,2,25*6*2,150*16*2
1095,3302.78,2826,1,0,0.652148,0.826074,2,25*6*2,150*16*2
1096,3281.65,2826,1,0,0.656347,0.828173,2,25*6*2,150*16*2
1097,2165.35,2539,1,0,0.621978,0.810989,1,25*6*2,150*16*1
1098,3821.95,2825,1,0,0.56356,0.78178,2,25*6*2,150*16*2
1099,4569.44,2826,1,0,0.471371,0.735685,2,25*6*2,150*16*2
1100,3668.78,2826,1,0,0.587089,0.793544,2,25*6*2,150*16*2
1101,2887.04,2539,1,0,0.466499,0.733249,1,25*6*2,150*16*1
1102,4901.31,2826,1,0,0.439454,0.719727,2,25*6*2,150*16*2
1103,4510.21,2825,1,0,0.477561,0.73878,2,25*6*2,150*16*2
1104,4370.18,2826,1,0,0.492863,0.746431,2,25*6*2,150*16*2
1105,2902.86,2539,1,0,0.463956,0.731978,1,25*6*2,150*16*1
1106,1819.17,2539,1,0,0.740338,0.870169,1,25*6*2,150*16*1
1107,3435.4,2826,1,0,0.626972,0.813486,2,25*6*2,150*16*2
1108,3967.11,2826,1,0,0.542939,0.77147,2,25*6*2,150*16*2
1109,3914.97,2825,1,0,0.55017,0.775085,2,25*6*2,150*16*2
1110,2827.38,2538,0,0,0.476342,0.738171,1,25*6*2,150*16*1
1111,3907.26,2826,1,0,0.551256,0.775628,2,25*6*2,150*16*2
1112,6775.53,2826,1,0,0.317894,0.658947,2,25*6*2,150*16*2
1113,5443.63,2826,1,0,0.395673,0.697837,2,25*6*2,150*16*2
1114,5467.13,2826,1,0,0.393973,0.696986,2,25*6*2,150*16*2
1115,2498.17,2538,1,0,0.539115,0.769557,1,25*6*2,150*16*1
1116,1894.11,2539,1,0,0.711046,0.855523,1,25*6*2,150*16*1
1117,290.829,0,0,0,0,0,0,0*0*0,0*0*0
1118,1952.92,2539,1,0,0.689634,0.844817,1,25*6*2,150*16*1
1119,96.1519,0,0,0,0,0,0,0*0*0,0*0*0
1120,368.004,0,0,0,0,0,0,0*0*0,0*0*0
1121,440.451,0,0,0,0,0,0,0*0*0,0*0*0
1122,296.632,0,0,0,0,0,0,0*0*0,0*0*0
1123,970.644,0,0,0,0,0,0,0*0*0,0*0*0
1124,1209.3,0,0,0,0,0,0,0*0*0,0*0*0
1125,564.389,0,0,0,0,0,0,0*0*0,0*0*0
1126,2357.33,2539,1,0,0.571324,0.785662,1,25*6*2,150*16*1
1127,1510.92,0,0,0,0,0,0,0*0*0,0*0*0
1128,1329.15,0,0,0,0,0,0,0*0*0,0*0*0
1129,203.793,0,0,0,0,0,0,0*0*0,0*0*0
1130,385.012,0,0,0,0,0,0,0*0*0,0*0*0
1131,957.99,0,0,0,0,0,0,0*0*0,0*0*0
1132,0,0,0,0,0,0,0,0*0*0,0*0*0
1133,638.217,0,0,0,0,0,0,0*0*0,0*0*0
1134,0,0,0,0,0,0,0,0*0*0,0*0*0
1135,656.224,0,0,0,0,0,0,0*0*0,0*0*0
1136,222.293,0,0,0,0,0,0,0*0*0,0*0*0
1137,315.798,0,0,0,0,0,0,0*0*0,0*0*0
1138,7.51072,0,0,0,0,0,0,0*0*0,0*0*0
1139,168.618,0,0,0,0,0,0,0*0*0,0*0*0
1140,71.0135,0,0,0,0,0,0,0*0*0,0*0*0
1141,178.865,0,0,0,0,0,0,0*0*0,0*0*0
1142,360.485,0,0,0,0,0,0,0*0*0,0*0*0
1143,34.11,0,0,0,0,0,0,0*0*0,0*0*0
1144,1061.97,0,0,0,0,0,0,0*0*0,0*0*0
1145,629.909,0,0,0,0,0,0,0*0*0,0*0*0
1146,264.813,0,0,0,0,0,0,0*0*0,0*0*0
1147,1557.56,0,0,0,0,0,0,0*0*0,0*0*0
1148,2404.24,2539,1,0,0.560177,0.780089,1,25*6*2,150*16*1
1149,2062.99,2539,1,0,0.652839,0.826419,1,25*6*2,150*16*1
1150,3109.99,2539,1,0,0.433056,0.716528,1,25*6*2,150*16*1
1151,15910.2,2826,1,0,0.135379,0.567689,2,25*6*2,150*16*2
1152,20172.3,2826,1,0,0.106775,0.553388,2,25*6*2,150*16*2
1153,15983.5,2825,1,0,0.134758,0.567379,2,25*6*2,150*16*2
1154,15664.6,2826,1,0,0.137501,0.568751,2,25*6*2,150*16*2
1155,20214.3,2826,1,0,0.106553,0.553277,2,25*6*2,150*16*2
1156,12884.5,2826,1,0,0.16717,0.583585,2,25*6*2,150*16*2
1157,16423.4,2826,1,0,0.131148,0.565574,2,25*6*2,150*16*2
1158,24982.2,2825,1,0,0.0862174,0.543109,2,25*6*2,150*16*2
1159,19674.5,2826,1,0,0.109477,0.554738,2,25*6*2,150*16*2
1160,16063,2826,1,0,0.134091,0.567045,2,25*6*2,150*16*2
1161,16146.7,2826,1,0,0.133396,0.566698,2,25*6*2,150*16*2
1162,16246.1,2826,1,0,0.13258,0.56629,2,25*6*2,150*16*2
1163,19988.8,2825,1,0,0.107755,0.553878,2,25*6*2,150*16*2
1164,10249.2,2826,1,0,0.210153,0.605076,2,25*6*2,150*16*2
1165,20291.2,2826,1,0,0.106149,0.553075,2,25*6*2,150*16*2
1166,25090.2,2826,1,0,0.0858463,0.542923,2,25*6*2,150*16*2
1167,15580.9,2826,1,0,0.13824,0.56912,2,25*6*2,150*16*2
1168,12581.9,2825,1,0,0.17119,0.585595,2,25*6*2,150*16*2
1169,15933.2,2826,1,0,0.135183,0.567592,2,25*6*2,150*16*2
1170,25353,2826,1,0,0.0849564,0.542478,2,25*6*2,150*16*2
1171,20369.1,2826,1,0,0.105744,0.552872,2,25*6*2,150*16*2
1172,25287.9,2825,1,0,0.0851751,0.542588,2,25*6*2,150*16*2
1173,12482.2,2826,1,0,0.172558,0.586279,2,25*6*2,150*16*2
1174,12813.4,2826,1,0,0.168097,0.584049,2,25*6*2,150*16*2
1175,12682.1,2826,1,0,0.169838,0.584919,2,25*6*2,150*16*2
1176,16263.9,2826,1,0,0.132434,0.566217,2,25*6*2,150*16*2
1177,12351.7,2825,1,0,0.174381,0.58719,2,25*6*2,150*16*2
1178,12396.3,2826,1,0,0.173753,0.586877,2,25*6*2,150*16*2
1179,16038.6,2826,1,0,0.134295,0.567147,2,25*6*2,150*16*2
1180,12756.1,2826,1,0,0.168853,0.584426,2,25*6*2,150*16*2
1181,10539.9,2826,1,0,0.204357,0.602178,2,25*6*2,150*16*2
1182,12904.9,2825,1,0,0.166906,0.583453,2,25*6*2,150*16*2
1183,15769.7,2826,1,0,0.136585,0.568292,2,25*6*2,150*16*2
1184,16219.7,2826,1,0,0.132795,0.566398,2,25*6*2,150*16*2
1185,5168.01,2826,1,0,0.416776,0.708388,2,25*6*2,150*16*2
1186,16291.9,2825,1,0,0.132207,0.566103,2,25*6*2,150*16*2
1187,3660.29,2826,1,0,0.588451,0.794225,2,25*6*2,150*16*2
1188,0,0,0,0,0,0,0,0*0*0,0*0*0
1189,446.643,0,0,0,0,0,0,0*0*0,0*0*0
1190,132.942,0,0,0,0,0,0,0*0*0,0*0*0
1191,252.873,0,0,0,0,0,0,0*0*0,0*0*0
1192,139.665,0,0,0,0,0,0,0*0*0,0*0*0
1193,609.431,0,0,0,0,0,0,0*0*0,0*0*0
1194,2219.08,2539,1,0,0.606918,0.803459,1,25*6*2,150*16*1
1195,1083.48,0,0,0,0,0,0,0*0*0,0*0*0
1196,10164.8,2826,1,0,0.211898,0.605949,2,25*6*2,150*16*2
1197,1574.6,0,0,0,0,0,0,0*0*0,0*0*0
1198,19668.5,2826,1,0,0.10951,0.554755,2,25*6*2,150*16*2
1199,20107.9,2826,1,0,0.107117,0.553559,2,25*6*2,150*16*2
1200,12873.6,2825,1,0,0.167311,0.583656,2,25*6*2,150*16*2
1201,1749.48,2539,1,0,0.769829,0.884914,1,25*6*2,150*16*1
1202,7907.71,2826,1,0,0.27238,0.63619,2,25*6*2,150*16*2
1203,15741.3,2826,1,0,0.136831,0.568416,2,25*6*2,150*16*2
1204,15797.1,2826,1,0,0.136348,0.568174,2,25*6*2,150*16*2
1205,20412.9,2825,1,0,0.105517,0.552758,2,25*6*2,150*16*2
1206,12576.5,2826,1,0,0.171264,0.585632,2,25*6*2,150*16*2
1207,1604.29,0,0,0,0,0,0,0*0*0,0*0*0
1208,0,0,0,0,0,0,0,0*0*0,0*0*0
1209,0,0,0,0,0,0,0,0*0*0,0*0*0
1210,117.469,0,0,0,0,0,0,0*0*0,0*0*0
1211,1984.46,2539,1,0,0.678673,0.839337,1,25*6*2,150*16*1
1212,730.274,0,0,0,0,0,0,0*0*0,0*0*0
1213,0,0,0,0,0,0,0,0*0*0,0*0*0
1214,629.57,0,0,0,0,0,0,0*0*0,0*0*0
1215,499.701,0,0,0,0,0,0,0*0*0,0*0*0
1216,293.91,0,0,0,0,0,0,0*0*0,0*0*0
1217,1159.71,0,0,0,0,0,0,0*0*0,0*0*0
1218,1855.64,2539,1,0,0.725787,0.862894,1,25*6*2,150*16*1
1219,1319.5,0,0,0,0,0,0,0*0*0,0*0*0
1220,229.153,0,0,0,0,0,0,0*0*0,0*0*0
1221,700.68,0,0,0,0,0,0,0*0*0,0*0*0
1222,821.165,0,0,0,0,0,0,0*0*0,0*0*0
1223,250.186,0,0,0,0,0,0,0*0*0,0*0*0
1224,376.987,0,0,0,0,0,0,0*0*0,0*0*0
1225,53.2052,0,0,0,0,0,0,0*0*0,0*0*0
1226,0,0,0,0,0,0,0,0*0*0,0*0*0
1227,341.432,0,0,0,0,0,0,0*0*0,0*0*0
1228,365.757,0,0,0,0,0,0,0*0*0,0*0*0
1229,390.202,0,0,0,0,0,0,0*0*0,0*0*0
1230,0,0,0,0,0,0,0,0*0*0,0*0*0
1231,0,0,0,0,0,0,0,0*0*0,0*0*0
1232,676.427,0,0,0,0,0,0,0*0*0,0*0*0
1233,211.906,0,0,0,0,0,0,0*0*0,0*0*0
1234,122.434,0,0,0,0,0,0,0*0*0,0*0*0
1235,220.302,0,0,0,0,0,0,0*0*0,0*0*0
1236,409.156,0,0,0,0,0,0,0*0*0,0*0*0
1237,365.359,0,0,0,0,0,0,0*0*0,0*0*0
1238,177.602,0,0,0,0,0,0,0*0*0,0*0*0
1239,169.182,0,0,0,0,0,0,0*0*0,0*0*0
1240,197.452,0,0,0,0,0,0,0*0*0,0*0*0
1241,0,0,0,0,0,0,0,0*0*0,0*0*0
1242,479.775,0,0,0,0,0,0,0*0*0,0*0*0
1243,448.027,0,0,0,0,0,0,0*0*0,0*0*0
1244,330.691,0,0,0,0,0,0,0*0*0,0*0*0
1245,357.704,0,0,0,0,0,0,0*0*0,0*0*0
1246,555.876,0,0,0,0,0,0,0*0*0,0*0*0
1247,547.3,0,0,0,0,0,0,0*0*0,0*0*0
1248,336.133,0,0,0,0,0,0,0*0*0,0*0*0
1249,12.3406,0,0,0,0,0,0,0*0*0,0*0*0
1250,94.4406,0,0,0,0,0,0,0*0*0,0*0*0
1251,461.186,0,0,0,0,0,0,0*0*0,0*0*0
1252,0,0,0,0,0,0,0,0*0*0,0*0*0
1253,225.233,0,0,0,0,0,0,0*0*0,0*0*0
1254,94.3636,0,0,0,0,0,0,0*0*0,0*0*0
1255,343.261,0,0,0,0,0,0,0*0*0,0*0*0
1256,606.955,0,0,0,0,0,0,0*0*0,0*0*0
1257,196.357,0,0,0,0,0,0,0*0*0,0*0*0
1258,393.63,0,0,0,0,0,0,0*0*0,0*0*0
1259,1167.01,0,0,0,0,0,0,0*0*0,0*0*0
1260,2856.76,2539,1,0,0.471443,0.735722,1,25*6*2,150*16*1
1261,5307.31,2826,1,0,0.405836,0.702918,2,25*6*2,150*16*2
1262,16083.4,2826,1,0,0.133921,0.56696,2,25*6*2,150*16*2
1263,6452.81,2825,1,0,0.333793,0.666896,2,25*6*2,150*16*2
1264,16334.4,2826,1,0,0.131863,0.565931,2,25*6*2,150*16*2
1265,788.606,0,0,0,0,0,0,0*0*0,0*0*0
1266,10570.4,2826,1,0,0.203767,0.601884,2,25*6*2,150*16*2
1267,7903.32,2826,1,0,0.272531,0.636266,2,25*6*2,150*16*2
1268,1585.11,0,0,0,0,0,0,0*0*0,0*0*0
1269,16082.3,2826,1,0,0.13393,0.566965,2,25*6*2,150*16*2
1270,2484.51,2539,1,0,0.542079,0.771039,1,25*6*2,150*16*1
1271,20410.6,2825,1,0,0.105528,0.552764,2,25*6*2,150*16*2
1272,12841.2,2826,1,0,0.167734,0.583867,2,25*6*2,150*16*2
1273,3096.52,2539,1,0,0.43494,0.71747,1,25*6*2,150*16*1
1274,3468.91,2826,1,0,0.620916,0.810458,2,25*6*2,150*16*2
1275,3898.94,2826,1,0,0.552432,0.776216,2,25*6*2,150*16*2
1276,2693.85,2539,1,0,0.499954,0.749977,1,25*6*2,150*16*1
1277,3249.73,2825,1,0,0.662794,0.831397,2,25*6*2,150*16*2
1278,1329.07,0,0,0,0,0,0,0*0*0,0*0*0
1279,1230.67,0,0,0,0,0,0,0*0*0,0*0*0
1280,1989.65,2538,0,0,0.676903,0.838451,1,25*6*2,150*16*1
1281,2858.78,2539,1,0,0.47111,0.735555,1,25*6*2,150*16*1
1282,3875.38,2826,1,0,0.555791,0.777895,2,25*6*2,150*16*2
1283,4334.48,2826,1,0,0.496922,0.748461,2,25*6*2,150*16*2
1284,12595.5,2826,1,0,0.171006,0.585503,2,25*6*2,150*16*2
1285,1221.06,0,0,0,0,0,0,0*0*0,0*0*0
1286,2057.81,2539,1,0,0.654482,0.827241,1,25*6*2,150*16*1
1287,2546.61,2539,1,0,0.52886,0.76443,1,25*6*2,150*16*1
1288,6811.99,2825,1,0,0.316192,0.658096,2,25*6*2,150*16*2
1289,2946.38,2539,1,0,0.457103,0.728552,1,25*6*2,150*16*1
1290,1447.18,0,0,0,0,0,0,0*0*0,0*0*0
1291,334.69,0,0,0,0,0,0,0*0*0,0*0*0
1292,1385.94,0,0,0,0,0,0,0*0*0,0*0*0
1293,795.325,0,0,0,0,0,0,0*0*0,0*0*0
1294,878.578,0,0,0,0,0,0,0*0*0,0*0*0
1295,1488.51,0,0,0,0,0,0,0*0*0,0*0*0
1296,841.806,0,0,0,0,0,0,0*0*0,0*0*0
1297,744.788,0,0,0,0,0,0,0*0*0,0*0*0
1298,2529.38,2539,1,0,0.532463,0.766231,1,25*6*2,150*16*1
1299,2437.81,2539,1,0,0.552463,0.776232,1,25*6*2,150*16*1
1300,2235.11,2539,1,0,0.602565,0.801283,1,25*6*2,150*16*1
1301,2138.39,2539,1,0,0.62982,0.81491,1,25*6*2,150*16*1
1302,3218.19,2539,1,0,0.418496,0.709248,1,25*6*2,150*16*1
1303,3108.55,2539,1,0,0.433257,0.716628,1,25*6*2,150*16*1
1304,2690.69,2539,1,0,0.500541,0.75027,1,25*6*2,150*16*1
1305,15963,2826,1,0,0.134931,0.567465,2,25*6*2,150*16*2
1306,16317.8,2826,1,0,0.131997,0.565998,2,25*6*2,150*16*2
1307,20157,2825,1,0,0.106856,0.553428,2,25*6*2,150*16*2
1308,5101.56,2826,1,0,0.422204,0.711102,2,25*6*2,150*16*2
1309,4844.47,2826,1,0,0.44461,0.722305,2,25*6*2,150*16*2
1310,16292.9,2826,1,0,0.132199,0.566099,2,25*6*2,150*16*2
1311,6272.56,2826,1,0,0.343385,0.671692,2,25*6*2,150*16*2
1312,6696.27,2825,1,0,0.321657,0.660828,2,25*6*2,150*16*2
1313,6429.27,2826,1,0,0.335015,0.667507,2,25*6*2,150*16*2
1314,16146.6,2826,1,0,0.133397,0.566698,2,25*6*2,150*16*2
1315,16208.6,2826,1,0,0.132886,0.566443,2,25*6*2,150*16*2
1316,10514.6,2826,1,0,0.204848,0.602424,2,25*6*2,150*16*2
1317,7880.82,2825,1,0,0.273309,0.636655,2,25*6*2,150*16*2
1318,15982.9,2826,1,0,0.134763,0.567381,2,25*6*2,150*16*2
1319,8189.28,2826,1,0,0.263015,0.631507,2,25*6*2,150*16*2
1320,12786.9,2826,1,0,0.168446,0.584223,2,25*6*2,150*16*2
1321,8064.45,2825,1,0,0.267086,0.633543,2,25*6*2,150*16*2
1322,8084.63,2826,1,0,0.266419,0.63321,2,25*6*2,150*16*2
1323,7951.48,2826,1,0,0.27088,0.63544,2,25*6*2,150*16*2
1324,8123.31,2826,1,0,0.265151,0.632575,2,25*6*2,150*16*2
1325,7786.76,2826,1,0,0.276611,0.638305,2,25*6*2,150*16*2
1326,10294.7,2825,1,0,0.209224,0.604612,2,25*6*2,150*16*2
1327,6505.01,2826,1,0,0.331114,0.665557,2,25*6*2,150*16*2
1328,8232.59,2826,1,0,0.261631,0.630815,2,25*6*2,150*16*2
1329,6471.99,2826,1,0,0.332803,0.666402,2,25*6*2,150*16*2
1330,5101.35,2826,1,0,0.422222,0.711111,2,25*6*2,150*16*2
1331,1839.91,2538,1,0,0.731992,0.865996,1,25*6*2,150*16*1
1332,1647.47,2539,1,0,0.817496,0.908748,1,25*6*2,150*16*1
1333,1923.75,2539,1,0,0.700091,0.850045,1,25*6*2,150*16*1
1334,2628.16,2539,1,0,0.51245,0.756225,1,25*6*2,150*16*1
1335,5339.56,2826,1,0,0.403385,0.701693,2,25*6*2,150*16*2
1336,5355.11,2826,1,0,0.402214,0.701107,2,25*6*2,150*16*2
1337,20476.9,2826,1,0,0.105187,0.552593,2,25*6*2,150*16*2
1338,3169.64,2539,1,0,0.424906,0.712453,1,25*6*2,150*16*1
1339,6038.78,2825,1,0,0.356678,0.678339,2,25*6*2,150*16*2
1340,20322.5,2826,1,0,0.105986,0.552993,2,25*6*2,150*16*2
1341,12668.6,2826,1,0,0.170019,0.585009,2,25*6*2,150*16*2
1342,12924.9,2826,1,0,0.166647,0.583324,2,25*6*2,150*16*2
1343,6479.19,2826,1,0,0.332434,0.666217,2,25*6*2,150*16*2
1344,12349.7,2825,1,0,0.174409,0.587205,2,25*6*2,150*16*2
1345,12571,2826,1,0,0.171339,0.585669,2,25*6*2,150*16*2
1346,8145.81,2826,1,0,0.264418,0.632209,2,25*6*2,150*16*2
1347,2241.64,2539,1,0,0.60081,0.800405,1,25*6*2,150*16*1
1348,917.595,0,0,0,0,0,0,0*0*0,0*0*0
1349,514.316,0,0,0,0,0,0,0*0*0,0*0*0
1350,279.225,0,0,0,0,0,0,0*0*0,0*0*0
1351,251.448,0,0,0,0,0,0,0*0*0,0*0*0
1352,490.149,0,0,0,0,0,0,0*0*0,0*0*0
1353,0,0,0,0,0,0,0,0*0*0,0*0*0
1354,477.558,0,0,0,0,0,0,0*0*0,0*0*0
1355,727.753,0,0,0,0,0,0,0*0*0,0*0*0
1356,454.081,0,0,0,0,0,0,0*0*0,0*0*0
1357,269.201,0,0,0,0,0,0,0*0*0,0*0*0
1358,1138.53,0,0,0,0,0,0,0*0*0,0*0*0
1359,1868.01,2539,1,0,0.720981,0.860491,1,25*6*2,150*16*1
1360,1878.69,2539,1,0,0.716883,0.858441,1,25*6*2,150*16*1
1361,4351.87,2826,1,0,0.494937,0.747468,2,25*6*2,150*16*2
1362,5137.31,2825,1,0,0.419266,0.709633,2,25*6*2,150*16*2
1363,6516.58,2826,1,0,0.330526,0.665263,2,25*6*2,150*16*2
1364,4148.49,2826,1,0,0.519201,0.7596,2,25*6*2,150*16*2
1365,1919.16,2539,1,0,0.701765,0.850883,1,25*6*2,150*16*1
1366,2291.86,2539,1,0,0.587645,0.793822,1,25*6*2,150*16*1
1367,635.905,0,0,0,0,0,0,0*0*0,0*0*0
1368,1605.99,0,0,0,0,0,0,0*0*0,0*0*0
1369,0,0,0,0,0,0,0,0*0*0,0*0*0
1370,394.356,0,0,0,0,0,0,0*0*0,0*0*0
1371,764.364,0,0,0,0,0,0,0*0*0,0*0*0
1372,97.7432,0,0,0,0,0,0,0*0*0,0*0*0
1373,284.984,0,0,0,0,0,0,0*0*0,0*0*0
1374,405.341,0,0,0,0,0,0,0*0*0,0*0*0
1375,351.245,0,0,0,0,0,0,0*0*0,0*0*0
1376,612.627,0,0,0,0,0,0,0*0*0,0*0*0
1377,465.018,0,0,0,0,0,0,0*0*0,0*0*0
1378,774.529,0,0,0,0,0,0,0*0*0,0*0*0
1379,491.655,0,0,0,0,0,0,0*0*0,0*0*0
1380,331.673,0,0,0,0,0,0,0*0*0,0*0*0
1381,335.808,0,0,0,0,0,0,0*0*0,0*0*0
1382,528.931,0,0,0,0,0,0,0*0*0,0*0*0
1383,1103.69,0,0,0,0,0,0,0*0*0,0*0*0
1384,3039.98,2539,1,0,0.443029,0.721515,1,25*6*2,150*16*1
1385,4830.47,2826,1,0,0.445899,0.722949,2,25*6*2,150*16*2
1386,5047.86,2825,1,0,0.426696,0.713348,2,25*6*2,150*16*2
1387,919.927,0,0,0,0,0,0,0*0*0,0*0*0
1388,16353,2826,1,0,0.131713,0.565856,2,25*6*2,150*16*2
1389,1969.53,2539,1,0,0.683818,0.841909,1,25*6*2,150*16*1
1390,19922,2826,1,0,0.108117,0.554058,2,25*6*2,150*16*2
1391,2572.53,2539,1,0,0.523531,0.761766,1,25*6*2,150*16*1
1392,2368.15,2539,1,0,0.568714,0.784357,1,25*6*2,150*16*1
1393,3029.44,2539,1,0,0.444571,0.722285,1,25*6*2,150*16*1
1394,4245.58,2826,1,0,0.507328,0.753664,2,25*6*2,150*16*2
1395,3524.73,2825,1,0,0.611082,0.805541,2,25*6*2,150*16*2
1396,3717.95,2826,1,0,0.579325,0.789662,2,25*6*2,150*16*2
1397,1866.6,2539,1,0,0.721526,0.860763,1,25*6*2,150*16*1
1398,4196.62,2826,1,0,0.513246,0.756623,2,25*6*2,150*16*2
1399,4252.37,2826,1,0,0.506518,0.753259,2,25*6*2,150*16*2
1400,3258.97,2825,1,0,0.660914,0.830457,2,25*6*2,150*16*2
1401,2545.55,2538,0,0,0.52908,0.76454,1,25*6*2,150*16*1
1402,5198.27,2826,1,0,0.414349,0.707175,2,25*6*2,150*16*2
1403,4229.66,2826,1,0,0.509237,0.754619,2,25*6*2,150*16*2
1404,3882.95,2826,1,0,0.554707,0.777354,2,25*6*2,150*16*2
1405,2558.77,2539,1,0,0.526347,0.763173,1,25*6*2,150*16*1
1406,2098.34,2539,1,0,0.641841,0.82092,1,25*6*2,150*16*1
1407,3593.33,2825,1,0,0.599416,0.799708,2,25*6*2,150*16*2
1408,4118.84,2826,1,0,0.522938,0.761469,2,25*6*2,150*16*2
1409,3963.86,2826,1,0,0.543384,0.771692,2,25*6*2,150*16*2
1410,2757.55,2539,1,0,0.488405,0.744202,1,25*6*2,150*16*1
1411,4291.01,2826,1,0,0.501956,0.750978,2,25*6*2,150*16*2
1412,6400.3,2826,1,0,0.336531,0.668266,2,25*6*2,150*16*2
1413,5004.05,2825,1,0,0.430431,0.715216,2,25*6*2,150*16*2
1414,5372.82,2826,1,0,0.400888,0.700444,2,25*6*2,150*16*2
1415,2660.59,2539,1,0,0.506204,0.753102,1,25*6*2,150*16*1
1416,1851.78,2539,1,0,0.7273,0.86365,1,25*6*2,150*16*1
1417,481.371,0,0,0,0,0,0,0*0*0,0*0*0
1418,2237.11,2539,1,0,0.602027,0.801013,1,25*6*2,150*16*1
1419,419.941,0,0,0,0,0,0,0*0*0,0*0*0
1420,298.642,0,0,0,0,0,0,0*0*0,0*0*0
1421,148.33,0,0,0,0,0,0,0*0*0,0*0*0
1422,330.182,0,0,0,0,0,0,0*0*0,0*0*0
1423,869.077,0,0,0,0,0,0,0*0*0,0*0*0
1424,1314.08,0,0,0,0,0,0,0*0*0,0*0*0
1425,937.923,0,0,0,0,0,0,0*0*0,0*0*0
1426,2193.99,2539,1,0,0.613859,0.806929,1,25*6*2,150*16*1
1427,1137.68,0,0,0,0,0,0,0*0*0,0*0*0
1428,1822.16,2539,1,0,0.739123,0.869561,1,25*6*2,150*16*1
1429,195.297,0,0,0,0,0,0,0*0*0,0*0*0
1430,287.654,0,0,0,0,0,0,0*0*0,0*0*0
1431,528.144,0,0,0,0,0,0,0*0*0,0*0*0
1432,0,0,0,0,0,0,0,0*0*0,0*0*0
1433,512.231,0,0,0,0,0,0,0*0*0,0*0*0
1434,0,0,0,0,0,0,0,0*0*0,0*0*0
1435,198.026,0,0,0,0,0,0,0*0*0,0*0*0
1436,367.489,0,0,0,0,0,0,0*0*0,0*0*0
1437,145.351,0,0,0,0,0,0,0*0*0,0*0*0
1438,299.787,0,0,0,0,0,0,0*0*0,0*0*0
1439,141.483,0,0,0,0,0,0,0*0*0,0*0*0
1440,471.944,0,0,0,0,0,0,0*0*0,0*0*0
1441,433.542,0,0,0,0,0,0,0*0*0,0*0*0
1442,34.5325,0,0,0,0,0,0,0*0*0,0*0*0
1443,541.878,0,0,0,0,0,0,0*0*0,0*0*0
1444,1378.08,0,0,0,0,0,0,0*0*0,0*0*0
1445,661.479,0,0,0,0,0,0,0*0*0,0*0*0
1446,70.2251,0,0,0,0,0,0,0*0*0,0*0*0
1447,1372.53,0,0,0,0,0,0,0*0*0,0*0*0
1448,2763.21,2539,1,0,0.487404,0.743702,1,25*6*2,150*16*1
1449,1565.86,0,0,0,0,0,0,0*0*0,0*0*0
1450,3412.79,2826,1,0,0.631126,0.815563,2,25*6*2,150*16*2
1451,15778.1,2825,1,0,0.136512,0.568256,2,25*6*2,150*16*2
1452,20407.9,2826,1,0,0.105542,0.552771,2,25*6*2,150*16*2
1453,16097.4,2826,1,0,0.133804,0.566902,2,25*6*2,150*16*2
1454,15842.8,2826,1,0,0.135955,0.567977,2,25*6*2,150*16*2
1455,20135.9,2825,1,0,0.106968,0.553484,2,25*6*2,150*16*2
1456,12913.9,2826,1,0,0.166789,0.583395,2,25*6*2,150*16*2
1457,16002,2826,1,0,0.134602,0.567301,2,25*6*2,150*16*2
1458,25152.1,2826,1,0,0.085635,0.542817,2,25*6*2,150*16*2
1459,20220.9,2826,1,0,0.106519,0.553259,2,25*6*2,150*16*2
1460,16137.7,2825,1,0,0.13347,0.566735,2,25*6*2,150*16*2
1461,16046.1,2826,1,0,0.134232,0.567116,2,25*6*2,150*16*2
1462,15309.3,2826,1,0,0.140692,0.570346,2,25*6*2,150*16*2
1463,20018.8,2826,1,0,0.107594,0.553797,2,25*6*2,150*16*2
1464,10464.9,2826,1,0,0.205821,0.602911,2,25*6*2,150*16*2
1465,20209.7,2825,1,0,0.106578,0.553289,2,25*6*2,150*16*2
1466,25351.4,2826,1,0,0.0849618,0.542481,2,25*6*2,150*16*2
1467,16058.4,2826,1,0,0.134129,0.567065,2,25*6*2,150*16*2
1468,12734,2826,1,0,0.169146,0.584573,2,25*6*2,150*16*2
1469,16410.2,2826,1,0,0.131254,0.565627,2,25*6*2,150*16*2
1470,25758.4,2825,1,0,0.0836193,0.54181,2,25*6*2,150*16*2
1471,20025.1,2826,1,0,0.10756,0.55378,2,25*6*2,150*16*2
1472,25345.6,2826,1,0,0.0849812,0.542491,2,25*6*2,150*16*2
1473,13080.6,2826,1,0,0.164664,0.582332,2,25*6*2,150*16*2
1474,12908.2,2825,1,0,0.166863,0.583431,2,25*6*2,150*16*2
1475,12888.1,2826,1,0,0.167123,0.583562,2,25*6*2,150*16*2
1476,15714.6,2826,1,0,0.137064,0.568532,2,25*6*2,150*16*2
1477,12460.4,2826,1,0,0.17286,0.58643,2,25*6*2,150*16*2
1478,12863.5,2826,1,0,0.167443,0.583721,2,25*6*2,150*16*2
1479,16175.5,2825,1,0,0.133158,0.566579,2,25*6*2,150*16*2
1480,12478.1,2826,1,0,0.172614,0.586307,2,25*6*2,150*16*2
1481,10013,2826,1,0,0.21511,0.607555,2,25*6*2,150*16*2
1482,12825.4,2826,1,0,0.16794,0.58397,2,25*6*2,150*16*2
1483,16405.3,2826,1,0,0.131293,0.565646,2,25*6*2,150*16*2
1484,15700.7,2825,1,0,0.137185,0.568592,2,25*6*2,150*16*2
1485,5212.19,2826,1,0,0.413243,0.706621,2,25*6*2,150*16*2
1486,16065.2,2826,1,0,0.134072,0.567036,2,25*6*2,150*16*2
1487,3982.07,2826,1,0,0.5409,0.77045,2,25*6*2,150*16*2
1488,71.3969,0,0,0,0,0,0,0*0*0,0*0*0
1489,404.066,0,0,0,0,0,0,0*0*0,0*0*0
1490,483.953,0,0,0,0,0,0,0*0*0,0*0*0
1491,484.355,0,0,0,0,0,0,0*0*0,0*0*0
1492,423.791,0,0,0,0,0,0,0*0*0,0*0*0
1493,623.869,0,0,0,0,0,0,0*0*0,0*0*0
1494,2267.57,2539,1,0,0.59394,0.79697,1,25*6*2,150*16*1
1495,774.219,0,0,0,0,0,0,0*0*0,0*0*0
1496,10293.6,2826,1,0,0.209247,0.604623,2,25*6*2,150*16*2
1497,1729.51,2538,1,0,0.778718,0.889359,1,25*6*2,150*16*1
1498,20213.3,2825,0,0,0.106559,0.553279,2,25*6*2,150*16*2
1499,20175.6,2826,1,0,0.106758,0.553379,2,25*6*2,150*16*2
1500,12976.8,2826,1,0,0.165981,0.58299,2,25*6*2,150*16*2
1501,1531.85,0,0,0,0,0,0,0*0*0,0*0*0
1502,7453.11,2826,1,0,0.288993,0.644497,2,25*6*2,150*16*2
1503,15652,2825,1,0,0.137612,0.568806,2,25*6*2,150*16*2
1504,15838.5,2826,1,0,0.135991,0.567996,2,25*6*2,150*16*2
1505,19061.9,2826,1,0,0.112995,0.556498,2,25*6*2,150*16*2
1506,12755.6,2826,1,0,0.168859,0.58443,2,25*6*2,150*16*2
1507,1574.17,0,0,0,0,0,0,0*0*0,0*0*0
1508,0,0,0,0,0,0,0,0*0*0,0*0*0
1509,101.877,0,0,0,0,0,0,0*0*0,0*0*0
1510,238.555,0,0,0,0,0,0,0*0*0,0*0*0
1511,1738.6,2539,1,0,0.774646,0.887323,1,25*6*2,150*16*1
1512,372.136,0,0,0,0,0,0,0*0*0,0*0*0
1513,245.24,0,0,0,0,0,0,0*0*0,0*0*0
1514,683.274,0,0,0,0,0,0,0*0*0,0*0*0
1515,0,0,0,0,0,0,0,0*0*0,0*0*0
1516,0,0,0,0,0,0,0,0*0*0,0*0*0
1517,1613.39,0,0,0,0,0,0,0*0*0,0*0*0
1518,2021.13,2539,1,0,0.66636,0.83318,1,25*6*2,150*16*1
1519,1740.61,2539,1,0,0.773752,0.886876,1,25*6*2,150*16*1
1520,0,0,0,0,0,0,0,0*0*0,0*0*0
1521,116.768,0,0,0,0,0,0,0*0*0,0*0*0
1522,166.356,0,0,0,0,0,0,0*0*0,0*0*0
1523,0,0,0,0,0,0,0,0*0*0,0*0*0
1524,620.212,0,0,0,0,0,0,0*0*0,0*0*0
1525,177.327,0,0,0,0,0,0,0*0*0,0*0*0
1526,253.856,0,0,0,0,0,0,0*0*0,0*0*0
1527,438.13,0,0,0,0,0,0,0*0*0,0*0*0
1528,0,0,0,0,0,0,0,0*0*0,0*0*0
1529,45.4251,0,0,0,0,0,0,0*0*0,0*0*0
1530,0,0,0,0,0,0,0,0*0*0,0*0*0
1531,0,0,0,0,0,0,0,0*0*0,0*0*0
1532,0,0,0,0,0,0,0,0*0*0,0*0*0
1533,150.62,0,0,0,0,0,0,0*0*0,0*0*0
1534,41.4484,0,0,0,0,0,0,0*0*0,0*0*0
1535,0,0,0,0,0,0,0,0*0*0,0*0*0
1536,0,0,0,0,0,0,0,0*0*0,0*0*0
1537,0,0,0,0,0,0,0,0*0*0,0*0*0
1538,0,0,0,0,0,0,0,0*0*0,0*0*0
1539,262.83,0,0,0,0,0,0,0*0*0,0*0*0
1540,667.122,0,0,0,0,0,0,0*0*0,0*0*0
1541,144.978,0,0,0,0,0,0,0*0*0,0*0*0
1542,265.562,0,0,0,0,0,0,0*0*0,0*0*0
1543,410.506,0,0,0,0,0,0,0*0*0,0*0*0
1544,248.833,0,0,0,0,0,0,0*0*0,0*0*0
1545,681.083,0,0,0,0,0,0,0*0*0,0*0*0
1546,117.126,0,0,0,0,0,0,0*0*0,0*0*0
1547,199.762,0,0,0,0,0,0,0*0*0,0*0*0
1548,119.357,0,0,0,0,0,0,0*0*0,0*0*0
1549,0,0,0,0,0,0,0,0*0*0,0*0*0
1550,0,0,0,0,0,0,0,0*0*0,0*0*0
1551,577.567,0,0,0,0,0,0,0*0*0,0*0*0
1552,0,0,0,0,0,0,0,0*0*0,0*0*0
1553,556.684,0,0,0,0,0,0,0*0*0,0*0*0
1554,0,0,0,0,0,0,0,0*0*0,0*0*0
1555,436.79,0,0,0,0,0,0,0*0*0,0*0*0
1556,0,0,0,0,0,0,0,0*0*0,0*0*0
1557,0,0,0,0,0,0,0,0*0*0,0*0*0
1558,624.484,0,0,0,0,0,0,0*0*0,0*0*0
1559,1050.5,0,0,0,0,0,0,0*0*0,0*0*0
1560,3103.54,2538,1,0,0.433956,0.716978,1,25*6*2,150*16*1
1561,4718.09,2825,0,0,0.456519,0.72826,2,25*6*2,150*16*2
1562,15259.5,2826,1,0,0.141151,0.570576,2,25*6*2,150*16*2
1563,6724.39,2826,1,0,0.320312,0.660156,2,25*6*2,150*16*2
1564,15977.7,2826,1,0,0.134807,0.567403,2,25*6*2,150*16*2
1565,1209,0,0,0,0,0,0,0*0*0,0*0*0
1566,9686.95,2825,1,0,0.222351,0.611175,2,25*6*2,150*16*2
1567,8720.5,2826,1,0,0.246993,0.623496,2,25*6*2,150*16*2
1568,1935.59,2539,1,0,0.695809,0.847904,1,25*6*2,150*16*1
1569,15180,2826,1,0,0.141891,0.570945,2,25*6*2,150*16*2
1570,2816.13,2539,1,0,0.478245,0.739122,1,25*6*2,150*16*1
1571,20602.6,2826,1,0,0.104545,0.552273,2,25*6*2,150*16*2
1572,12179.6,2825,1,0,0.176845,0.588422,2,25*6*2,150*16*2
1573,3541.96,2826,1,0,0.60811,0.804055,2,25*6*2,150*16*2
1574,3363.31,2826,1,0,0.640411,0.820205,2,25*6*2,150*16*2
1575,3974.24,2826,1,0,0.541965,0.770983,2,25*6*2,150*16*2
1576,2473.81,2539,1,0,0.544423,0.772212,1,25*6*2,150*16*1
1577,3353.67,2826,1,0,0.642252,0.821126,2,25*6*2,150*16*2
1578,1980.91,2538,1,0,0.67989,0.839945,1,25*6*2,150*16*1
1579,1435.45,0,0,0,0,0,0,0*0*0,0*0*0
1580,1884.18,2539,1,0,0.714794,0.857397,1,25*6*2,150*16*1
1581,3087.63,2539,1,0,0.436192,0.718096,1,25*6*2,150*16*1
1582,3378.55,2826,1,0,0.637522,0.818761,2,25*6*2,150*16*2
1583,4301.24,2826,1,0,0.500763,0.750381,2,25*6*2,150*16*2
1584,12049.5,2826,1,0,0.178754,0.589377,2,25*6*2,150*16*2
1585,625.071,0,0,0,0,0,0,0*0*0,0*0*0
1586,2173.02,2539,1,0,0.619783,0.809891,1,25*6*2,150*16*1
1587,3307.09,2825,1,0,0.651298,0.825649,2,25*6*2,150*16*2
1588,6469.68,2826,1,0,0.332922,0.666461,2,25*6*2,150*16*2
1589,2152.94,2539,1,0,0.625563,0.812782,1,25*6*2,150*16*1
1590,1033.12,0,0,0,0,0,0,0*0*0,0*0*0
1591,546.8,0,0,0,0,0,0,0*0*0,0*0*0
1592,760.848,0,0,0,0,0,0,0*0*0,0*0*0
1593,1150.71,0,0,0,0,0,0,0*0*0,0*0*0
1594,1483.41,0,0,0,0,0,0,0*0*0,0*0*0
1595,1846.34,2539,1,0,0.729443,0.864722,1,25*6*2,150*16*1
1596,792.485,0,0,0,0,0,0,0*0*0,0*0*0
1597,43.7316,0,0,0,0,0,0,0*0*0,0*0*0
1598,2518.01,2539,1,0,0.534867,0.767433,1,25*6*2,150*16*1
1599,2244.93,2539,1,0,0.59993,0.799965,1,25*6*2,150*16*1
1600,2313.23,2539,1,0,0.582216,0.791108,1,25*6*2,150*16*1
1601,2978.58,2539,1,0,0.452162,0.726081,1,25*6*2,150*16*1
1602,3704.18,2826,1,0,0.581478,0.790739,2,25*6*2,150*16*2
1603,3842.7,2825,1,0,0.560517,0.780259,2,25*6*2,150*16*2
1604,1907.48,2538,0,0,0.706062,0.853031,1,25*6*2,150*16*1
1605,16435.6,2826,1,0,0.131051,0.565525,2,25*6*2,150*16*2
1606,16234.8,2826,1,0,0.132672,0.566336,2,25*6*2,150*16*2
1607,19615.5,2826,1,0,0.109806,0.554903,2,25*6*2,150*16*2
1608,4847.39,2826,1,0,0.444342,0.722171,2,25*6*2,150*16*2
1609,4579.71,2825,1,0,0.470314,0.735157,2,25*6*2,150*16*2
1610,15894.4,2826,1,0,0.135513,0.567757,2,25*6*2,150*16*2
1611,6120.98,2826,1,0,0.351888,0.675944,2,25*6*2,150*16*2
1612,6659.26,2826,1,0,0.323444,0.661722,2,25*6*2,150*16*2
1613,6120.95,2826,1,0,0.35189,0.675945,2,25*6*2,150*16*2
1614,15882.8,2825,1,0,0.135612,0.567806,2,25*6*2,150*16*2
1615,16472.4,2826,1,0,0.130758,0.565379,2,25*6*2,150*16*2
1616,10227.3,2826,1,0,0.210603,0.605301,2,25*6*2,150*16*2
1617,8120.05,2826,1,0,0.265257,0.632628,2,25*6*2,150*16*2
1618,16244.8,2826,1,0,0.13259,0.566295,2,25*6*2,150*16*2
1619,7789.32,2825,1,0,0.27652,0.63826,2,25*6*2,150*16*2
1620,12516.3,2826,1,0,0.172088,0.586044,2,25*6*2,150*16*2
1621,7930.32,2826,1,0,0.271603,0.635802,2,25*6*2,150*16*2
1622,8152.17,2826,1,0,0.264212,0.632106,2,25*6*2,150*16*2
1623,7957.25,2826,1,0,0.270684,0.635342,2,25*6*2,150*16*2
1624,7757.67,2825,1,0,0.277648,0.638824,2,25*6*2,150*16*2
1625,8241.72,2826,1,0,0.261341,0.630671,2,25*6*2,150*16*2
1626,9771.85,2826,1,0,0.220419,0.610209,2,25*6*2,150*16*2
1627,7142.14,2826,1,0,0.301576,0.650788,2,25*6*2,150*16*2
1628,7792.92,2826,1,0,0.276392,0.638196,2,25*6*2,150*16*2
1629,5741.6,2825,1,0,0.375139,0.68757,2,25*6*2,150*16*2
1630,4141.92,2826,1,0,0.520025,0.760012,2,25*6*2,150*16*2
1631,2887.05,2539,1,0,0.466497,0.733248,1,25*6*2,150*16*1
1632,1582.09,0,0,0,0,0,0,0*0*0,0*0*0
1633,2635.4,2539,1,0,0.511042,0.755521,1,25*6*2,150*16*1
1634,2757.91,2539,1,0,0.488341,0.74417,1,25*6*2,150*16*1
1635,4802.37,2826,1,0,0.448508,0.724254,2,25*6*2,150*16*2
1636,5347.52,2826,1,0,0.402785,0.701392,2,25*6*2,150*16*2
1637,20385.6,2825,1,0,0.105658,0.552829,2,25*6*2,150*16*2
1638,3083.11,2539,1,0,0.436832,0.718416,1,25*6*2,150*16*1
1639,6336.67,2826,1,0,0.33991,0.669955,2,25*6*2,150*16*2
1640,19514.3,2826,1,0,0.110375,0.555188,2,25*6*2,150*16*2
1641,13003.9,2826,1,0,0.165635,0.582817,2,25*6*2,150*16*2
1642,12352.1,2825,1,0,0.174375,0.587188,2,25*6*2,150*16*2
1643,6289.46,2826,1,0,0.342462,0.671231,2,25*6*2,150*16*2
1644,12510.3,2826,1,0,0.17217,0.586085,2,25*6*2,150*16*2
1645,12352.9,2826,1,0,0.174364,0.587182,2,25*6*2,150*16*2
1646,8239.32,2826,1,0,0.261417,0.630709,2,25*6*2,150*16*2
1647,2231.93,2538,1,0,0.603424,0.801712,1,25*6*2,150*16*1
1648,921.417,0,0,0,0,0,0,0*0*0,0*0*0
1649,765.947,0,0,0,0,0,0,0*0*0,0*0*0
1650,720.232,0,0,0,0,0,0,0*0*0,0*0*0
1651,73.5151,0,0,0,0,0,0,0*0*0,0*0*0
1652,958.976,0,0,0,0,0,0,0*0*0,0*0*0
1653,0,0,0,0,0,0,0,0*0*0,0*0*0
1654,0,0,0,0,0,0,0,0*0*0,0*0*0
1655,222.894,0,0,0,0,0,0,0*0*0,0*0*0
1656,631.732,0,0,0,0,0,0,0*0*0,0*0*0
1657,0,0,0,0,0,0,0,0*0*0,0*0*0
1658,1760.12,2539,1,0,0.765175,0.882588,1,25*6*2,150*16*1
1659,1175.46,0,0,0,0,0,0,0*0*0,0*0*0
1660,1585.97,0,0,0,0,0,0,0*0*0,0*0*0
1661,3581.65,2826,1,0,0.601371,0.800685,2,25*6*2,150*16*2
1662,6187.04,2826,1,0,0.348131,0.674065,2,25*6*2,150*16*2
1663,7019.61,2826,1,0,0.30684,0.65342,2,25*6*2,150*16*2
1664,4577.22,2825,1,0,0.470569,0.735285,2,25*6*2,150*16*2
1665,1295.19,0,0,0,0,0,0,0*0*0,0*0*0
1666,1409.96,0,0,0,0,0,0,0*0*0,0*0*0
1667,1044.02,0,0,0,0,0,0,0*0*0,0*0*0
1668,1531.39,0,0,0,0,0,0,0*0*0,0*0*0
1669,256.774,0,0,0,0,0,0,0*0*0,0*0*0
1670,482.945,0,0,0,0,0,0,0*0*0,0*0*0
1671,578.295,0,0,0,0,0,0,0*0*0,0*0*0
1672,51.7029,0,0,0,0,0,0,0*0*0,0*0*0
1673,0,0,0,0,0,0,0,0*0*0,0*0*0
1674,0,0,0,0,0,0,0,0*0*0,0*0*0
1675,0,0,0,0,0,0,0,0*0*0,0*0*0
1676,105.832,0,0,0,0,0,0,0*0*0,0*0*0
1677,8.59027,0,0,0,0,0,0,0*0*0,0*0*0
1678,493.265,0,0,0,0,0,0,0*0*0,0*0*0
1679,409.315,0,0,0,0,0,0,0*0*0,0*0*0
1680,330.409,0,0,0,0,0,0,0*0*0,0*0*0
1681,0,0,0,0,0,0,0,0*0*0,0*0*0
1682,766.88,0,0,0,0,0,0,0*0*0,0*0*0
1683,822.826,0,0,0,0,0,0,0*0*0,0*0*0
1684,2671.81,2538,0,0,0.504078,0.752039,1,25*6*2,150*16*1
1685,6022.47,2826,1,0,0.357644,0.678822,2,25*6*2,150*16*2
1686,4226.78,2826,1,0,0.509584,0.754792,2,25*6*2,150*16*2
1687,1276.51,0,0,0,0,0,0,0*0*0,0*0*0
1688,15514.2,2826,1,0,0.138834,0.569417,2,25*6*2,150*16*2
1689,2543.19,2539,1,0,0.529571,0.764786,1,25*6*2,150*16*1
1690,20169.8,2826,1,0,0.106788,0.553394,2,25*6*2,150*16*2
1691,2165.56,2538,1,0,0.621918,0.810959,1,25*6*2,150*16*1
1692,2361.7,2539,1,0,0.570267,0.785134,1,25*6*2,150*16*1
1693,3875.52,2826,1,0,0.555771,0.777885,2,25*6*2,150*16*2
1694,3898.64,2826,1,0,0.552475,0.776237,2,25*6*2,150*16*2
1695,3513.31,2826,1,0,0.613069,0.806534,2,25*6*2,150*16*2
1696,2378.39,2539,1,0,0.566265,0.783133,1,25*6*2,150*16*1
1697,2055.81,2539,1,0,0.655119,0.827559,1,25*6*2,150*16*1
1698,4116.2,2825,1,0,0.523274,0.761637,2,25*6*2,150*16*2
1699,4674.41,2826,1,0,0.460785,0.730393,2,25*6*2,150*16*2
1700,3014.58,2539,1,0,0.446762,0.723381,1,25*6*2,150*16*1
1701,2611.23,2539,1,0,0.515772,0.757886,1,25*6*2,150*16*1
1702,4819.27,2826,1,0,0.446935,0.723467,2,25*6*2,150*16*2
1703,4366.1,2826,1,0,0.493324,0.746662,2,25*6*2,150*16*2
1704,4510.11,2825,1,0,0.477572,0.738786,2,25*6*2,150*16*2
1705,3317.31,2826,1,0,0.649291,0.824646,2,25*6*2,150*16*2
1706,1554.08,0,0,0,0,0,0,0*0*0,0*0*0
1707,2393.84,2539,1,0,0.562611,0.781305,1,25*6*2,150*16*1
1708,3734.29,2826,1,0,0.57679,0.788395,2,25*6*2,150*16*2
1709,4442.39,2826,1,0,0.484852,0.742426,2,25*6*2,150*16*2
1710,1848.69,2539,1,0,0.728516,0.864258,1,25*6*2,150*16*1
1711,3520.24,2825,1,0,0.611862,0.805931,2,25*6*2,150*16*2
1712,6800.41,2826,1,0,0.316731,0.658365,2,25*6*2,150*16*2
1713,5594.8,2826,1,0,0.384982,0.692491,2,25*6*2,150*16*2
1714,5400.78,2826,1,0,0.398813,0.699406,2,25*6*2,150*16*2
1715,2006.34,2539,1,0,0.671272,0.835636,1,25*6*2,150*16*1
1716,1131.81,0,0,0,0,0,0,0*0*0,0*0*0
1717,975.545,0,0,0,0,0,0,0*0*0,0*0*0
1718,1747.99,2539,1,0,0.770485,0.885242,1,25*6*2,150*16*1
1719,0,0,0,0,0,0,0,0*0*0,0*0*0
1720,0,0,0,0,0,0,0,0*0*0,0*0*0
1721,529.581,0,0,0,0,0,0,0*0*0,0*0*0
1722,1090.02,0,0,0,0,0,0,0*0*0,0*0*0
1723,1046.11,0,0,0,0,0,0,0*0*0,0*0*0
1724,941.979,0,0,0,0,0,0,0*0*0,0*0*0
1725,977.604,0,0,0,0,0,0,0*0*0,0*0*0
1726,2358.43,2539,1,0,0.571058,0.785529,1,25*6*2,150*16*1
1727,1051.51,0,0,0,0,0,0,0*0*0,0*0*0
1728,137.689,0,0,0,0,0,0,0*0*0,0*0*0
1729,462.848,0,0,0,0,0,0,0*0*0,0*0*0
1730,533.268,0,0,0,0,0,0,0*0*0,0*0*0
1731,1068.44,0,0,0,0,0,0,0*0*0,0*0*0
1732,153.007,0,0,0,0,0,0,0*0*0,0*0*0
1733,398.196,0,0,0,0,0,0,0*0*0,0*0*0
1734,497.162,0,0,0,0,0,0,0*0*0,0*0*0
1735,958.045,0,0,0,0,0,0,0*0*0,0*0*0
1736,0,0,0,0,0,0,0,0*0*0,0*0*0
1737,0,0,0,0,0,0,0,0*0*0,0*0*0
1738,0,0,0,0,0,0,0,0*0*0,0*0*0
1739,0,0,0,0,0,0,0,0*0*0,0*0*0
1740,334.165,0,0,0,0,0,0,0*0*0,0*0*0
1741,1049.62,0,0,0,0,0,0,0*0*0,0*0*0
1742,318.693,0,0,0,0,0,0,0*0*0,0*0*0
1743,768.928,0,0,0,0,0,0,0*0*0,0*0*0
1744,1180.7,0,0,0,0,0,0,0*0*0,0*0*0
1745,1124.7,0,0,0,0,0,0,0*0*0,0*0*0
1746,0,0,0,0,0,0,0,0*0*0,0*0*0
1747,1001.89,0,0,0,0,0,0,0*0*0,0*0*0
1748,2060.01,2539,1,0,0.653783,0.826892,1,25*6*2,150*16*1
1749,1685.63,2538,1,0,0.798989,0.899495,1,25*6*2,150*16*1
1750,2796.95,2539,1,0,0.481525,0.740762,1,25*6*2,150*16*1
1751,15838.1,2826,1,0,0.135995,0.567997,2,25*6*2,150*16*2
1752,20275.8,2826,1,0,0.10623,0.553115,2,25*6*2,150*16*2
1753,15508.9,2826,1,0,0.138882,0.569441,2,25*6*2,150*16*2
1754,16593.7,2825,1,0,0.129802,0.564901,2,25*6*2,150*16*2
1755,19486.7,2826,1,0,0.110532,0.555266,2,25*6*2,150*16*2
1756,12161.4,2826,1,0,0.17711,0.588555,2,25*6*2,150*16*2
1757,15271.9,2826,1,0,0.141037,0.570518,2,25*6*2,150*16*2
1758,25193.5,2826,1,0,0.0854943,0.542747,2,25*6*2,150*16*2
1759,19616.1,2825,1,0,0.109803,0.554901,2,25*6*2,150*16*2
1760,15185,2826,1,0,0.141844,0.570922,2,25*6*2,150*16*2
1761,16321.9,2826,1,0,0.131964,0.565982,2,25*6*2,150*16*2
1762,15704.8,2826,1,0,0.137149,0.568575,2,25*6*2,150*16*2
1763,19740.3,2826,1,0,0.109112,0.554556,2,25*6*2,150*16*2
1764,10009.5,2825,1,0,0.215186,0.607593,2,25*6*2,150*16*2
1765,20506.9,2826,1,0,0.105033,0.552516,2,25*6*2,150*16*2
1766,25139.9,2826,1,0,0.0856766,0.542838,2,25*6*2,150*16*2
1767,15834.1,2826,1,0,0.136029,0.568015,2,25*6*2,150*16*2
1768,12361.5,2825,1,0,0.174243,0.587121,2,25*6*2,150*16*2
1769,16285.1,2826,1,0,0.132262,0.566131,2,25*6*2,150*16*2
1770,25436.6,2826,1,0,0.0846772,0.542339,2,25*6*2,150*16*2
1771,19915.9,2826,1,0,0.10815,0.554075,2,25*6*2,150*16*2
1772,24709.5,2826,1,0,0.0871689,0.543584,2,25*6*2,150*16*2
1773,13508.4,2825,1,0,0.159449,0.579724,2,25*6*2,150*16*2
1774,13114.9,2826,1,0,0.164233,0.582117,2,25*6*2,150*16*2
1775,13001.4,2826,1,0,0.165667,0.582833,2,25*6*2,150*16*2
1776,15278.2,2826,1,0,0.140979,0.570489,2,25*6*2,150*16*2
1777,12030.9,2826,1,0,0.179031,0.589515,2,25*6*2,150*16*2
1778,13240.2,2825,1,0,0.162679,0.581339,2,25*6*2,150*16*2
1779,16112.6,2826,1,0,0.133678,0.566839,2,25*6*2,150*16*2
1780,12868.8,2826,1,0,0.167374,0.583687,2,25*6*2,150*16*2
1781,9997.93,2826,1,0,0.215435,0.607717,2,25*6*2,150*16*2
1782,13547.2,2826,1,0,0.158992,0.579496,2,25*6*2,150*16*2
1783,15422.9,2825,1,0,0.139656,0.569828,2,25*6*2,150*16*2
1784,15684.7,2826,1,0,0.137325,0.568662,2,25*6*2,150*16*2
1785,4670.52,2826,1,0,0.461169,0.730585,2,25*6*2,150*16*2
1786,15525.1,2826,1,0,0.138737,0.569368,2,25*6*2,150*16*2
1787,4052.45,2825,1,0,0.531506,0.765753,2,25*6*2,150*16*2
1788,597.703,0,0,0,0,0,0,0*0*0,0*0*0
1789,345.714,0,0,0,0,0,0,0*0*0,0*0*0
1790,140.798,0,0,0,0,0,0,0*0*0,0*0*0
1791,128.156,0,0,0,0,0,0,0*0*0,0*0*0
1792,0,0,0,0,0,0,0,0*0*0,0*0*0
1793,293.243,0,0,0,0,0,0,0*0*0,0*0*0
1794,1587.39,0,0,0,0,0,0,0*0*0,0*0*0
1795,1304.62,0,0,0,0,0,0,0*0*0,0*0*0
1796,9835.32,2826,1,0,0.218996,0.609498,2,25*6*2,150*16*2
1797,1655.42,2539,1,0,0.81357,0.906785,1,25*6*2,150*16*1
1798,20195.9,2826,1,0,0.10665,0.553325,2,25*6*2,150*16*2
1799,20402.4,2826,1,0,0.105571,0.552785,2,25*6*2,150*16*2
1800,13189.4,2826,1,0,0.163305,0.581653,2,25*6*2,150*16*2
