1,1585,0,0,0,0,0,0,0*0*0,0*0*0
2,7943,15362,0,0,0.882072,0.941036,15,25*6*14,150*16*4
3,15849,18929,0,0,0.577967,0.788984,18,25*6*16,150*16*6
4,15849,18929,1,0,0.577967,0.788984,18,25*6*16,150*16*6
5,19953,18930,1,0,0.459089,0.729544,18,25*6*16,150*16*6
6,12589,18929,1,0,0.727635,0.863818,18,25*6*16,150*16*6
7,1585,0,0,0,0,0,0,0*0*0,0*0*0
8,40,0,0,0,0,0,0,0*0*0,0*0*0
9,79,0,0,0,0,0,0,0*0*0,0*0*0
10,20,0,0,0,0,0,0,0*0*0,0*0*0
11,1585,0,0,0,0,0,0,0*0*0,0*0*0
12,316,0,0,0,0,0,0,0*0*0,0*0*0
13,20,0,0,0,0,0,0,0*0*0,0*0*0
14,200,0,0,0,0,0,0,0*0*0,0*0*0
15,126,0,0,0,0,0,0,0*0*0,0*0*0
16,50,0,0,0,0,0,0,0*0*0,0*0*0
17,1000,0,0,0,0,0,0,0*0*0,0*0*0
18,1585,0,0,0,0,0,0,0*0*0,0*0*0
19,1000,0,0,0,0,0,0,0*0*0,0*0*0
20,200,0,0,0,0,0,0,0*0*0,0*0*0
21,16,0,0,0,0,0,0,0*0*0,0*0*0
22,316,0,0,0,0,0,0,0*0*0,0*0*0
23,50,0,0,0,0,0,0,0*0*0,0*0*0
24,200,0,0,0,0,0,0,0*0*0,0*0*0
25,50,0,0,0,0,0,0,0*0*0,0*0*0
26,32,0,0,0,0,0,0,0*0*0,0*0*0
27,63,0,0,0,0,0,0,0*0*0,0*0*0
28,50,0,0,0,0,0,0,0*0*0,0*0*0
29,40,0,0,0,0,0,0,0*0*0,0*0*0
30,40,0,0,0,0,0,0,0*0*0,0*0*0
31,40,0,0,0,0,0,0,0*0*0,0*0*0
32,50,0,0,0,0,0,0,0*0*0,0*0*0
33,50,0,0,0,0,0,0,0*0*0,0*0*0
34,50,0,0,0,0,0,0,0*0*0,0*0*0
35,40,0,0,0,0,0,0,0*0*0,0*0*0
36,63,0,0,0,0,0,0,0*0*0,0*0*0
37,50,0,0,0,0,0,0,0*0*0,0*0*0
38,40,0,0,0,0,0,0,0*0*0,0*0*0
39,50,0,0,0,0,0,0,0*0*0,0*0*0
40,40,0,0,0,0,0,0,0*0*0,0*0*0
41,63,0,0,0,0,0,0,0*0*0,0*0*0
42,50,0,0,0,0,0,0,0*0*0,0*0*0
43,50,0,0,0,0,0,0,0*0*0,0*0*0
44,63,0,0,0,0,0,0,0*0*0,0*0*0
45,79,0,0,0,0,0,0,0*0*0,0*0*0
46,100,0,0,0,0,0,0,0*0*0,0*0*0
47,100,0,0,0,0,0,0,0*0*0,0*0*0
48,79,0,0,0,0,0,0,0*0*0,0*0*0
49,126,0,0,0,0,0,0,0*0*0,0*0*0
50,79,0,0,0,0,0,0,0*0*0,0*0*0
51,79,0,0,0,0,0,0,0*0*0,0*0*0
52,79,0,0,0,0,0,0,0*0*0,0*0*0
53,40,0,0,0,0,0,0,0*0*0,0*0*0
54,40,0,0,0,0,0,0,0*0*0,0*0*0
55,63,0,0,0,0,0,0,0*0*0,0*0*0
56,79,0,0,0,0,0,0,0*0*0,0*0*0
57,158,0,0,0,0,0,0,0*0*0,0*0*0
58,316,0,0,0,0,0,0,0*0*0,0*0*0
59,1000,0,0,0,0,0,0,0*0*0,0*0*0
60,3162,4860,0,0,0.681958,0.840979,4,25*6*5,150*16*1
61,5012,10346,0,0,0.967668,0.983834,10,25*6*9,150*16*3
62,15849,18929,0,0,0.577967,0.788984,18,25*6*16,150*16*6
63,6310,11907,0,0,0.854144,0.927072,12,25*6*11,150*16*3
64,15849,18929,0,0,0.577967,0.788984,18,25*6*16,150*16*6
65,794,0,0,0,0,0,0,0*0*0,0*0*0
66,10000,18929,1,0,0.91602,0.95801,18,25*6*16,150*16*6
67,7943,15362,0,0,0.882072,0.941036,15,25*6*14,150*16*4
68,1585,0,0,0,0,0,0,0*0*0,0*0*0
69,15849,18929,0,0,0.577967,0.788984,18,25*6*16,150*16*6
70,2512,4217,0,0,0.750995,0.875498,3,25*6*4,150*16*1
71,19953,18929,0,0,0.459089,0.729544,18,25*6*16,150*16*6
72,12589,18929,1,0,0.727635,0.863818,18,25*6*16,150*16*6
73,3162,4860,0,0,0.681958,0.840979,4,25*6*5,150*16*1
74,3162,4861,1,0,0.681958,0.840979,4,25*6*5,150*16*1
75,3981,7698,0,0,0.879967,0.939984,7,25*6*7,150*16*2
76,2512,4217,0,0,0.750995,0.875498,3,25*6*4,150*16*1
77,3162,4861,1,0,0.681958,0.840979,4,25*6*5,150*16*1
78,1259,0,0,0,0,0,0,0*0*0,0*0*0
79,1000,0,0,0,0,0,0,0*0*0,0*0*0
80,1585,0,0,0,0,0,0,0*0*0,0*0*0
81,2512,4217,0,0,0.750995,0.875498,3,25*6*4,150*16*1
82,3162,4861,1,0,0.681958,0.840979,4,25*6*5,150*16*1
83,3981,7698,0,0,0.879967,0.939984,7,25*6*7,150*16*2
84,12589,18929,0,0,0.727635,0.863818,18,25*6*16,150*16*6
85,1000,0,0,0,0,0,0,0*0*0,0*0*0
86,1995,3455,0,0,0.810351,0.905175,2,25*6*3,150*16*1
87,2512,4218,1,0,0.750995,0.875498,3,25*6*4,150*16*1
88,6310,11907,0,0,0.854144,0.927072,12,25*6*11,150*16*3
89,2512,4217,0,0,0.750995,0.875498,3,25*6*4,150*16*1
90,1000,0,0,0,0,0,0,0*0*0,0*0*0
91,316,0,0,0,0,0,0,0*0*0,0*0*0
92,1000,0,0,0,0,0,0,0*0*0,0*0*0
93,398,0,0,0,0,0,0,0*0*0,0*0*0
94,1000,0,0,0,0,0,0,0*0*0,0*0*0
95,1259,0,0,0,0,0,0,0*0*0,0*0*0
96,631,0,0,0,0,0,0,0*0*0,0*0*0
97,501,0,0,0,0,0,0,0*0*0,0*0*0
98,2512,4218,1,0,0.750995,0.875498,3,25*6*4,150*16*1
99,1995,3455,0,0,0.810351,0.905175,2,25*6*3,150*16*1
100,1995,3456,1,0,0.810351,0.905175,2,25*6*3,150*16*1
101,1995,3456,1,0,0.810351,0.905175,2,25*6*3,150*16*1
102,3162,4860,0,0,0.681958,0.840979,4,25*6*5,150*16*1
103,3162,4861,1,0,0.681958,0.840979,4,25*6*5,150*16*1
104,2512,4217,0,0,0.750995,0.875498,3,25*6*4,150*16*1
105,15849,18929,0,0,0.577967,0.788984,18,25*6*16,150*16*6
106,15849,18929,1,0,0.577967,0.788984,18,25*6*16,150*16*6
107,19953,18930,1,0,0.459089,0.729544,18,25*6*16,150*16*6
108,5012,10346,0,0,0.967668,0.983834,10,25*6*9,150*16*3
109,5012,10347,1,0,0.967668,0.983834,10,25*6*9,150*16*3
110,15849,18929,0,0,0.577967,0.788984,18,25*6*16,150*16*6
111,6310,11907,0,0,0.854144,0.927072,12,25*6*11,150*16*3
112,6310,11908,1,0,0.854144,0.927072,12,25*6*11,150*16*3
113,6310,11908,1,0,0.854144,0.927072,12,25*6*11,150*16*3
114,15849,18929,0,0,0.577967,0.788984,18,25*6*16,150*16*6
115,15849,18929,1,0,0.577967,0.788984,18,25*6*16,150*16*6
116,10000,18930,1,0,0.91602,0.95801,18,25*6*16,150*16*6
117,7943,15362,0,0,0.882072,0.941036,15,25*6*14,150*16*4
118,15849,18929,0,0,0.577967,0.788984,18,25*6*16,150*16*6
119,7943,15362,0,0,0.882072,0.941036,15,25*6*14,150*16*4
120,12589,18929,0,0,0.727635,0.863818,18,25*6*16,150*16*6
121,7943,15362,0,0,0.882072,0.941036,15,25*6*14,150*16*4
122,7943,15362,1,0,0.882072,0.941036,15,25*6*14,150*16*4
123,7943,15363,1,0,0.882072,0.941036,15,25*6*14,150*16*4
124,7943,15362,1,0,0.882072,0.941036,15,25*6*14,150*16*4
125,7943,15363,1,0,0.882072,0.941036,15,25*6*14,150*16*4
126,10000,18929,0,0,0.91602,0.95801,18,25*6*16,150*16*6
127,6310,11907,0,0,0.854144,0.927072,12,25*6*11,150*16*3
128,7943,15362,0,0,0.882072,0.941036,15,25*6*14,150*16*4
129,6310,11907,0,0,0.854144,0.927072,12,25*6*11,150*16*3
130,5012,10346,0,0,0.967668,0.983834,10,25*6*9,150*16*3
131,1995,3455,0,0,0.810351,0.905175,2,25*6*3,150*16*1
132,1585,0,0,0,0,0,0,0*0*0,0*0*0
133,1995,3456,1,0,0.810351,0.905175,2,25*6*3,150*16*1
134,2512,4218,1,0,0.750995,0.875498,3,25*6*4,150*16*1
135,5012,10346,0,0,0.967668,0.983834,10,25*6*9,150*16*3
136,5012,10347,1,0,0.967668,0.983834,10,25*6*9,150*16*3
137,19953,18929,0,0,0.459089,0.729544,18,25*6*16,150*16*6
138,3162,4860,0,0,0.681958,0.840979,4,25*6*5,150*16*1
139,6310,11907,0,0,0.854144,0.927072,12,25*6*11,150*16*3
140,19953,18929,0,0,0.459089,0.729544,18,25*6*16,150*16*6
141,12589,18929,1,0,0.727635,0.863818,18,25*6*16,150*16*6
142,12589,18930,1,0,0.727635,0.863818,18,25*6*16,150*16*6
143,6310,11907,0,0,0.854144,0.927072,12,25*6*11,150*16*3
144,12589,18929,0,0,0.727635,0.863818,18,25*6*16,150*16*6
145,12589,18929,1,0,0.727635,0.863818,18,25*6*16,150*16*6
146,7943,15362,0,0,0.882072,0.941036,15,25*6*14,150*16*4
147,1995,3455,0,0,0.810351,0.905175,2,25*6*3,150*16*1
148,501,0,0,0,0,0,0,0*0*0,0*0*0
149,251,0,0,0,0,0,0,0*0*0,0*0*0
150,13,0,0,0,0,0,0,0*0*0,0*0*0
151,126,0,0,0,0,0,0,0*0*0,0*0*0
152,126,0,0,0,0,0,0,0*0*0,0*0*0
153,158,0,0,0,0,0,0,0*0*0,0*0*0
154,251,0,0,0,0,0,0,0*0*0,0*0*0
155,398,0,0,0,0,0,0,0*0*0,0*0*0
156,200,0,0,0,0,0,0,0*0*0,0*0*0
157,251,0,0,0,0,0,0,0*0*0,0*0*0
158,1000,0,0,0,0,0,0,0*0*0,0*0*0
159,1585,0,0,0,0,0,0,0*0*0,0*0*0
160,1995,3456,1,0,0.810351,0.905175,2,25*6*3,150*16*1
161,3981,7698,0,0,0.879967,0.939984,7,25*6*7,150*16*2
162,5012,10346,0,0,0.967668,0.983834,10,25*6*9,150*16*3
163,6310,11907,0,0,0.854144,0.927072,12,25*6*11,150*16*3
164,3981,7698,0,0,0.879967,0.939984,7,25*6*7,150*16*2
165,1585,0,0,0,0,0,0,0*0*0,0*0*0
166,1995,3455,0,0,0.810351,0.905175,2,25*6*3,150*16*1
167,631,0,0,0,0,0,0,0*0*0,0*0*0
168,1585,0,0,0,0,0,0,0*0*0,0*0*0
169,100,0,0,0,0,0,0,0*0*0,0*0*0
170,63,0,0,0,0,0,0,0*0*0,0*0*0
171,794,0,0,0,0,0,0,0*0*0,0*0*0
172,32,0,0,0,0,0,0,0*0*0,0*0*0
173,32,0,0,0,0,0,0,0*0*0,0*0*0
174,200,0,0,0,0,0,0,0*0*0,0*0*0
175,40,0,0,0,0,0,0,0*0*0,0*0*0
176,158,0,0,0,0,0,0,0*0*0,0*0*0
177,158,0,0,0,0,0,0,0*0*0,0*0*0
178,316,0,0,0,0,0,0,0*0*0,0*0*0
179,316,0,0,0,0,0,0,0*0*0,0*0*0
180,251,0,0,0,0,0,0,0*0*0,0*0*0
181,100,0,0,0,0,0,0,0*0*0,0*0*0
182,251,0,0,0,0,0,0,0*0*0,0*0*0
183,794,0,0,0,0,0,0,0*0*0,0*0*0
184,3162,4861,1,0,0.681958,0.840979,4,25*6*5,150*16*1
185,5012,10346,0,0,0.967668,0.983834,10,25*6*9,150*16*3
186,5012,10347,1,0,0.967668,0.983834,10,25*6*9,150*16*3
187,1259,0,0,0,0,0,0,0*0*0,0*0*0
188,15849,18929,0,0,0.577967,0.788984,18,25*6*16,150*16*6
189,1995,3455,0,0,0.810351,0.905175,2,25*6*3,150*16*1
190,19953,18929,0,0,0.459089,0.729544,18,25*6*16,150*16*6
191,2512,4217,0,0,0.750995,0.875498,3,25*6*4,150*16*1
192,2512,4218,1,0,0.750995,0.875498,3,25*6*4,150*16*1
193,3162,4860,0,0,0.681958,0.840979,4,25*6*5,150*16*1
194,3981,7698,0,0,0.879967,0.939984,7,25*6*7,150*16*2
195,3162,4860,0,0,0.681958,0.840979,4,25*6*5,150*16*1
196,3162,4861,1,0,0.681958,0.840979,4,25*6*5,150*16*1
197,1995,3455,0,0,0.810351,0.905175,2,25*6*3,150*16*1
198,3981,7698,0,0,0.879967,0.939984,7,25*6*7,150*16*2
199,3981,7699,1,0,0.879967,0.939984,7,25*6*7,150*16*2
200,3162,4860,0,0,0.681958,0.840979,4,25*6*5,150*16*1
201,2512,4218,1,0,0.750995,0.875498,3,25*6*4,150*16*1
202,5012,10346,0,0,0.967668,0.983834,10,25*6*9,150*16*3
203,3981,7698,0,0,0.879967,0.939984,7,25*6*7,150*16*2
204,3981,7699,1,0,0.879967,0.939984,7,25*6*7,150*16*2
205,2512,4217,0,0,0.750995,0.875498,3,25*6*4,150*16*1
206,1995,3456,1,0,0.810351,0.905175,2,25*6*3,150*16*1
207,3162,4860,0,0,0.681958,0.840979,4,25*6*5,150*16*1
208,3981,7698,0,0,0.879967,0.939984,7,25*6*7,150*16*2
209,3981,7699,1,0,0.879967,0.939984,7,25*6*7,150*16*2
210,2512,4217,0,0,0.750995,0.875498,3,25*6*4,150*16*1
211,3981,7698,0,0,0.879967,0.939984,7,25*6*7,150*16*2
212,6310,11907,0,0,0.854144,0.927072,12,25*6*11,150*16*3
213,5012,10346,0,0,0.967668,0.983834,10,25*6*9,150*16*3
214,5012,10347,1,0,0.967668,0.983834,10,25*6*9,150*16*3
215,2512,4217,0,0,0.750995,0.875498,3,25*6*4,150*16*1
216,1585,0,0,0,0,0,0,0*0*0,0*0*0
217,316,0,0,0,0,0,0,0*0*0,0*0*0
218,1995,3456,1,0,0.810351,0.905175,2,25*6*3,150*16*1
219,158,0,0,0,0,0,0,0*0*0,0*0*0
220,50,0,0,0,0,0,0,0*0*0,0*0*0
221,40,0,0,0,0,0,0,0*0*0,0*0*0
222,158,0,0,0,0,0,0,0*0*0,0*0*0
223,631,0,0,0,0,0,0,0*0*0,0*0*0
224,1259,0,0,0,0,0,0,0*0*0,0*0*0
225,631,0,0,0,0,0,0,0*0*0,0*0*0
226,1995,3456,1,0,0.810351,0.905175,2,25*6*3,150*16*1
227,1259,0,0,0,0,0,0,0*0*0,0*0*0
228,1000,0,0,0,0,0,0,0*0*0,0*0*0
229,200,0,0,0,0,0,0,0*0*0,0*0*0
230,398,0,0,0,0,0,0,0*0*0,0*0*0
231,794,0,0,0,0,0,0,0*0*0,0*0*0
232,126,0,0,0,0,0,0,0*0*0,0*0*0
233,501,0,0,0,0,0,0,0*0*0,0*0*0
234,63,0,0,0,0,0,0,0*0*0,0*0*0
235,316,0,0,0,0,0,0,0*0*0,0*0*0
236,32,0,0,0,0,0,0,0*0*0,0*0*0
237,25,0,0,0,0,0,0,0*0*0,0*0*0
238,32,0,0,0,0,0,0,0*0*0,0*0*0
239,40,0,0,0,0,0,0,0*0*0,0*0*0
240,50,0,0,0,0,0,0,0*0*0,0*0*0
241,40,0,0,0,0,0,0,0*0*0,0*0*0
242,79,0,0,0,0,0,0,0*0*0,0*0*0
243,100,0,0,0,0,0,0,0*0*0,0*0*0
244,1000,0,0,0,0,0,0,0*0*0,0*0*0
245,501,0,0,0,0,0,0,0*0*0,0*0*0
246,158,0,0,0,0,0,0,0*0*0,0*0*0
247,1000,0,0,0,0,0,0,0*0*0,0*0*0
248,2512,4218,1,0,0.750995,0.875498,3,25*6*4,150*16*1
249,1585,0,0,0,0,0,0,0*0*0,0*0*0
250,3162,4860,0,0,0.681958,0.840979,4,25*6*5,150*16*1
251,15849,18929,0,0,0.577967,0.788984,18,25*6*16,150*16*6
252,19953,18929,1,0,0.459089,0.729544,18,25*6*16,150*16*6
253,15849,18930,1,0,0.577967,0.788984,18,25*6*16,150*16*6
254,15849,18929,1,0,0.577967,0.788984,18,25*6*16,150*16*6
255,19953,18930,1,0,0.459089,0.729544,18,25*6*16,150*16*6
256,12589,18929,1,0,0.727635,0.863818,18,25*6*16,150*16*6
257,15849,18930,1,0,0.577967,0.788984,18,25*6*16,150*16*6
258,25119,18929,1,0,0.364672,0.682336,18,25*6*16,150*16*6
259,19953,18930,1,0,0.459089,0.729544,18,25*6*16,150*16*6
260,15849,18929,1,0,0.577967,0.788984,18,25*6*16,150*16*6
261,15849,18930,1,0,0.577967,0.788984,18,25*6*16,150*16*6
262,15849,18929,1,0,0.577967,0.788984,18,25*6*16,150*16*6
263,19953,18930,1,0,0.459089,0.729544,18,25*6*16,150*16*6
264,10000,18929,1,0,0.91602,0.95801,18,25*6*16,150*16*6
265,19953,18930,1,0,0.459089,0.729544,18,25*6*16,150*16*6
266,25119,18929,1,0,0.364672,0.682336,18,25*6*16,150*16*6
267,15849,18930,1,0,0.577967,0.788984,18,25*6*16,150*16*6
268,12589,18929,1,0,0.727635,0.863818,18,25*6*16,150*16*6
269,15849,18929,1,0,0.577967,0.788984,18,25*6*16,150*16*6
270,25119,18929,1,0,0.364672,0.682336,18,25*6*16,150*16*6
271,19953,18930,1,0,0.459089,0.729544,18,25*6*16,150*16*6
272,25119,18929,1,0,0.364672,0.682336,18,25*6*16,150*16*6
273,12589,18930,1,0,0.727635,0.863818,18,25*6*16,150*16*6
274,12589,18929,1,0,0.727635,0.863818,18,25*6*16,150*16*6
275,12589,18930,1,0,0.727635,0.863818,18,25*6*16,150*16*6
276,15849,18929,1,0,0.577967,0.788984,18,25*6*16,150*16*6
277,12589,18930,1,0,0.727635,0.863818,18,25*6*16,150*16*6
278,12589,18929,1,0,0.727635,0.863818,18,25*6*16,150*16*6
279,15849,18930,1,0,0.577967,0.788984,18,25*6*16,150*16*6
280,12589,18929,1,0,0.727635,0.863818,18,25*6*16,150*16*6
281,10000,18930,1,0,0.91602,0.95801,18,25*6*16,150*16*6
282,12589,18929,1,0,0.727635,0.863818,18,25*6*16,150*16*6
283,15849,18930,1,0,0.577967,0.788984,18,25*6*16,150*16*6
284,15849,18929,1,0,0.577967,0.788984,18,25*6*16,150*16*6
285,5012,10346,0,0,0.967668,0.983834,10,25*6*9,150*16*3
286,15849,18929,0,0,0.577967,0.788984,18,25*6*16,150*16*6
287,3981,7698,0,0,0.879967,0.939984,7,25*6*7,150*16*2
288,100,0,0,0,0,0,0,0*0*0,0*0*0
289,100,0,0,0,0,0,0,0*0*0,0*0*0
290,251,0,0,0,0,0,0,0*0*0,0*0*0
291,251,0,0,0,0,0,0,0*0*0,0*0*0
292,200,0,0,0,0,0,0,0*0*0,0*0*0
293,316,0,0,0,0,0,0,0*0*0,0*0*0
294,1995,3455,0,0,0.810351,0.905175,2,25*6*3,150*16*1
295,794,0,0,0,0,0,0,0*0*0,0*0*0
296,10000,18929,0,0,0.91602,0.95801,18,25*6*16,150*16*6
297,1585,0,0,0,0,0,0,0*0*0,0*0*0
298,19953,18929,1,0,0.459089,0.729544,18,25*6*16,150*16*6
299,19953,18930,1,0,0.459089,0.729544,18,25*6*16,150*16*6
300,12589,18929,1,0,0.727635,0.863818,18,25*6*16,150*16*6
301,2044.85,3455,0,0,0.790596,0.895298,2,25*6*3,150*16*1
302,7447.83,14589,0,0,0.904485,0.952242,14,25*6*13,150*16*4
303,16229.5,18929,0,0,0.564417,0.782208,18,25*6*16,150*16*6
304,16031,18929,1,0,0.571405,0.785703,18,25*6*16,150*16*6
305,19606.3,18930,1,0,0.467207,0.733603,18,25*6*16,150*16*6
306,11840.3,18929,1,0,0.773646,0.886823,18,25*6*16,150*16*6
307,1585.21,0,0,0,0,0,0,0*0*0,0*0*0
308,812.947,0,0,0,0,0,0,0*0*0,0*0*0
309,406.541,0,0,0,0,0,0,0*0*0,0*0*0
310,0,0,0,0,0,0,0,0*0*0,0*0*0
311,1090.61,0,0,0,0,0,0,0*0*0,0*0*0
312,0,0,0,0,0,0,0,0*0*0,0*0*0
313,23.8508,0,0,0,0,0,0,0*0*0,0*0*0
314,0,0,0,0,0,0,0,0*0*0,0*0*0
315,100.082,0,0,0,0,0,0,0*0*0,0*0*0
316,0,0,0,0,0,0,0,0*0*0,0*0*0
317,963.866,0,0,0,0,0,0,0*0*0,0*0*0
318,972.651,0,0,0,0,0,0,0*0*0,0*0*0
319,1043.4,0,0,0,0,0,0,0*0*0,0*0*0
320,110.425,0,0,0,0,0,0,0*0*0,0*0*0
321,108.095,0,0,0,0,0,0,0*0*0,0*0*0
322,653.238,0,0,0,0,0,0,0*0*0,0*0*0
323,0,0,0,0,0,0,0,0*0*0,0*0*0
324,735.417,0,0,0,0,0,0,0*0*0,0*0*0
325,0,0,0,0,0,0,0,0*0*0,0*0*0
326,463.023,0,0,0,0,0,0,0*0*0,0*0*0
327,184.966,0,0,0,0,0,0,0*0*0,0*0*0
328,0,0,0,0,0,0,0,0*0*0,0*0*0
329,0,0,0,0,0,0,0,0*0*0,0*0*0
330,188.049,0,0,0,0,0,0,0*0*0,0*0*0
331,347.586,0,0,0,0,0,0,0*0*0,0*0*0
332,0,0,0,0,0,0,0,0*0*0,0*0*0
333,232.819,0,0,0,0,0,0,0*0*0,0*0*0
334,0,0,0,0,0,0,0,0*0*0,0*0*0
335,0,0,0,0,0,0,0,0*0*0,0*0*0
336,373.985,0,0,0,0,0,0,0*0*0,0*0*0
337,0,0,0,0,0,0,0,0*0*0,0*0*0
338,0,0,0,0,0,0,0,0*0*0,0*0*0
339,0,0,0,0,0,0,0,0*0*0,0*0*0
340,246.768,0,0,0,0,0,0,0*0*0,0*0*0
341,70.5241,0,0,0,0,0,0,0*0*0,0*0*0
342,104.083,0,0,0,0,0,0,0*0*0,0*0*0
343,65.7229,0,0,0,0,0,0,0*0*0,0*0*0
344,0,0,0,0,0,0,0,0*0*0,0*0*0
345,24.8078,0,0,0,0,0,0,0*0*0,0*0*0
346,38.2118,0,0,0,0,0,0,0*0*0,0*0*0
347,0,0,0,0,0,0,0,0*0*0,0*0*0
348,0,0,0,0,0,0,0,0*0*0,0*0*0
349,0,0,0,0,0,0,0,0*0*0,0*0*0
350,1233.26,0,0,0,0,0,0,0*0*0,0*0*0
351,1162.73,0,0,0,0,0,0,0*0*0,0*0*0
352,175.803,0,0,0,0,0,0,0*0*0,0*0*0
353,0,0,0,0,0,0,0,0*0*0,0*0*0
354,0,0,0,0,0,0,0,0*0*0,0*0*0
355,745.338,0,0,0,0,0,0,0*0*0,0*0*0
356,0,0,0,0,0,0,0,0*0*0,0*0*0
357,0,0,0,0,0,0,0,0*0*0,0*0*0
358,733.242,0,0,0,0,0,0,0*0*0,0*0*0
359,813.3,0,0,0,0,0,0,0*0*0,0*0*0
360,2942.07,4860,0,0,0.732936,0.866468,4,25*6*5,150*16*1
361,5289.4,10346,0,0,0.916919,0.958459,10,25*6*9,150*16*3
362,15882.5,18929,0,0,0.576748,0.788374,18,25*6*16,150*16*6
363,6489.78,13781,0,0,0.996428,0.998214,13,25*6*12,150*16*4
364,15244.4,18929,0,0,0.60089,0.800445,18,25*6*16,150*16*6
365,520.352,0,0,0,0,0,0,0*0*0,0*0*0
366,9757.18,18929,1,0,0.938816,0.969408,18,25*6*16,150*16*6
367,7782.69,15362,0,0,0.900241,0.950121,15,25*6*14,150*16*4
368,2152.78,3455,0,0,0.750959,0.87548,2,25*6*3,150*16*1
369,15285.5,18929,0,0,0.599274,0.799637,18,25*6*16,150*16*6
370,2298.73,4217,0,0,0.820671,0.910335,3,25*6*4,150*16*1
371,19898.9,18929,0,0,0.460337,0.730169,18,25*6*16,150*16*6
372,13455.6,18929,1,0,0.680772,0.840386,18,25*6*16,150*16*6
373,3773.72,6904,0,0,0.856794,0.928397,6,25*6*6,150*16*2
374,3567.45,6905,1,0,0.906334,0.953167,6,25*6*6,150*16*2
375,3569.43,6905,1,0,0.905831,0.952915,6,25*6*6,150*16*2
376,2094.36,3455,0,0,0.771906,0.885953,2,25*6*3,150*16*1
377,3244.73,6904,0,0,0.996477,0.998239,6,25*6*6,150*16*2
378,970.046,0,0,0,0,0,0,0*0*0,0*0*0
379,606.424,0,0,0,0,0,0,0*0*0,0*0*0
380,1644.75,3455,0,0,0.982915,0.991458,2,25*6*3,150*16*1
381,3080.19,4861,1,0,0.70007,0.850035,4,25*6*5,150*16*1
382,2843.89,4861,1,0,0.75824,0.87912,4,25*6*5,150*16*1
383,3857.48,7698,0,0,0.908145,0.954072,7,25*6*7,150*16*2
384,14006.3,18929,0,0,0.654006,0.827003,18,25*6*16,150*16*6
385,763.655,0,0,0,0,0,0,0*0*0,0*0*0
386,2161.55,4217,0,0,0.872753,0.936377,3,25*6*4,150*16*1
387,1655.09,3456,1,0,0.976775,0.988387,2,25*6*3,150*16*1
388,5958.59,11907,0,0,0.904518,0.952259,12,25*6*11,150*16*3
389,2606.48,4217,0,0,0.723773,0.861887,3,25*6*4,150*16*1
390,848.815,0,0,0,0,0,0,0*0*0,0*0*0
391,0,0,0,0,0,0,0,0*0*0,0*0*0
392,657.127,0,0,0,0,0,0,0*0*0,0*0*0
393,617.724,0,0,0,0,0,0,0*0*0,0*0*0
394,1445.57,0,0,0,0,0,0,0*0*0,0*0*0
395,1794.68,3456,1,0,0.900801,0.950401,2,25*6*3,150*16*1
396,579.103,0,0,0,0,0,0,0*0*0,0*0*0
397,331.65,0,0,0,0,0,0,0*0*0,0*0*0
398,2779.05,4860,0,0,0.775931,0.887965,4,25*6*5,150*16*1
399,2819.65,4861,1,0,0.764758,0.882379,4,25*6*5,150*16*1
400,1231.87,0,0,0,0,0,0,0*0*0,0*0*0
401,1126.27,0,0,0,0,0,0,0*0*0,0*0*0
402,3151.52,4861,1,0,0.684225,0.842113,4,25*6*5,150*16*1
403,3593.87,6904,0,0,0.899671,0.949835,6,25*6*6,150*16*2
404,3199.29,4860,0,0,0.674009,0.837004,4,25*6*5,150*16*1
405,16034.8,18929,0,0,0.57127,0.785635,18,25*6*16,150*16*6
406,15651.2,18929,1,0,0.585271,0.792636,18,25*6*16,150*16*6
407,20882.6,18930,1,0,0.438652,0.719326,18,25*6*16,150*16*6
408,4874.17,10346,0,0,0.995031,0.997515,10,25*6*9,150*16*3
409,4816.72,8424,0,0,0.783313,0.891657,8,25*6*8,150*16*2
410,15871.8,18929,0,0,0.577137,0.788568,18,25*6*16,150*16*6
411,6490.76,13781,0,0,0.996278,0.998139,13,25*6*12,150*16*4
412,6071.56,11907,0,0,0.887688,0.943844,12,25*6*11,150*16*3
413,6969.86,13781,0,0,0.927795,0.963897,13,25*6*12,150*16*4
414,14799.6,18929,0,0,0.618949,0.809475,18,25*6*16,150*16*6
415,15587.7,18929,1,0,0.587656,0.793828,18,25*6*16,150*16*6
416,11302.9,18930,1,0,0.810429,0.905215,18,25*6*16,150*16*6
417,8356.07,17209,0,0,0.967351,0.983675,16,25*6*15,150*16*5
418,14989.2,18929,0,0,0.61112,0.80556,18,25*6*16,150*16*6
419,7215.16,14589,0,0,0.933652,0.966826,14,25*6*13,150*16*4
420,12681.5,18929,0,0,0.722328,0.861164,18,25*6*16,150*16*6
421,7904.85,15362,0,0,0.886329,0.943165,15,25*6*14,150*16*4
422,8218.82,17209,0,0,0.983505,0.991752,16,25*6*15,150*16*5
423,6785.64,13781,0,0,0.952983,0.976492,13,25*6*12,150*16*4
424,8958.65,18019,0,0,0.932406,0.966203,17,25*6*16,150*16*5
425,8079.77,15362,0,0,0.867141,0.933571,15,25*6*14,150*16*4
426,10357.1,18929,0,0,0.884437,0.942218,18,25*6*16,150*16*6
427,7140.9,14589,0,0,0.943361,0.971681,14,25*6*13,150*16*4
428,8168.07,17209,0,0,0.989616,0.994808,16,25*6*15,150*16*5
429,5820.2,11150,0,0,0.87966,0.93983,11,25*6*10,150*16*3
430,6095.89,11907,0,0,0.884145,0.942072,12,25*6*11,150*16*3
431,2588.72,4217,0,0,0.728739,0.864369,3,25*6*4,150*16*1
432,719.874,0,0,0,0,0,0,0*0*0,0*0*0
433,2220.3,4218,1,0,0.84966,0.92483,3,25*6*4,150*16*1
434,2488.53,4218,1,0,0.758078,0.879039,3,25*6*4,150*16*1
435,5105.92,10346,0,0,0.949868,0.974934,10,25*6*9,150*16*3
436,5092.5,10347,1,0,0.952371,0.976186,10,25*6*9,150*16*3
437,19461.8,18929,0,0,0.470676,0.735338,18,25*6*16,150*16*6
438,3547.38,6904,0,0,0.911461,0.955731,6,25*6*6,150*16*2
439,5710.76,11150,0,0,0.896518,0.948259,11,25*6*10,150*16*3
440,19978.5,18929,0,0,0.458503,0.729251,18,25*6*16,150*16*6
441,12516,18929,1,0,0.731879,0.86594,18,25*6*16,150*16*6
442,13833.3,18930,1,0,0.662185,0.831092,18,25*6*16,150*16*6
443,6493.1,13781,0,0,0.995919,0.997959,13,25*6*12,150*16*4
444,12746.5,18929,0,0,0.718644,0.859322,18,25*6*16,150*16*6
445,12118,18929,1,0,0.755917,0.877958,18,25*6*16,150*16*6
446,7530.64,14589,0,0,0.894539,0.947269,14,25*6*13,150*16*4
447,1941.34,3455,0,0,0.83275,0.916375,2,25*6*3,150*16*1
448,1030.02,0,0,0,0,0,0,0*0*0,0*0*0
449,0,0,0,0,0,0,0,0*0*0,0*0*0
450,0,0,0,0,0,0,0,0*0*0,0*0*0
451,0,0,0,0,0,0,0,0*0*0,0*0*0
452,819.263,0,0,0,0,0,0,0*0*0,0*0*0
453,111.896,0,0,0,0,0,0,0*0*0,0*0*0
454,879.064,0,0,0,0,0,0,0*0*0,0*0*0
455,863.991,0,0,0,0,0,0,0*0*0,0*0*0
456,403.186,0,0,0,0,0,0,0*0*0,0*0*0
457,0,0,0,0,0,0,0,0*0*0,0*0*0
458,717.659,0,0,0,0,0,0,0*0*0,0*0*0
459,1193.27,0,0,0,0,0,0,0*0*0,0*0*0
460,2375.02,4218,1,0,0.794309,0.897155,3,25*6*4,150*16*1
461,4532.79,8424,0,0,0.832379,0.91619,8,25*6*8,150*16*2
462,5264.37,10346,0,0,0.921278,0.960639,10,25*6*9,150*16*3
463,7623.02,15362,0,0,0.919098,0.959549,15,25*6*14,150*16*4
464,4279.81,7698,0,0,0.818529,0.909265,7,25*6*7,150*16*2
465,1883.51,3455,0,0,0.858318,0.929159,2,25*6*3,150*16*1
466,1952.12,3456,1,0,0.828151,0.914075,2,25*6*3,150*16*1
467,237.952,0,0,0,0,0,0,0*0*0,0*0*0
468,2153.32,3456,1,0,0.750771,0.875385,2,25*6*3,150*16*1
469,0,0,0,0,0,0,0,0*0*0,0*0*0
470,753,0,0,0,0,0,0,0*0*0,0*0*0
471,1403.91,0,0,0,0,0,0,0*0*0,0*0*0
472,372.158,0,0,0,0,0,0,0*0*0,0*0*0
473,0,0,0,0,0,0,0,0*0*0,0*0*0
474,0,0,0,0,0,0,0,0*0*0,0*0*0
475,993.313,0,0,0,0,0,0,0*0*0,0*0*0
476,0,0,0,0,0,0,0,0*0*0,0*0*0
477,261.629,0,0,0,0,0,0,0*0*0,0*0*0
478,0,0,0,0,0,0,0,0*0*0,0*0*0
479,113.347,0,0,0,0,0,0,0*0*0,0*0*0
480,0,0,0,0,0,0,0,0*0*0,0*0*0
481,0,0,0,0,0,0,0,0*0*0,0*0*0
482,0,0,0,0,0,0,0,0*0*0,0*0*0
483,141.167,0,0,0,0,0,0,0*0*0,0*0*0
484,3623.2,6904,0,0,0.892388,0.946194,6,25*6*6,150*16*2
485,5046.18,10346,0,0,0.961113,0.980557,10,25*6*9,150*16*3
486,4281.59,7698,0,0,0.818189,0.909095,7,25*6*7,150*16*2
487,2147.37,3455,0,0,0.752851,0.876426,2,25*6*3,150*16*1
488,16772.1,18929,0,0,0.546157,0.773079,18,25*6*16,150*16*6
489,1965.63,3455,0,0,0.822459,0.911229,2,25*6*3,150*16*1
490,20052.9,18929,0,0,0.456802,0.728401,18,25*6*16,150*16*6
491,2192.39,4217,0,0,0.860476,0.930238,3,25*6*4,150*16*1
492,2152.36,3456,1,0,0.751106,0.875553,2,25*6*3,150*16*1
493,3857.02,7698,0,0,0.908253,0.954127,7,25*6*7,150*16*2
494,3786.31,7699,1,0,0.925215,0.962607,7,25*6*7,150*16*2
495,3080.01,4860,0,0,0.700111,0.850056,4,25*6*5,150*16*1
496,2977.2,4861,1,0,0.724288,0.862144,4,25*6*5,150*16*1
497,1479.29,0,0,0,0,0,0,0*0*0,0*0*0
498,3155,4861,1,0,0.683471,0.841735,4,25*6*5,150*16*1
499,3516.86,6904,0,0,0.919371,0.959686,6,25*6*6,150*16*2
500,3120.8,4860,0,0,0.690961,0.84548,4,25*6*5,150*16*1
501,2223.46,4218,1,0,0.848452,0.924226,3,25*6*4,150*16*1
502,5856.81,11150,0,0,0.874162,0.937081,11,25*6*10,150*16*3
503,4095.87,7698,0,0,0.855288,0.927644,7,25*6*7,150*16*2
504,3793.35,7699,1,0,0.923498,0.961749,7,25*6*7,150*16*2
505,2562.19,4217,0,0,0.736284,0.868142,3,25*6*4,150*16*1
506,1155.36,0,0,0,0,0,0,0*0*0,0*0*0
507,3328.22,6904,0,0,0.97148,0.98574,6,25*6*6,150*16*2
508,3543.28,6905,1,0,0.912516,0.956258,6,25*6*6,150*16*2
509,3289.89,6905,1,0,0.982799,0.991399,6,25*6*6,150*16*2
510,1890.51,3455,0,0,0.85514,0.92757,2,25*6*3,150*16*1
511,3972.31,7698,0,0,0.881892,0.940946,7,25*6*7,150*16*2
512,7247.81,14589,0,0,0.929446,0.964723,14,25*6*13,150*16*4
513,4096.66,7698,0,0,0.855123,0.927562,7,25*6*7,150*16*2
514,5081.82,10346,0,0,0.954373,0.977186,10,25*6*9,150*16*3
515,2647.21,4217,0,0,0.712637,0.856319,3,25*6*4,150*16*1
516,1557.41,0,0,0,0,0,0,0*0*0,0*0*0
517,1009.16,0,0,0,0,0,0,0*0*0,0*0*0
518,2412.77,4218,1,0,0.781881,0.890941,3,25*6*4,150*16*1
519,93.3607,0,0,0,0,0,0,0*0*0,0*0*0
520,0,0,0,0,0,0,0,0*0*0,0*0*0
521,507.135,0,0,0,0,0,0,0*0*0,0*0*0
522,802.016,0,0,0,0,0,0,0*0*0,0*0*0
523,275.591,0,0,0,0,0,0,0*0*0,0*0*0
524,545.093,0,0,0,0,0,0,0*0*0,0*0*0
525,485.447,0,0,0,0,0,0,0*0*0,0*0*0
526,2505.42,4218,1,0,0.752968,0.876484,3,25*6*4,150*16*1
527,1150.4,0,0,0,0,0,0,0*0*0,0*0*0
528,1817.18,3455,0,0,0.889648,0.944824,2,25*6*3,150*16*1
529,623.922,0,0,0,0,0,0,0*0*0,0*0*0
530,745.277,0,0,0,0,0,0,0*0*0,0*0*0
531,1031.43,0,0,0,0,0,0,0*0*0,0*0*0
532,0,0,0,0,0,0,0,0*0*0,0*0*0
533,0,0,0,0,0,0,0,0*0*0,0*0*0
534,845.54,0,0,0,0,0,0,0*0*0,0*0*0
535,0,0,0,0,0,0,0,0*0*0,0*0*0
536,0,0,0,0,0,0,0,0*0*0,0*0*0
537,523.027,0,0,0,0,0,0,0*0*0,0*0*0
538,0,0,0,0,0,0,0,0*0*0,0*0*0
539,0,0,0,0,0,0,0,0*0*0,0*0*0
540,730.22,0,0,0,0,0,0,0*0*0,0*0*0
541,98.8366,0,0,0,0,0,0,0*0*0,0*0*0
542,454.655,0,0,0,0,0,0,0*0*0,0*0*0
543,0,0,0,0,0,0,0,0*0*0,0*0*0
544,992.296,0,0,0,0,0,0,0*0*0,0*0*0
545,561.466,0,0,0,0,0,0,0*0*0,0*0*0
546,147.639,0,0,0,0,0,0,0*0*0,0*0*0
547,721.382,0,0,0,0,0,0,0*0*0,0*0*0
548,2910.05,4861,1,0,0.741001,0.870501,4,25*6*5,150*16*1
549,2008.95,3455,0,0,0.804724,0.902362,2,25*6*3,150*16*1
550,3186.21,4861,1,0,0.676776,0.838388,4,25*6*5,150*16*1
551,14902.6,18929,0,0,0.614671,0.807336,18,25*6*16,150*16*6
552,18531.8,18929,1,0,0.494296,0.747148,18,25*6*16,150*16*6
553,15678,18930,1,0,0.584271,0.792135,18,25*6*16,150*16*6
554,15312.7,18929,1,0,0.598209,0.799105,18,25*6*16,150*16*6
555,19826,18930,1,0,0.46203,0.731015,18,25*6*16,150*16*6
556,12500.8,18929,1,0,0.732769,0.866385,18,25*6*16,150*16*6
557,16337.7,18930,1,0,0.560679,0.780339,18,25*6*16,150*16*6
558,25080.4,18929,1,0,0.365233,0.682617,18,25*6*16,150*16*6
559,19966.7,18930,1,0,0.458774,0.729387,18,25*6*16,150*16*6
560,16662.1,18929,1,0,0.549763,0.774881,18,25*6*16,150*16*6
561,15663.7,18930,1,0,0.584804,0.792402,18,25*6*16,150*16*6
562,15278.8,18929,1,0,0.599537,0.799768,18,25*6*16,150*16*6
563,20124.2,18930,1,0,0.455183,0.727592,18,25*6*16,150*16*6
564,9717.11,18929,1,0,0.942688,0.971344,18,25*6*16,150*16*6
565,20155.7,18930,1,0,0.454472,0.727236,18,25*6*16,150*16*6
566,25827.8,18929,1,0,0.354664,0.677332,18,25*6*16,150*16*6
567,15207.9,18930,1,0,0.602332,0.801166,18,25*6*16,150*16*6
568,12499.1,18929,1,0,0.732869,0.866434,18,25*6*16,150*16*6
569,16245.6,18929,1,0,0.563857,0.781929,18,25*6*16,150*16*6
570,25467.4,18929,1,0,0.359683,0.679842,18,25*6*16,150*16*6
571,20024.9,18930,1,0,0.45744,0.72872,18,25*6*16,150*16*6
572,24906.2,18929,1,0,0.367788,0.683894,18,25*6*16,150*16*6
573,11491.1,18930,1,0,0.797156,0.898578,18,25*6*16,150*16*6
574,12659.2,18929,1,0,0.7236,0.8618,18,25*6*16,150*16*6
575,11882.2,18930,1,0,0.770918,0.885459,18,25*6*16,150*16*6
576,16406.9,18929,1,0,0.558314,0.779157,18,25*6*16,150*16*6
577,12472.9,18930,1,0,0.734408,0.867204,18,25*6*16,150*16*6
578,12402.6,18929,1,0,0.738571,0.869285,18,25*6*16,150*16*6
579,15424,18930,1,0,0.593893,0.796946,18,25*6*16,150*16*6
580,12475.8,18929,1,0,0.734237,0.867119,18,25*6*16,150*16*6
581,10703.1,18930,1,0,0.855846,0.927923,18,25*6*16,150*16*6
582,12637.8,18929,1,0,0.724826,0.862413,18,25*6*16,150*16*6
583,14624.2,18930,1,0,0.626373,0.813186,18,25*6*16,150*16*6
584,15685.5,18929,1,0,0.583992,0.791996,18,25*6*16,150*16*6
585,5974.52,11907,0,0,0.902106,0.951053,12,25*6*11,150*16*3
586,15542.2,18929,0,0,0.589376,0.794688,18,25*6*16,150*16*6
587,3401.88,6904,0,0,0.950445,0.975223,6,25*6*6,150*16*2
588,980.995,0,0,0,0,0,0,0*0*0,0*0*0
589,1065.25,0,0,0,0,0,0,0*0*0,0*0*0
590,0,0,0,0,0,0,0,0*0*0,0*0*0
591,188.671,0,0,0,0,0,0,0*0*0,0*0*0
592,1512.09,0,0,0,0,0,0,0*0*0,0*0*0
593,362.42,0,0,0,0,0,0,0*0*0,0*0*0
594,2963.62,4860,0,0,0.727607,0.863803,4,25*6*5,150*16*1
595,654.439,0,0,0,0,0,0,0*0*0,0*0*0
596,9451.85,18019,0,0,0.883753,0.941876,17,25*6*16,150*16*5
597,1692,3455,0,0,0.955467,0.977733,2,25*6*3,150*16*1
598,19757.8,18929,0,0,0.463624,0.731812,18,25*6*16,150*16*6
599,20075.5,18929,1,0,0.456288,0.728144,18,25*6*16,150*16*6
600,13675.4,18930,1,0,0.66983,0.834915,18,25*6*16,150*16*6
601,1730.13,3455,0,0,0.93441,0.967205,2,25*6*3,150*16*1
602,7966.08,15362,0,0,0.879517,0.939758,15,25*6*14,150*16*4
603,15825.7,18929,0,0,0.578818,0.789409,18,25*6*16,150*16*6
604,15897.7,18929,1,0,0.576197,0.788098,18,25*6*16,150*16*6
605,19911.7,18930,1,0,0.460041,0.730021,18,25*6*16,150*16*6
606,12652.9,18929,1,0,0.723961,0.86198,18,25*6*16,150*16*6
607,1601.94,0,0,0,0,0,0,0*0*0,0*0*0
608,94.5331,0,0,0,0,0,0,0*0*0,0*0*0
609,0,0,0,0,0,0,0,0*0*0,0*0*0
610,0,0,0,0,0,0,0,0*0*0,0*0*0
611,1455.12,0,0,0,0,0,0,0*0*0,0*0*0
612,284.364,0,0,0,0,0,0,0*0*0,0*0*0
613,0.402026,0,0,0,0,0,0,0*0*0,0*0*0
614,182.042,0,0,0,0,0,0,0*0*0,0*0*0
615,0,0,0,0,0,0,0,0*0*0,0*0*0
616,0,0,0,0,0,0,0,0*0*0,0*0*0
617,964.654,0,0,0,0,0,0,0*0*0,0*0*0
618,1602.58,0,0,0,0,0,0,0*0*0,0*0*0
619,1240.22,0,0,0,0,0,0,0*0*0,0*0*0
620,197.512,0,0,0,0,0,0,0*0*0,0*0*0
621,150.032,0,0,0,0,0,0,0*0*0,0*0*0
622,358.37,0,0,0,0,0,0,0*0*0,0*0*0
623,0,0,0,0,0,0,0,0*0*0,0*0*0
624,244.596,0,0,0,0,0,0,0*0*0,0*0*0
625,0,0,0,0,0,0,0,0*0*0,0*0*0
626,0,0,0,0,0,0,0,0*0*0,0*0*0
627,0,0,0,0,0,0,0,0*0*0,0*0*0
628,168.898,0,0,0,0,0,0,0*0*0,0*0*0
629,76.5802,0,0,0,0,0,0,0*0*0,0*0*0
630,0,0,0,0,0,0,0,0*0*0,0*0*0
631,148.98,0,0,0,0,0,0,0*0*0,0*0*0
632,108.68,0,0,0,0,0,0,0*0*0,0*0*0
633,19.0098,0,0,0,0,0,0,0*0*0,0*0*0
634,43.5193,0,0,0,0,0,0,0*0*0,0*0*0
635,0,0,0,0,0,0,0,0*0*0,0*0*0
636,73.7673,0,0,0,0,0,0,0*0*0,0*0*0
637,116.811,0,0,0,0,0,0,0*0*0,0*0*0
638,199.403,0,0,0,0,0,0,0*0*0,0*0*0
639,176.24,0,0,0,0,0,0,0*0*0,0*0*0
640,60.9284,0,0,0,0,0,0,0*0*0,0*0*0
641,169.895,0,0,0,0,0,0,0*0*0,0*0*0
642,29.8969,0,0,0,0,0,0,0*0*0,0*0*0
643,93.2587,0,0,0,0,0,0,0*0*0,0*0*0
644,118.256,0,0,0,0,0,0,0*0*0,0*0*0
645,1.29984,0,0,0,0,0,0,0*0*0,0*0*0
646,113.373,0,0,0,0,0,0,0*0*0,0*0*0
647,208.895,0,0,0,0,0,0,0*0*0,0*0*0
648,0,0,0,0,0,0,0,0*0*0,0*0*0
649,226.01,0,0,0,0,0,0,0*0*0,0*0*0
650,235.647,0,0,0,0,0,0,0*0*0,0*0*0
651,79.5698,0,0,0,0,0,0,0*0*0,0*0*0
652,249.776,0,0,0,0,0,0,0*0*0,0*0*0
653,60.4658,0,0,0,0,0,0,0*0*0,0*0*0
654,28.3402,0,0,0,0,0,0,0*0*0,0*0*0
655,173.473,0,0,0,0,0,0,0*0*0,0*0*0
656,158.42,0,0,0,0,0,0,0*0*0,0*0*0
657,0,0,0,0,0,0,0,0*0*0,0*0*0
658,330.18,0,0,0,0,0,0,0*0*0,0*0*0
659,1141.57,0,0,0,0,0,0,0*0*0,0*0*0
660,2981.89,4860,0,0,0.723149,0.861574,4,25*6*5,150*16*1
661,4985.45,10346,0,0,0.972821,0.98641,10,25*6*9,150*16*3
662,15888.1,18929,0,0,0.576545,0.788272,18,25*6*16,150*16*6
663,6252.5,11907,0,0,0.861999,0.931,12,25*6*11,150*16*3
664,15789.3,18929,0,0,0.580152,0.790076,18,25*6*16,150*16*6
665,862.421,0,0,0,0,0,0,0*0*0,0*0*0
666,9816.08,18929,1,0,0.933183,0.966592,18,25*6*16,150*16*6
667,7903.1,15362,0,0,0.886526,0.943263,15,25*6*14,150*16*4
668,1482.76,0,0,0,0,0,0,0*0*0,0*0*0
669,15823.3,18929,0,0,0.578906,0.789453,18,25*6*16,150*16*6
670,2424.04,4217,0,0,0.778246,0.889123,3,25*6*4,150*16*1
671,20082.1,18929,0,0,0.456138,0.728069,18,25*6*16,150*16*6
672,12638.2,18929,1,0,0.724803,0.862401,18,25*6*16,150*16*6
673,3195.19,4860,0,0,0.674874,0.837437,4,25*6*5,150*16*1
674,3290.58,6904,0,0,0.982593,0.991296,6,25*6*6,150*16*2
675,3997.32,7699,1,0,0.876375,0.938187,7,25*6*7,150*16*2
676,2387.39,4217,0,0,0.790193,0.895097,3,25*6*4,150*16*1
677,3368.22,6904,0,0,0.959943,0.979972,6,25*6*6,150*16*2
678,1200.01,0,0,0,0,0,0,0*0*0,0*0*0
679,1046.65,0,0,0,0,0,0,0*0*0,0*0*0
680,1486.37,0,0,0,0,0,0,0*0*0,0*0*0
681,2434.63,4217,0,0,0.774861,0.887431,3,25*6*4,150*16*1
682,3314.32,6904,0,0,0.975555,0.987777,6,25*6*6,150*16*2
683,3937.85,7699,1,0,0.88961,0.944805,7,25*6*7,150*16*2
684,12419.9,18929,0,0,0.737542,0.868771,18,25*6*16,150*16*6
685,1176.33,0,0,0,0,0,0,0*0*0,0*0*0
686,1919.2,3455,0,0,0.842356,0.921178,2,25*6*3,150*16*1
687,2573.45,4218,1,0,0.733063,0.866531,3,25*6*4,150*16*1
688,6364.72,11907,0,0,0.846801,0.9234,12,25*6*11,150*16*3
689,2471.67,4217,0,0,0.763249,0.881625,3,25*6*4,150*16*1
690,1104.14,0,0,0,0,0,0,0*0*0,0*0*0
691,319.199,0,0,0,0,0,0,0*0*0,0*0*0
692,1037.42,0,0,0,0,0,0,0*0*0,0*0*0
693,547.898,0,0,0,0,0,0,0*0*0,0*0*0
694,1174.43,0,0,0,0,0,0,0*0*0,0*0*0
695,1262.27,0,0,0,0,0,0,0*0*0,0*0*0
696,674.577,0,0,0,0,0,0,0*0*0,0*0*0
697,330.972,0,0,0,0,0,0,0*0*0,0*0*0
698,2519.65,4218,1,0,0.748715,0.874358,3,25*6*4,150*16*1
699,2140.06,3455,0,0,0.755423,0.877711,2,25*6*3,150*16*1
700,2026.26,3456,1,0,0.797849,0.898925,2,25*6*3,150*16*1
701,2054.4,3456,1,0,0.786921,0.89346,2,25*6*3,150*16*1
702,3324.25,6904,0,0,0.97264,0.98632,6,25*6*6,150*16*2
703,3167.55,4860,0,0,0.680763,0.840381,4,25*6*5,150*16*1
704,2616.71,4218,1,0,0.720943,0.860472,3,25*6*4,150*16*1
705,15833.2,18929,0,0,0.578544,0.789272,18,25*6*16,150*16*6
706,15879.1,18929,1,0,0.576871,0.788436,18,25*6*16,150*16*6
707,20154.4,18930,1,0,0.454501,0.727251,18,25*6*16,150*16*6
708,5018.05,10346,0,0,0.966501,0.98325,10,25*6*9,150*16*3
709,5044.12,10347,1,0,0.961506,0.980753,10,25*6*9,150*16*3
710,15842.3,18929,0,0,0.578211,0.789106,18,25*6*16,150*16*6
711,6576.75,13781,0,0,0.983252,0.991626,13,25*6*12,150*16*4
712,6255.81,11907,0,0,0.861543,0.930772,12,25*6*11,150*16*3
713,6270.46,11908,1,0,0.85953,0.929765,12,25*6*11,150*16*3
714,15771.3,18929,0,0,0.580815,0.790407,18,25*6*16,150*16*6
715,15812.3,18929,1,0,0.579309,0.789654,18,25*6*16,150*16*6
716,9994.66,18930,1,0,0.916509,0.958255,18,25*6*16,150*16*6
717,8208.64,17209,0,0,0.984725,0.992362,16,25*6*15,150*16*5
718,16078.5,18929,0,0,0.569717,0.784859,18,25*6*16,150*16*6
719,8083.73,15362,0,0,0.866716,0.933358,15,25*6*14,150*16*4
720,12506.1,18929,0,0,0.732459,0.866229,18,25*6*16,150*16*6
721,7985.94,15362,0,0,0.877329,0.938665,15,25*6*14,150*16*4
722,8014.42,15362,1,0,0.874212,0.937106,15,25*6*14,150*16*4
723,8008.94,15363,1,0,0.87481,0.937405,15,25*6*14,150*16*4
724,7876.69,15362,1,0,0.889498,0.944749,15,25*6*14,150*16*4
725,8053.17,15363,1,0,0.870005,0.935003,15,25*6*14,150*16*4
726,9974.44,18929,0,0,0.918367,0.959184,18,25*6*16,150*16*6
727,6312.95,11907,0,0,0.853745,0.926873,12,25*6*11,150*16*3
728,7777.71,15362,0,0,0.900818,0.950409,15,25*6*14,150*16*4
729,6161.58,11907,0,0,0.874719,0.937359,12,25*6*11,150*16*3
730,5136.83,10346,0,0,0.944152,0.972076,10,25*6*9,150*16*3
731,2113.76,3455,0,0,0.764822,0.882411,2,25*6*3,150*16*1
732,1594.4,0,0,0,0,0,0,0*0*0,0*0*0
733,1864.1,3456,1,0,0.867255,0.933627,2,25*6*3,150*16*1
734,2516.39,4218,1,0,0.749685,0.874843,3,25*6*4,150*16*1
735,4923.73,10346,0,0,0.985015,0.992508,10,25*6*9,150*16*3
736,5058.23,10347,1,0,0.958824,0.979412,10,25*6*9,150*16*3
737,20170.1,18929,0,0,0.454147,0.727074,18,25*6*16,150*16*6
738,3072.11,4860,0,0,0.701912,0.850956,4,25*6*5,150*16*1
739,6290.58,11907,0,0,0.856781,0.928391,12,25*6*11,150*16*3
740,19905.8,18929,0,0,0.460177,0.730089,18,25*6*16,150*16*6
741,12458.8,18929,1,0,0.735239,0.86762,18,25*6*16,150*16*6
742,12699,18930,1,0,0.721332,0.860666,18,25*6*16,150*16*6
743,6385.66,11907,0,0,0.844024,0.922012,12,25*6*11,150*16*3
744,12653.9,18929,0,0,0.723903,0.861952,18,25*6*16,150*16*6
745,12466.8,18929,1,0,0.734768,0.867384,18,25*6*16,150*16*6
746,7966.91,15362,0,0,0.879425,0.939713,15,25*6*14,150*16*4
747,1872.64,3455,0,0,0.8633,0.93165,2,25*6*3,150*16*1
748,525.316,0,0,0,0,0,0,0*0*0,0*0*0
749,295.597,0,0,0,0,0,0,0*0*0,0*0*0
750,28.1773,0,0,0,0,0,0,0*0*0,0*0*0
751,94.7315,0,0,0,0,0,0,0*0*0,0*0*0
752,21.8409,0,0,0,0,0,0,0*0*0,0*0*0
753,154.618,0,0,0,0,0,0,0*0*0,0*0*0
754,390.051,0,0,0,0,0,0,0*0*0,0*0*0
755,467.502,0,0,0,0,0,0,0*0*0,0*0*0
756,195.26,0,0,0,0,0,0,0*0*0,0*0*0
757,359.103,0,0,0,0,0,0,0*0*0,0*0*0
758,707.896,0,0,0,0,0,0,0*0*0,0*0*0
759,1676.77,3456,1,0,0.964145,0.982073,2,25*6*3,150*16*1
760,1966.02,3456,1,0,0.822296,0.911148,2,25*6*3,150*16*1
761,3914.92,7698,0,0,0.89482,0.94741,7,25*6*7,150*16*2
762,5062.74,10346,0,0,0.957969,0.978985,10,25*6*9,150*16*3
763,6270.93,11907,0,0,0.859466,0.929733,12,25*6*11,150*16*3
764,4052.3,7698,0,0,0.864484,0.932242,7,25*6*7,150*16*2
765,1476.35,0,0,0,0,0,0,0*0*0,0*0*0
766,2111.54,3455,0,0,0.765626,0.882813,2,25*6*3,150*16*1
767,888.873,0,0,0,0,0,0,0*0*0,0*0*0
768,1650.01,3456,1,0,0.979782,0.989891,2,25*6*3,150*16*1
769,106.119,0,0,0,0,0,0,0*0*0,0*0*0
770,0,0,0,0,0,0,0,0*0*0,0*0*0
771,1030.25,0,0,0,0,0,0,0*0*0,0*0*0
772,0,0,0,0,0,0,0,0*0*0,0*0*0
773,0,0,0,0,0,0,0,0*0*0,0*0*0
774,164.472,0,0,0,0,0,0,0*0*0,0*0*0
775,0,0,0,0,0,0,0,0*0*0,0*0*0
776,0,0,0,0,0,0,0,0*0*0,0*0*0
777,0,0,0,0,0,0,0,0*0*0,0*0*0
778,460.927,0,0,0,0,0,0,0*0*0,0*0*0
779,145.717,0,0,0,0,0,0,0*0*0,0*0*0
780,194.733,0,0,0,0,0,0,0*0*0,0*0*0
781,33.4861,0,0,0,0,0,0,0*0*0,0*0*0
782,149.261,0,0,0,0,0,0,0*0*0,0*0*0
783,940.684,0,0,0,0,0,0,0*0*0,0*0*0
784,3200.52,4861,1,0,0.67375,0.836875,4,25*6*5,150*16*1
785,5010.15,10346,0,0,0.968025,0.984012,10,25*6*9,150*16*3
786,5012.04,10347,1,0,0.96766,0.98383,10,25*6*9,150*16*3
787,1217.72,0,0,0,0,0,0,0*0*0,0*0*0
788,15851.6,18929,0,0,0.577872,0.788936,18,25*6*16,150*16*6
789,1847.6,3455,0,0,0.875,0.9375,2,25*6*3,150*16*1
790,19945.3,18929,0,0,0.459266,0.729633,18,25*6*16,150*16*6
791,2714.48,4860,0,0,0.794388,0.897194,4,25*6*5,150*16*1
792,2582.84,4218,1,0,0.730398,0.865199,3,25*6*4,150*16*1
793,3084.11,4860,0,0,0.699181,0.84959,4,25*6*5,150*16*1
794,4002.9,7698,0,0,0.875153,0.937577,7,25*6*7,150*16*2
795,3112.42,4860,0,0,0.692821,0.846411,4,25*6*5,150*16*1
796,3123.8,4861,1,0,0.690297,0.845149,4,25*6*5,150*16*1
797,1993.76,3455,0,0,0.810855,0.905427,2,25*6*3,150*16*1
798,4014.26,7698,0,0,0.872676,0.936338,7,25*6*7,150*16*2
799,4024.65,7699,1,0,0.870424,0.935212,7,25*6*7,150*16*2
800,3110.1,4860,0,0,0.693338,0.846669,4,25*6*5,150*16*1
801,2618.46,4218,1,0,0.720462,0.860231,3,25*6*4,150*16*1
802,5142.58,10346,0,0,0.943097,0.971548,10,25*6*9,150*16*3
803,3915.31,7698,0,0,0.894731,0.947366,7,25*6*7,150*16*2
804,3970.77,7699,1,0,0.882234,0.941117,7,25*6*7,150*16*2
805,2482.38,4217,0,0,0.759956,0.879978,3,25*6*4,150*16*1
806,2044.11,3456,1,0,0.790882,0.895441,2,25*6*3,150*16*1
807,3070.79,4860,0,0,0.702213,0.851107,4,25*6*5,150*16*1
808,3971.41,7698,0,0,0.882092,0.941046,7,25*6*7,150*16*2
809,3780.26,7699,1,0,0.926696,0.963348,7,25*6*7,150*16*2
810,2515.98,4217,0,0,0.749807,0.874904,3,25*6*4,150*16*1
811,4080.67,7698,0,0,0.858474,0.929237,7,25*6*7,150*16*2
812,6231.37,11907,0,0,0.864922,0.932461,12,25*6*11,150*16*3
813,5040.03,10346,0,0,0.962286,0.981143,10,25*6*9,150*16*3
814,5167.74,10347,1,0,0.938505,0.969253,10,25*6*9,150*16*3
815,2545.65,4217,0,0,0.741068,0.870534,3,25*6*4,150*16*1
816,1457.1,0,0,0,0,0,0,0*0*0,0*0*0
817,248.02,0,0,0,0,0,0,0*0*0,0*0*0
818,1908.92,3456,1,0,0.846892,0.923446,2,25*6*3,150*16*1
819,175.88,0,0,0,0,0,0,0*0*0,0*0*0
820,122.757,0,0,0,0,0,0,0*0*0,0*0*0
821,94.124,0,0,0,0,0,0,0*0*0,0*0*0
822,214.304,0,0,0,0,0,0,0*0*0,0*0*0
823,818.962,0,0,0,0,0,0,0*0*0,0*0*0
824,1401.85,0,0,0,0,0,0,0*0*0,0*0*0
825,654.483,0,0,0,0,0,0,0*0*0,0*0*0
826,2105.7,3456,1,0,0.767749,0.883875,2,25*6*3,150*16*1
827,1215.54,0,0,0,0,0,0,0*0*0,0*0*0
828,942.425,0,0,0,0,0,0,0*0*0,0*0*0
829,331.023,0,0,0,0,0,0,0*0*0,0*0*0
830,439.089,0,0,0,0,0,0,0*0*0,0*0*0
831,766.623,0,0,0,0,0,0,0*0*0,0*0*0
832,15.4767,0,0,0,0,0,0,0*0*0,0*0*0
833,556.273,0,0,0,0,0,0,0*0*0,0*0*0
834,67.0633,0,0,0,0,0,0,0*0*0,0*0*0
835,390.07,0,0,0,0,0,0,0*0*0,0*0*0
836,77.9217,0,0,0,0,0,0,0*0*0,0*0*0
837,0,0,0,0,0,0,0,0*0*0,0*0*0
838,97.4795,0,0,0,0,0,0,0*0*0,0*0*0
839,32.8934,0,0,0,0,0,0,0*0*0,0*0*0
840,0,0,0,0,0,0,0,0*0*0,0*0*0
841,0,0,0,0,0,0,0,0*0*0,0*0*0
842,89.3188,0,0,0,0,0,0,0*0*0,0*0*0
843,67.7659,0,0,0,0,0,0,0*0*0,0*0*0
844,968.147,0,0,0,0,0,0,0*0*0,0*0*0
845,425.6,0,0,0,0,0,0,0*0*0,0*0*0
846,2.36164,0,0,0,0,0,0,0*0*0,0*0*0
847,906.169,0,0,0,0,0,0,0*0*0,0*0*0
848,2502.52,4218,1,0,0.75384,0.87692,3,25*6*4,150*16*1
849,1692.48,3455,0,0,0.955196,0.977598,2,25*6*3,150*16*1
850,3114.04,4861,1,0,0.692461,0.84623,4,25*6*5,150*16*1
851,15827.6,18929,0,0,0.578749,0.789374,18,25*6*16,150*16*6
852,20025.5,18929,1,0,0.457427,0.728713,18,25*6*16,150*16*6
853,15686.9,18930,1,0,0.583939,0.79197,18,25*6*16,150*16*6
854,15776.6,18929,1,0,0.580619,0.79031,18,25*6*16,150*16*6
855,19814.1,18930,1,0,0.462307,0.731154,18,25*6*16,150*16*6
856,12412.2,18929,1,0,0.738,0.869,18,25*6*16,150*16*6
857,15864.7,18930,1,0,0.577395,0.788698,18,25*6*16,150*16*6
858,25208.8,18929,1,0,0.363373,0.681687,18,25*6*16,150*16*6
859,20132.6,18930,1,0,0.454993,0.727497,18,25*6*16,150*16*6
860,15862.7,18929,1,0,0.577468,0.788734,18,25*6*16,150*16*6
861,15804.5,18930,1,0,0.579594,0.789797,18,25*6*16,150*16*6
862,15841,18929,1,0,0.578259,0.789129,18,25*6*16,150*16*6
863,19976.8,18930,1,0,0.458542,0.729271,18,25*6*16,150*16*6
864,9825.35,18929,1,0,0.932303,0.966151,18,25*6*16,150*16*6
865,19889.8,18930,1,0,0.460548,0.730274,18,25*6*16,150*16*6
866,25063.8,18929,1,0,0.365475,0.682738,18,25*6*16,150*16*6
867,15713.4,18930,1,0,0.582955,0.791477,18,25*6*16,150*16*6
868,12747.8,18929,1,0,0.718571,0.859286,18,25*6*16,150*16*6
869,15760.8,18929,1,0,0.581201,0.790601,18,25*6*16,150*16*6
870,24917.5,18929,1,0,0.367621,0.683811,18,25*6*16,150*16*6
871,20204.4,18930,1,0,0.453376,0.726688,18,25*6*16,150*16*6
872,25118.5,18929,1,0,0.364679,0.68234,18,25*6*16,150*16*6
873,12521.5,18930,1,0,0.731558,0.865779,18,25*6*16,150*16*6
874,12504.5,18929,1,0,0.732552,0.866276,18,25*6*16,150*16*6
875,12603.5,18930,1,0,0.726798,0.863399,18,25*6*16,150*16*6
876,15813.8,18929,1,0,0.579254,0.789627,18,25*6*16,150*16*6
877,12686.7,18930,1,0,0.722032,0.861016,18,25*6*16,150*16*6
878,12541.5,18929,1,0,0.730391,0.865196,18,25*6*16,150*16*6
879,15851,18930,1,0,0.577894,0.788947,18,25*6*16,150*16*6
880,12591.9,18929,1,0,0.727468,0.863734,18,25*6*16,150*16*6
881,10071.4,18930,1,0,0.909526,0.954763,18,25*6*16,150*16*6
882,12672.7,18929,1,0,0.722829,0.861415,18,25*6*16,150*16*6
883,16055.1,18930,1,0,0.570548,0.785274,18,25*6*16,150*16*6
884,15675.6,18929,1,0,0.58436,0.79218,18,25*6*16,150*16*6
885,4975.34,10346,0,0,0.974798,0.987399,10,25*6*9,150*16*3
886,16012.6,18929,0,0,0.572062,0.786031,18,25*6*16,150*16*6
887,3930.27,7698,0,0,0.891326,0.945663,7,25*6*7,150*16*2
888,0,0,0,0,0,0,0,0*0*0,0*0*0
889,39.6493,0,0,0,0,0,0,0*0*0,0*0*0
890,323.676,0,0,0,0,0,0,0*0*0,0*0*0
891,286.116,0,0,0,0,0,0,0*0*0,0*0*0
892,137.294,0,0,0,0,0,0,0*0*0,0*0*0
893,374.106,0,0,0,0,0,0,0*0*0,0*0*0
894,1946.18,3455,0,0,0.830679,0.915339,2,25*6*3,150*16*1
895,786.344,0,0,0,0,0,0,0*0*0,0*0*0
896,9996.24,18929,0,0,0.916365,0.958182,18,25*6*16,150*16*6
897,1604.53,0,0,0,0,0,0,0*0*0,0*0*0
898,19903,18929,1,0,0.460242,0.730121,18,25*6*16,150*16*6
899,19903.1,18930,1,0,0.46024,0.73012,18,25*6*16,150*16*6
900,12648.7,18929,1,0,0.724201,0.8621,18,25*6*16,150*16*6
901,2009.44,3455,0,0,0.804528,0.902264,2,25*6*3,150*16*1
902,8550.78,17209,0,0,0.945323,0.972662,16,25*6*15,150*16*5
903,15960.2,18929,0,0,0.57394,0.78697,18,25*6*16,150*16*6
904,16035.6,18929,1,0,0.571241,0.785621,18,25*6*16,150*16*6
905,20384.8,18930,1,0,0.449364,0.724682,18,25*6*16,150*16*6
906,12818.2,18929,1,0,0.714625,0.857312,18,25*6*16,150*16*6
907,1988.5,3455,0,0,0.813,0.9065,2,25*6*3,150*16*1
908,0,0,0,0,0,0,0,0*0*0,0*0*0
909,220.302,0,0,0,0,0,0,0*0*0,0*0*0
910,258.668,0,0,0,0,0,0,0*0*0,0*0*0
911,1919.11,3456,1,0,0.842396,0.921198,2,25*6*3,150*16*1
912,0,0,0,0,0,0,0,0*0*0,0*0*0
913,410.292,0,0,0,0,0,0,0*0*0,0*0*0
914,268.432,0,0,0,0,0,0,0*0*0,0*0*0
915,250.284,0,0,0,0,0,0,0*0*0,0*0*0
916,211.863,0,0,0,0,0,0,0*0*0,0*0*0
917,1252.69,0,0,0,0,0,0,0*0*0,0*0*0
918,1394.47,0,0,0,0,0,0,0*0*0,0*0*0
919,1340.18,0,0,0,0,0,0,0*0*0,0*0*0
920,420.786,0,0,0,0,0,0,0*0*0,0*0*0
921,37.7889,0,0,0,0,0,0,0*0*0,0*0*0
922,838.96,0,0,0,0,0,0,0*0*0,0*0*0
923,0,0,0,0,0,0,0,0*0*0,0*0*0
924,619.971,0,0,0,0,0,0,0*0*0,0*0*0
925,133.837,0,0,0,0,0,0,0*0*0,0*0*0
926,159.273,0,0,0,0,0,0,0*0*0,0*0*0
927,133.972,0,0,0,0,0,0,0*0*0,0*0*0
928,0,0,0,0,0,0,0,0*0*0,0*0*0
929,0,0,0,0,0,0,0,0*0*0,0*0*0
930,0,0,0,0,0,0,0,0*0*0,0*0*0
931,179.938,0,0,0,0,0,0,0*0*0,0*0*0
932,0,0,0,0,0,0,0,0*0*0,0*0*0
933,287.714,0,0,0,0,0,0,0*0*0,0*0*0
934,0,0,0,0,0,0,0,0*0*0,0*0*0
935,112.788,0,0,0,0,0,0,0*0*0,0*0*0
936,511.939,0,0,0,0,0,0,0*0*0,0*0*0
937,516.596,0,0,0,0,0,0,0*0*0,0*0*0
938,0,0,0,0,0,0,0,0*0*0,0*0*0
939,525.734,0,0,0,0,0,0,0*0*0,0*0*0
940,444.004,0,0,0,0,0,0,0*0*0,0*0*0
941,256.307,0,0,0,0,0,0,0*0*0,0*0*0
942,199.133,0,0,0,0,0,0,0*0*0,0*0*0
943,399.806,0,0,0,0,0,0,0*0*0,0*0*0
944,202.294,0,0,0,0,0,0,0*0*0,0*0*0
945,160.39,0,0,0,0,0,0,0*0*0,0*0*0
946,0,0,0,0,0,0,0,0*0*0,0*0*0
947,39.7743,0,0,0,0,0,0,0*0*0,0*0*0
948,383.87,0,0,0,0,0,0,0*0*0,0*0*0
949,334.73,0,0,0,0,0,0,0*0*0,0*0*0
950,184.398,0,0,0,0,0,0,0*0*0,0*0*0
951,477.221,0,0,0,0,0,0,0*0*0,0*0*0
952,380.29,0,0,0,0,0,0,0*0*0,0*0*0
953,114.606,0,0,0,0,0,0,0*0*0,0*0*0
954,455.777,0,0,0,0,0,0,0*0*0,0*0*0
955,0,0,0,0,0,0,0,0*0*0,0*0*0
956,194.659,0,0,0,0,0,0,0*0*0,0*0*0
957,642.644,0,0,0,0,0,0,0*0*0,0*0*0
958,569.736,0,0,0,0,0,0,0*0*0,0*0*0
959,933.013,0,0,0,0,0,0,0*0*0,0*0*0
960,3270.48,6904,0,0,0.988632,0.994316,6,25*6*6,150*16*2
961,5267.75,10346,0,0,0.920687,0.960344,10,25*6*9,150*16*3
962,16064.1,18929,0,0,0.570228,0.785114,18,25*6*16,150*16*6
963,6099.28,11907,0,0,0.883653,0.941827,12,25*6*11,150*16*3
964,15922,18929,0,0,0.575317,0.787659,18,25*6*16,150*16*6
965,635.949,0,0,0,0,0,0,0*0*0,0*0*0
966,10255.7,18929,1,0,0.893181,0.946591,18,25*6*16,150*16*6
967,8178.02,17209,0,0,0.988412,0.994206,16,25*6*15,150*16*5
968,1405.63,0,0,0,0,0,0,0*0*0,0*0*0
969,16225,18929,0,0,0.564573,0.782287,18,25*6*16,150*16*6
970,2462.33,4217,0,0,0.766144,0.883072,3,25*6*4,150*16*1
971,20207.4,18929,0,0,0.453309,0.726655,18,25*6*16,150*16*6
972,12753.8,18929,1,0,0.718233,0.859116,18,25*6*16,150*16*6
973,3348.91,6904,0,0,0.965478,0.982739,6,25*6*6,150*16*2
974,3195.33,4860,0,0,0.674844,0.837422,4,25*6*5,150*16*1
975,4101.85,7698,0,0,0.854041,0.927021,7,25*6*7,150*16*2
976,2781.98,4860,0,0,0.775113,0.887557,4,25*6*5,150*16*1
977,3406.06,6904,0,0,0.949279,0.974639,6,25*6*6,150*16*2
978,1731.23,3455,0,0,0.933816,0.966908,2,25*6*3,150*16*1
979,1395.09,0,0,0,0,0,0,0*0*0,0*0*0
980,1915.88,3456,1,0,0.843816,0.921908,2,25*6*3,150*16*1
981,2506.04,4218,1,0,0.752781,0.876391,3,25*6*4,150*16*1
982,3609.8,6904,0,0,0.895701,0.94785,6,25*6*6,150*16*2
983,4171.75,7699,1,0,0.839732,0.919866,7,25*6*7,150*16*2
984,12876.6,18929,0,0,0.711383,0.855692,18,25*6*16,150*16*6
985,1224.9,0,0,0,0,0,0,0*0*0,0*0*0
986,2154.42,3455,0,0,0.750388,0.875194,2,25*6*3,150*16*1
987,2801.71,4861,1,0,0.769655,0.884827,4,25*6*5,150*16*1
988,6306.45,11907,0,0,0.854625,0.927313,12,25*6*11,150*16*3
989,2393.03,4217,0,0,0.788331,0.894166,3,25*6*4,150*16*1
990,926.941,0,0,0,0,0,0,0*0*0,0*0*0
991,786.117,0,0,0,0,0,0,0*0*0,0*0*0
992,620.397,0,0,0,0,0,0,0*0*0,0*0*0
993,479.538,0,0,0,0,0,0,0*0*0,0*0*0
994,772.404,0,0,0,0,0,0,0*0*0,0*0*0
995,1354.52,0,0,0,0,0,0,0*0*0,0*0*0
996,785.664,0,0,0,0,0,0,0*0*0,0*0*0
997,775.993,0,0,0,0,0,0,0*0*0,0*0*0
998,2702.1,4861,1,0,0.798027,0.899014,4,25*6*5,150*16*1
999,1786.88,3455,0,0,0.904733,0.952367,2,25*6*3,150*16*1
1000,2377.59,4218,1,0,0.793451,0.896725,3,25*6*4,150*16*1
1001,2133.84,3455,0,0,0.757625,0.878812,2,25*6*3,150*16*1
1002,3306.5,6904,0,0,0.977862,0.988931,6,25*6*6,150*16*2
1003,3370.86,6905,1,0,0.959191,0.979596,6,25*6*6,150*16*2
1004,2744.73,4860,0,0,0.785633,0.892816,4,25*6*5,150*16*1
1005,15955.2,18929,0,0,0.57412,0.78706,18,25*6*16,150*16*6
1006,15959.7,18929,1,0,0.573958,0.786979,18,25*6*16,150*16*6
1007,20655,18930,1,0,0.443486,0.721743,18,25*6*16,150*16*6
1008,5425.21,11150,0,0,0.943705,0.971853,11,25*6*10,150*16*3
1009,5342.3,10346,0,0,0.907839,0.95392,10,25*6*9,150*16*3
1010,15888.2,18929,0,0,0.576541,0.788271,18,25*6*16,150*16*6
1011,6130.27,11907,0,0,0.879186,0.939593,12,25*6*11,150*16*3
1012,6214.67,11908,1,0,0.867246,0.933623,12,25*6*11,150*16*3
1013,6138.53,11908,1,0,0.878003,0.939002,12,25*6*11,150*16*3
1014,15960.9,18929,0,0,0.573915,0.786958,18,25*6*16,150*16*6
1015,16004.3,18929,1,0,0.572359,0.786179,18,25*6*16,150*16*6
1016,9976.83,18930,1,0,0.918147,0.959074,18,25*6*16,150*16*6
1017,7753.92,15362,0,0,0.903582,0.951791,15,25*6*14,150*16*4
1018,16528.8,18929,0,0,0.554196,0.777098,18,25*6*16,150*16*6
1019,7954,15362,0,0,0.880852,0.940426,15,25*6*14,150*16*4
1020,13009.8,18929,0,0,0.7041,0.85205,18,25*6*16,150*16*6
1021,7965.84,15362,0,0,0.879543,0.939772,15,25*6*14,150*16*4
1022,8230.74,17209,0,0,0.982081,0.99104,16,25*6*15,150*16*5
1023,8016.68,15362,0,0,0.873965,0.936983,15,25*6*14,150*16*4
1024,7595.88,15362,1,0,0.922382,0.961191,15,25*6*14,150*16*4
1025,7886.1,15363,1,0,0.888437,0.944218,15,25*6*14,150*16*4
1026,10368.9,18929,0,0,0.88343,0.941715,18,25*6*16,150*16*6
1027,6671.46,13781,0,0,0.969293,0.984647,13,25*6*12,150*16*4
1028,8184.97,17209,0,0,0.987572,0.993786,16,25*6*15,150*16*5
1029,6364.07,11907,0,0,0.846887,0.923444,12,25*6*11,150*16*3
1030,5420.74,11150,0,0,0.944484,0.972242,11,25*6*10,150*16*3
1031,2013.1,3455,0,0,0.803065,0.901532,2,25*6*3,150*16*1
1032,1615.65,2539,1,0,0.833596,0.916798,1,25*6*2,150*16*1
1033,2156.01,3455,0,0,0.749834,0.874917,2,25*6*3,150*16*1
1034,2706.48,4861,1,0,0.796736,0.898368,4,25*6*5,150*16*1
1035,5334.62,10346,0,0,0.909146,0.954573,10,25*6*9,150*16*3
1036,5601.31,11150,0,0,0.914036,0.957018,11,25*6*10,150*16*3
1037,19868.8,18929,0,0,0.461034,0.730517,18,25*6*16,150*16*6
1038,3333.67,6904,0,0,0.969892,0.984946,6,25*6*6,150*16*2
1039,6387.88,11907,0,0,0.843731,0.921865,12,25*6*11,150*16*3
1040,19760.4,18929,0,0,0.463563,0.731782,18,25*6*16,150*16*6
1041,12568.3,18929,1,0,0.728834,0.864417,18,25*6*16,150*16*6
1042,13024.6,18930,1,0,0.7033,0.85165,18,25*6*16,150*16*6
1043,6430.29,11907,0,0,0.838166,0.919083,12,25*6*11,150*16*3
1044,12683.8,18929,0,0,0.722197,0.861098,18,25*6*16,150*16*6
1045,12626.6,18929,1,0,0.725468,0.862734,18,25*6*16,150*16*6
1046,8119.78,17209,0,0,0.995501,0.997751,16,25*6*15,150*16*5
1047,2205.53,4217,0,0,0.85535,0.927675,3,25*6*4,150*16*1
1048,724.299,0,0,0,0,0,0,0*0*0,0*0*0
1049,0,0,0,0,0,0,0,0*0*0,0*0*0
1050,25.1509,0,0,0,0,0,0,0*0*0,0*0*0
1051,0,0,0,0,0,0,0,0*0*0,0*0*0
1052,246.955,0,0,0,0,0,0,0*0*0,0*0*0
1053,426.72,0,0,0,0,0,0,0*0*0,0*0*0
1054,863.721,0,0,0,0,0,0,0*0*0,0*0*0
1055,899.918,0,0,0,0,0,0,0*0*0,0*0*0
1056,247.535,0,0,0,0,0,0,0*0*0,0*0*0
1057,278.249,0,0,0,0,0,0,0*0*0,0*0*0
1058,1194.92,0,0,0,0,0,0,0*0*0,0*0*0
1059,1681.84,3456,1,0,0.961239,0.980619,2,25*6*3,150*16*1
1060,2331.17,4217,0,0,0.80925,0.904625,3,25*6*4,150*16*1
1061,3737.62,6904,0,0,0.865069,0.932535,6,25*6*6,150*16*2
1062,5099.09,10346,0,0,0.95114,0.97557,10,25*6*9,150*16*3
1063,6418.42,11907,0,0,0.839716,0.919858,12,25*6*11,150*16*3
1064,4401.39,8424,0,0,0.857229,0.928615,8,25*6*8,150*16*2
1065,1635.25,3455,0,0,0.988626,0.994313,2,25*6*3,150*16*1
1066,2003.8,3456,1,0,0.806792,0.903396,2,25*6*3,150*16*1
1067,750.34,0,0,0,0,0,0,0*0*0,0*0*0
1068,1773.28,3456,1,0,0.911672,0.955836,2,25*6*3,150*16*1
1069,156.401,0,0,0,0,0,0,0*0*0,0*0*0
1070,156.04,0,0,0,0,0,0,0*0*0,0*0*0
1071,1197.18,0,0,0,0,0,0,0*0*0,0*0*0
1072,326.605,0,0,0,0,0,0,0*0*0,0*0*0
1073,0,0,0,0,0,0,0,0*0*0,0*0*0
1074,364.721,0,0,0,0,0,0,0*0*0,0*0*0
1075,0,0,0,0,0,0,0,0*0*0,0*0*0
1076,67.8955,0,0,0,0,0,0,0*0*0,0*0*0
1077,788.052,0,0,0,0,0,0,0*0*0,0*0*0
1078,550.291,0,0,0,0,0,0,0*0*0,0*0*0
1079,308.581,0,0,0,0,0,0,0*0*0,0*0*0
1080,820.76,0,0,0,0,0,0,0*0*0,0*0*0
1081,398.31,0,0,0,0,0,0,0*0*0,0*0*0
1082,428.809,0,0,0,0,0,0,0*0*0,0*0*0
1083,651.546,0,0,0,0,0,0,0*0*0,0*0*0
1084,3172.24,4860,0,0,0.679756,0.839878,4,25*6*5,150*16*1
1085,4962.98,10346,0,0,0.977225,0.988613,10,25*6*9,150*16*3
1086,5568.25,11150,0,0,0.919463,0.959732,11,25*6*10,150*16*3
1087,1590.81,0,0,0,0,0,0,0*0*0,0*0*0
1088,16159.7,18929,0,0,0.566855,0.783427,18,25*6*16,150*16*6
1089,1950.3,3455,0,0,0.828924,0.914462,2,25*6*3,150*16*1
1090,19838.6,18929,0,0,0.461736,0.730868,18,25*6*16,150*16*6
1091,2630.83,4217,0,0,0.717074,0.858537,3,25*6*4,150*16*1
1092,2528.28,4218,1,0,0.746159,0.87308,3,25*6*4,150*16*1
1093,3054.01,4860,0,0,0.706072,0.853036,4,25*6*5,150*16*1
1094,4199.5,7698,0,0,0.834183,0.917091,7,25*6*7,150*16*2
1095,3302.78,6904,0,0,0.978963,0.989482,6,25*6*6,150*16*2
1096,3281.65,6905,1,0,0.985267,0.992633,6,25*6*6,150*16*2
1097,2165.35,4217,0,0,0.871222,0.935611,3,25*6*4,150*16*1
1098,3821.95,7698,0,0,0.916587,0.958294,7,25*6*7,150*16*2
1099,4569.44,8424,0,0,0.825703,0.912851,8,25*6*8,150*16*2
1100,3668.78,6905,1,0,0.881301,0.940651,6,25*6*6,150*16*2
1101,2887.04,4860,0,0,0.746907,0.873453,4,25*6*5,150*16*1
1102,4901.31,10346,0,0,0.989521,0.994761,10,25*6*9,150*16*3
1103,4510.21,8424,0,0,0.836546,0.918273,8,25*6*8,150*16*2
1104,4370.18,8425,1,0,0.863351,0.931676,8,25*6*8,150*16*2
1105,2902.86,4860,0,0,0.742836,0.871418,4,25*6*5,150*16*1
1106,1819.17,3456,1,0,0.888675,0.944337,2,25*6*3,150*16*1
1107,3435.4,6904,0,0,0.941171,0.970586,6,25*6*6,150*16*2
1108,3967.11,7699,1,0,0.883048,0.941524,7,25*6*7,150*16*2
1109,3914.97,7699,1,0,0.894809,0.947404,7,25*6*7,150*16*2
1110,2827.38,4860,0,0,0.762667,0.881334,4,25*6*5,150*16*1
1111,3907.26,7698,0,0,0.896575,0.948287,7,25*6*7,150*16*2
1112,6775.53,13781,0,0,0.954405,0.977203,13,25*6*12,150*16*4
1113,5443.63,11150,0,0,0.940512,0.970256,11,25*6*10,150*16*3
1114,5467.13,11151,1,0,0.936469,0.968235,11,25*6*10,150*16*3
1115,2498.17,4217,0,0,0.755153,0.877576,3,25*6*4,150*16*1
1116,1894.11,3456,1,0,0.853514,0.926757,2,25*6*3,150*16*1
1117,290.829,0,0,0,0,0,0,0*0*0,0*0*0
1118,1952.92,3456,1,0,0.827812,0.913906,2,25*6*3,150*16*1
1119,96.1519,0,0,0,0,0,0,0*0*0,0*0*0
1120,368.004,0,0,0,0,0,0,0*0*0,0*0*0
1121,440.451,0,0,0,0,0,0,0*0*0,0*0*0
1122,296.632,0,0,0,0,0,0,0*0*0,0*0*0
1123,970.644,0,0,0,0,0,0,0*0*0,0*0*0
1124,1209.3,0,0,0,0,0,0,0*0*0,0*0*0
1125,564.389,0,0,0,0,0,0,0*0*0,0*0*0
1126,2357.33,4218,1,0,0.80027,0.900135,3,25*6*4,150*16*1
1127,1510.92,0,0,0,0,0,0,0*0*0,0*0*0
1128,1329.15,0,0,0,0,0,0,0*0*0,0*0*0
1129,203.793,0,0,0,0,0,0,0*0*0,0*0*0
1130,385.012,0,0,0,0,0,0,0*0*0,0*0*0
1131,957.99,0,0,0,0,0,0,0*0*0,0*0*0
1132,0,0,0,0,0,0,0,0*0*0,0*0*0
1133,638.217,0,0,0,0,0,0,0*0*0,0*0*0
1134,0,0,0,0,0,0,0,0*0*0,0*0*0
1135,656.224,0,0,0,0,0,0,0*0*0,0*0*0
1136,222.293,0,0,0,0,0,0,0*0*0,0*0*0
1137,315.798,0,0,0,0,0,0,0*0*0,0*0*0
1138,7.51072,0,0,0,0,0,0,0*0*0,0*0*0
1139,168.618,0,0,0,0,0,0,0*0*0,0*0*0
1140,71.0135,0,0,0,0,0,0,0*0*0,0*0*0
1141,178.865,0,0,0,0,0,0,0*0*0,0*0*0
1142,360.485,0,0,0,0,0,0,0*0*0,0*0*0
1143,34.11,0,0,0,0,0,0,0*0*0,0*0*0
1144,1061.97,0,0,0,0,0,0,0*0*0,0*0*0
1145,629.909,0,0,0,0,0,0,0*0*0,0*0*0
1146,264.813,0,0,0,0,0,0,0*0*0,0*0*0
1147,1557.56,0,0,0,0,0,0,0*0*0,0*0*0
1148,2404.24,4218,1,0,0.784655,0.892328,3,25*6*4,150*16*1
1149,2062.99,3455,0,0,0.783644,0.891822,2,25*6*3,150*16*1
1150,3109.99,4861,1,0,0.693362,0.846681,4,25*6*5,150*16*1
1151,15910.2,18929,0,0,0.575744,0.787872,18,25*6*16,150*16*6
1152,20172.3,18929,1,0,0.454098,0.727049,18,25*6*16,150*16*6
1153,15983.5,18930,1,0,0.573104,0.786552,18,25*6*16,150*16*6
1154,15664.6,18929,1,0,0.584771,0.792385,18,25*6*16,150*16*6
1155,20214.3,18930,1,0,0.453154,0.726577,18,25*6*16,150*16*6
1156,12884.5,18929,1,0,0.710947,0.855474,18,25*6*16,150*16*6
1157,16423.4,18930,1,0,0.557753,0.778876,18,25*6*16,150*16*6
1158,24982.2,18929,1,0,0.366669,0.683335,18,25*6*16,150*16*6
1159,19674.5,18930,1,0,0.465587,0.732794,18,25*6*16,150*16*6
1160,16063,18929,1,0,0.570267,0.785134,18,25*6*16,150*16*6
1161,16146.7,18930,1,0,0.567311,0.783655,18,25*6*16,150*16*6
1162,16246.1,18929,1,0,0.56384,0.78192,18,25*6*16,150*16*6
1163,19988.8,18930,1,0,0.458267,0.729133,18,25*6*16,150*16*6
1164,10249.2,18929,1,0,0.893748,0.946874,18,25*6*16,150*16*6
1165,20291.2,18930,1,0,0.451437,0.725719,18,25*6*16,150*16*6
1166,25090.2,18929,1,0,0.365091,0.682545,18,25*6*16,150*16*6
1167,15580.9,18930,1,0,0.587912,0.793956,18,25*6*16,150*16*6
1168,12581.9,18929,1,0,0.728046,0.864023,18,25*6*16,150*16*6
1169,15933.2,18929,1,0,0.574913,0.787456,18,25*6*16,150*16*6
1170,25353,18929,1,0,0.361306,0.680653,18,25*6*16,150*16*6
1171,20369.1,18930,1,0,0.449711,0.724855,18,25*6*16,150*16*6
1172,25287.9,18929,1,0,0.362236,0.681118,18,25*6*16,150*16*6
1173,12482.2,18930,1,0,0.733861,0.866931,18,25*6*16,150*16*6
1174,12813.4,18929,1,0,0.714892,0.857446,18,25*6*16,150*16*6
1175,12682.1,18930,1,0,0.722294,0.861147,18,25*6*16,150*16*6
1176,16263.9,18929,1,0,0.563223,0.781611,18,25*6*16,150*16*6
1177,12351.7,18930,1,0,0.741615,0.870807,18,25*6*16,150*16*6
1178,12396.3,18929,1,0,0.738946,0.869473,18,25*6*16,150*16*6
1179,16038.6,18930,1,0,0.571135,0.785567,18,25*6*16,150*16*6
1180,12756.1,18929,1,0,0.718103,0.859052,18,25*6*16,150*16*6
1181,10539.9,18930,1,0,0.869097,0.934549,18,25*6*16,150*16*6
1182,12904.9,18929,1,0,0.709823,0.854912,18,25*6*16,150*16*6
1183,15769.7,18930,1,0,0.580873,0.790437,18,25*6*16,150*16*6
1184,16219.7,18929,1,0,0.564758,0.782379,18,25*6*16,150*16*6
1185,5168.01,10346,0,0,0.938456,0.969228,10,25*6*9,150*16*3
1186,16291.9,18929,0,0,0.562255,0.781127,18,25*6*16,150*16*6
1187,3660.29,6904,0,0,0.883345,0.941673,6,25*6*6,150*16*2
1188,0,0,0,0,0,0,0,0*0*0,0*0*0
1189,446.643,0,0,0,0,0,0,0*0*0,0*0*0
1190,132.942,0,0,0,0,0,0,0*0*0,0*0*0
1191,252.873,0,0,0,0,0,0,0*0*0,0*0*0
1192,139.665,0,0,0,0,0,0,0*0*0,0*0*0
1193,609.431,0,0,0,0,0,0,0*0*0,0*0*0
1194,2219.08,4217,0,0,0.850127,0.925064,3,25*6*4,150*16*1
1195,1083.48,0,0,0,0,0,0,0*0*0,0*0*0
1196,10164.8,18929,0,0,0.901169,0.950584,18,25*6*16,150*16*6
1197,1574.6,0,0,0,0,0,0,0*0*0,0*0*0
1198,19668.5,18929,1,0,0.465729,0.732865,18,25*6*16,150*16*6
1199,20107.9,18930,1,0,0.455552,0.727776,18,25*6*16,150*16*6
1200,12873.6,18929,1,0,0.711549,0.855775,18,25*6*16,150*16*6
1201,1749.48,3455,0,0,0.924075,0.962037,2,25*6*3,150*16*1
1202,7907.71,15362,0,0,0.886009,0.943004,15,25*6*14,150*16*4
1203,15741.3,18929,0,0,0.581921,0.790961,18,25*6*16,150*16*6
1204,15797.1,18929,1,0,0.579866,0.789933,18,25*6*16,150*16*6
1205,20412.9,18930,1,0,0.448746,0.724373,18,25*6*16,150*16*6
1206,12576.5,18929,1,0,0.728358,0.864179,18,25*6*16,150*16*6
1207,1604.29,0,0,0,0,0,0,0*0*0,0*0*0
1208,0,0,0,0,0,0,0,0*0*0,0*0*0
1209,0,0,0,0,0,0,0,0*0*0,0*0*0
1210,117.469,0,0,0,0,0,0,0*0*0,0*0*0
1211,1984.46,3455,0,0,0.814655,0.907327,2,25*6*3,150*16*1
1212,730.274,0,0,0,0,0,0,0*0*0,0*0*0
1213,0,0,0,0,0,0,0,0*0*0,0*0*0
1214,629.57,0,0,0,0,0,0,0*0*0,0*0*0
1215,499.701,0,0,0,0,0,0,0*0*0,0*0*0
1216,293.91,0,0,0,0,0,0,0*0*0,0*0*0
1217,1159.71,0,0,0,0,0,0,0*0*0,0*0*0
1218,1855.64,3456,1,0,0.871209,0.935604,2,25*6*3,150*16*1
1219,1319.5,0,0,0,0,0,0,0*0*0,0*0*0
1220,229.153,0,0,0,0,0,0,0*0*0,0*0*0
1221,700.68,0,0,0,0,0,0,0*0*0,0*0*0
1222,821.165,0,0,0,0,0,0,0*0*0,0*0*0
1223,250.186,0,0,0,0,0,0,0*0*0,0*0*0
1224,376.987,0,0,0,0,0,0,0*0*0,0*0*0
1225,53.2052,0,0,0,0,0,0,0*0*0,0*0*0
1226,0,0,0,0,0,0,0,0*0*0,0*0*0
1227,341.432,0,0,0,0,0,0,0*0*0,0*0*0
1228,365.757,0,0,0,0,0,0,0*0*0,0*0*0
1229,390.202,0,0,0,0,0,0,0*0*0,0*0*0
1230,0,0,0,0,0,0,0,0*0*0,0*0*0
1231,0,0,0,0,0,0,0,0*0*0,0*0*0
1232,676.427,0,0,0,0,0,0,0*0*0,0*0*0
1233,211.906,0,0,0,0,0,0,0*0*0,0*0*0
1234,122.434,0,0,0,0,0,0,0*0*0,0*0*0
1235,220.302,0,0,0,0,0,0,0*0*0,0*0*0
1236,409.156,0,0,0,0,0,0,0*0*0,0*0*0
1237,365.359,0,0,0,0,0,0,0*0*0,0*0*0
1238,177.602,0,0,0,0,0,0,0*0*0,0*0*0
1239,169.182,0,0,0,0,0,0,0*0*0,0*0*0
1240,197.452,0,0,0,0,0,0,0*0*0,0*0*0
1241,0,0,0,0,0,0,0,0*0*0,0*0*0
1242,479.775,0,0,0,0,0,0,0*0*0,0*0*0
1243,448.027,0,0,0,0,0,0,0*0*0,0*0*0
1244,330.691,0,0,0,0,0,0,0*0*0,0*0*0
1245,357.704,0,0,0,0,0,0,0*0*0,0*0*0
1246,555.876,0,0,0,0,0,0,0*0*0,0*0*0
1247,547.3,0,0,0,0,0,0,0*0*0,0*0*0
1248,336.133,0,0,0,0,0,0,0*0*0,0*0*0
1249,12.3406,0,0,0,0,0,0,0*0*0,0*0*0
1250,94.4406,0,0,0,0,0,0,0*0*0,0*0*0
1251,461.186,0,0,0,0,0,0,0*0*0,0*0*0
1252,0,0,0,0,0,0,0,0*0*0,0*0*0
1253,225.233,0,0,0,0,0,0,0*0*0,0*0*0
1254,94.3636,0,0,0,0,0,0,0*0*0,0*0*0
1255,343.261,0,0,0,0,0,0,0*0*0,0*0*0
1256,606.955,0,0,0,0,0,0,0*0*0,0*0*0
1257,196.357,0,0,0,0,0,0,0*0*0,0*0*0
1258,393.63,0,0,0,0,0,0,0*0*0,0*0*0
1259,1167.01,0,0,0,0,0,0,0*0*0,0*0*0
1260,2856.76,4861,1,0,0.754824,0.877412,4,25*6*5,150*16*1
1261,5307.31,10346,0,0,0.913825,0.956912,10,25*6*9,150*16*3
1262,16083.4,18929,0,0,0.569544,0.784772,18,25*6*16,150*16*6
1263,6452.81,11907,0,0,0.835241,0.91762,12,25*6*11,150*16*3
1264,16334.4,18929,0,0,0.560792,0.780396,18,25*6*16,150*16*6
1265,788.606,0,0,0,0,0,0,0*0*0,0*0*0
1266,10570.4,18929,1,0,0.86659,0.933295,18,25*6*16,150*16*6
1267,7903.32,15362,0,0,0.886501,0.94325,15,25*6*14,150*16*4
1268,1585.11,0,0,0,0,0,0,0*0*0,0*0*0
1269,16082.3,18929,0,0,0.569583,0.784791,18,25*6*16,150*16*6
1270,2484.51,4217,0,0,0.759305,0.879652,3,25*6*4,150*16*1
1271,20410.6,18929,0,0,0.448796,0.724398,18,25*6*16,150*16*6
1272,12841.2,18929,1,0,0.713345,0.856672,18,25*6*16,150*16*6
1273,3096.52,4860,0,0,0.696379,0.848189,4,25*6*5,150*16*1
1274,3468.91,6904,0,0,0.93208,0.96604,6,25*6*6,150*16*2
1275,3898.94,7699,1,0,0.898488,0.949244,7,25*6*7,150*16*2
1276,2693.85,4217,0,0,0.700299,0.850149,3,25*6*4,150*16*1
1277,3249.73,6904,0,0,0.994944,0.997472,6,25*6*6,150*16*2
1278,1329.07,0,0,0,0,0,0,0*0*0,0*0*0
1279,1230.67,0,0,0,0,0,0,0*0*0,0*0*0
1280,1989.65,3455,0,0,0.81253,0.906265,2,25*6*3,150*16*1
1281,2858.78,4861,1,0,0.75429,0.877145,4,25*6*5,150*16*1
1282,3875.38,7698,0,0,0.90395,0.951975,7,25*6*7,150*16*2
1283,4334.48,8424,0,0,0.870462,0.935231,8,25*6*8,150*16*2
1284,12595.5,18929,0,0,0.72726,0.86363,18,25*6*16,150*16*6
1285,1221.06,0,0,0,0,0,0,0*0*0,0*0*0
1286,2057.81,3455,0,0,0.785617,0.892808,2,25*6*3,150*16*1
1287,2546.61,4218,1,0,0.740789,0.870394,3,25*6*4,150*16*1
1288,6811.99,13781,0,0,0.949297,0.974648,13,25*6*12,150*16*4
1289,2946.38,4860,0,0,0.731864,0.865932,4,25*6*5,150*16*1
1290,1447.18,0,0,0,0,0,0,0*0*0,0*0*0
1291,334.69,0,0,0,0,0,0,0*0*0,0*0*0
1292,1385.94,0,0,0,0,0,0,0*0*0,0*0*0
1293,795.325,0,0,0,0,0,0,0*0*0,0*0*0
1294,878.578,0,0,0,0,0,0,0*0*0,0*0*0
1295,1488.51,0,0,0,0,0,0,0*0*0,0*0*0
1296,841.806,0,0,0,0,0,0,0*0*0,0*0*0
1297,744.788,0,0,0,0,0,0,0*0*0,0*0*0
1298,2529.38,4218,1,0,0.745835,0.872917,3,25*6*4,150*16*1
1299,2437.81,4218,1,0,0.77385,0.886925,3,25*6*4,150*16*1
1300,2235.11,4218,1,0,0.84403,0.922015,3,25*6*4,150*16*1
1301,2138.39,3455,0,0,0.756013,0.878006,2,25*6*3,150*16*1
1302,3218.19,4861,1,0,0.670051,0.835025,4,25*6*5,150*16*1
1303,3108.55,4861,1,0,0.693684,0.846842,4,25*6*5,150*16*1
1304,2690.69,4217,0,0,0.701121,0.850561,3,25*6*4,150*16*1
1305,15963,18929,0,0,0.57384,0.78692,18,25*6*16,150*16*6
1306,16317.8,18929,1,0,0.561362,0.780681,18,25*6*16,150*16*6
1307,20157,18930,1,0,0.454443,0.727221,18,25*6*16,150*16*6
1308,5101.56,10346,0,0,0.95068,0.97534,10,25*6*9,150*16*3
1309,4844.47,9491,0,0,0.945428,0.972714,9,25*6*8,150*16*3
1310,16292.9,18929,0,0,0.56222,0.78111,18,25*6*16,150*16*6
1311,6272.56,11907,0,0,0.859242,0.929621,12,25*6*11,150*16*3
1312,6696.27,13781,0,0,0.965702,0.982851,13,25*6*12,150*16*4
1313,6429.27,11907,0,0,0.838299,0.919149,12,25*6*11,150*16*3
1314,16146.6,18929,0,0,0.567314,0.783657,18,25*6*16,150*16*6
1315,16208.6,18929,1,0,0.565144,0.782572,18,25*6*16,150*16*6
1316,10514.6,18930,1,0,0.871189,0.935594,18,25*6*16,150*16*6
1317,7880.82,15362,0,0,0.889032,0.944516,15,25*6*14,150*16*4
1318,15982.9,18929,0,0,0.573125,0.786563,18,25*6*16,150*16*6
1319,8189.28,17209,0,0,0.987053,0.993526,16,25*6*15,150*16*5
1320,12786.9,18929,0,0,0.716374,0.858187,18,25*6*16,150*16*6
1321,8064.45,15362,0,0,0.868788,0.934394,15,25*6*14,150*16*4
1322,8084.63,15362,1,0,0.86662,0.93331,15,25*6*14,150*16*4
1323,7951.48,15363,1,0,0.881132,0.940566,15,25*6*14,150*16*4
1324,8123.31,17209,0,0,0.995069,0.997534,16,25*6*15,150*16*5
1325,7786.76,15362,0,0,0.899771,0.949885,15,25*6*14,150*16*4
1326,10294.7,18929,0,0,0.889798,0.944899,18,25*6*16,150*16*6
1327,6505.01,13781,0,0,0.994095,0.997048,13,25*6*12,150*16*4
1328,8232.59,17209,0,0,0.98186,0.99093,16,25*6*15,150*16*5
1329,6471.99,11907,0,0,0.832766,0.916383,12,25*6*11,150*16*3
1330,5101.35,10346,0,0,0.950719,0.975359,10,25*6*9,150*16*3
1331,1839.91,3455,0,0,0.878657,0.939329,2,25*6*3,150*16*1
1332,1647.47,3456,1,0,0.981293,0.990646,2,25*6*3,150*16*1
1333,1923.75,3456,1,0,0.840364,0.920182,2,25*6*3,150*16*1
1334,2628.16,4217,0,0,0.717803,0.858901,3,25*6*4,150*16*1
1335,5339.56,10346,0,0,0.908305,0.954153,10,25*6*9,150*16*3
1336,5355.11,10347,1,0,0.905668,0.952834,10,25*6*9,150*16*3
1337,20476.9,18929,0,0,0.447343,0.723672,18,25*6*16,150*16*6
1338,3169.64,4860,0,0,0.680314,0.840157,4,25*6*5,150*16*1
1339,6038.78,11907,0,0,0.892506,0.946253,12,25*6*11,150*16*3
1340,20322.5,18929,0,0,0.450742,0.725371,18,25*6*16,150*16*6
1341,12668.6,18929,1,0,0.723063,0.861532,18,25*6*16,150*16*6
1342,12924.9,18930,1,0,0.708725,0.854363,18,25*6*16,150*16*6
1343,6479.19,13781,0,0,0.998057,0.999028,13,25*6*12,150*16*4
1344,12349.7,18929,0,0,0.741735,0.870867,18,25*6*16,150*16*6
1345,12571,18929,1,0,0.728677,0.864339,18,25*6*16,150*16*6
1346,8145.81,17209,0,0,0.99232,0.99616,16,25*6*15,150*16*5
1347,2241.64,4217,0,0,0.841571,0.920786,3,25*6*4,150*16*1
1348,917.595,0,0,0,0,0,0,0*0*0,0*0*0
1349,514.316,0,0,0,0,0,0,0*0*0,0*0*0
1350,279.225,0,0,0,0,0,0,0*0*0,0*0*0
1351,251.448,0,0,0,0,0,0,0*0*0,0*0*0
1352,490.149,0,0,0,0,0,0,0*0*0,0*0*0
1353,0,0,0,0,0,0,0,0*0*0,0*0*0
1354,477.558,0,0,0,0,0,0,0*0*0,0*0*0
1355,727.753,0,0,0,0,0,0,0*0*0,0*0*0
1356,454.081,0,0,0,0,0,0,0*0*0,0*0*0
1357,269.201,0,0,0,0,0,0,0*0*0,0*0*0
1358,1138.53,0,0,0,0,0,0,0*0*0,0*0*0
1359,1868.01,3456,1,0,0.86544,0.93272,2,25*6*3,150*16*1
1360,1878.69,3456,1,0,0.86052,0.93026,2,25*6*3,150*16*1
1361,4351.87,8424,0,0,0.866984,0.933492,8,25*6*8,150*16*2
1362,5137.31,10346,0,0,0.944064,0.972032,10,25*6*9,150*16*3
1363,6516.58,13781,0,0,0.99233,0.996165,13,25*6*12,150*16*4
1364,4148.49,7698,0,0,0.84444,0.92222,7,25*6*7,150*16*2
1365,1919.16,3455,0,0,0.842374,0.921187,2,25*6*3,150*16*1
1366,2291.86,4218,1,0,0.823131,0.911565,3,25*6*4,150*16*1
1367,635.905,0,0,0,0,0,0,0*0*0,0*0*0
1368,1605.99,0,0,0,0,0,0,0*0*0,0*0*0
1369,0,0,0,0,0,0,0,0*0*0,0*0*0
1370,394.356,0,0,0,0,0,0,0*0*0,0*0*0
1371,764.364,0,0,0,0,0,0,0*0*0,0*0*0
1372,97.7432,0,0,0,0,0,0,0*0*0,0*0*0
1373,284.984,0,0,0,0,0,0,0*0*0,0*0*0
1374,405.341,0,0,0,0,0,0,0*0*0,0*0*0
1375,351.245,0,0,0,0,0,0,0*0*0,0*0*0
1376,612.627,0,0,0,0,0,0,0*0*0,0*0*0
1377,465.018,0,0,0,0,0,0,0*0*0,0*0*0
1378,774.529,0,0,0,0,0,0,0*0*0,0*0*0
1379,491.655,0,0,0,0,0,0,0*0*0,0*0*0
1380,331.673,0,0,0,0,0,0,0*0*0,0*0*0
1381,335.808,0,0,0,0,0,0,0*0*0,0*0*0
1382,528.931,0,0,0,0,0,0,0*0*0,0*0*0
1383,1103.69,0,0,0,0,0,0,0*0*0,0*0*0
1384,3039.98,4860,0,0,0.70933,0.854665,4,25*6*5,150*16*1
1385,4830.47,8424,0,0,0.781083,0.890542,8,25*6*8,150*16*2
1386,5047.86,10346,0,0,0.960793,0.980397,10,25*6*9,150*16*3
1387,919.927,0,0,0,0,0,0,0*0*0,0*0*0
1388,16353,18929,0,0,0.560154,0.780077,18,25*6*16,150*16*6
1389,1969.53,3455,0,0,0.82083,0.910415,2,25*6*3,150*16*1
1390,19922,18929,0,0,0.459803,0.729902,18,25*6*16,150*16*6
1391,2572.53,4217,0,0,0.733325,0.866662,3,25*6*4,150*16*1
1392,2368.15,4218,1,0,0.796613,0.898307,3,25*6*4,150*16*1
1393,3029.44,4860,0,0,0.711798,0.855899,4,25*6*5,150*16*1
1394,4245.58,7698,0,0,0.825129,0.912564,7,25*6*7,150*16*2
1395,3524.73,6904,0,0,0.917318,0.958659,6,25*6*6,150*16*2
1396,3717.95,6905,1,0,0.869646,0.934823,6,25*6*6,150*16*2
1397,1866.6,3455,0,0,0.866093,0.933047,2,25*6*3,150*16*1
1398,4196.62,7698,0,0,0.834755,0.917378,7,25*6*7,150*16*2
1399,4252.37,7699,1,0,0.823811,0.911906,7,25*6*7,150*16*2
1400,3258.97,6904,0,0,0.992123,0.996062,6,25*6*6,150*16*2
1401,2545.55,4217,0,0,0.741097,0.870549,3,25*6*4,150*16*1
1402,5198.27,10346,0,0,0.932993,0.966497,10,25*6*9,150*16*3
1403,4229.66,7698,0,0,0.828234,0.914117,7,25*6*7,150*16*2
1404,3882.95,7699,1,0,0.902188,0.951094,7,25*6*7,150*16*2
1405,2558.77,4217,0,0,0.737268,0.868634,3,25*6*4,150*16*1
1406,2098.34,3456,1,0,0.770442,0.885221,2,25*6*3,150*16*1
1407,3593.33,6904,0,0,0.899806,0.949903,6,25*6*6,150*16*2
1408,4118.84,7699,1,0,0.850519,0.925259,7,25*6*7,150*16*2
1409,3963.86,7699,1,0,0.883772,0.941886,7,25*6*7,150*16*2
1410,2757.55,4860,0,0,0.78198,0.89099,4,25*6*5,150*16*1
1411,4291.01,7698,0,0,0.816393,0.908196,7,25*6*7,150*16*2
1412,6400.3,11907,0,0,0.842093,0.921047,12,25*6*11,150*16*3
1413,5004.05,10346,0,0,0.969205,0.984602,10,25*6*9,150*16*3
1414,5372.82,10347,1,0,0.902682,0.951341,10,25*6*9,150*16*3
1415,2660.59,4217,0,0,0.709053,0.854527,3,25*6*4,150*16*1
1416,1851.78,3456,1,0,0.873025,0.936512,2,25*6*3,150*16*1
1417,481.371,0,0,0,0,0,0,0*0*0,0*0*0
1418,2237.11,4217,0,0,0.843275,0.921638,3,25*6*4,150*16*1
1419,419.941,0,0,0,0,0,0,0*0*0,0*0*0
1420,298.642,0,0,0,0,0,0,0*0*0,0*0*0
1421,148.33,0,0,0,0,0,0,0*0*0,0*0*0
1422,330.182,0,0,0,0,0,0,0*0*0,0*0*0
1423,869.077,0,0,0,0,0,0,0*0*0,0*0*0
1424,1314.08,0,0,0,0,0,0,0*0*0,0*0*0
1425,937.923,0,0,0,0,0,0,0*0*0,0*0*0
1426,2193.99,4218,1,0,0.859849,0.929924,3,25*6*4,150*16*1
1427,1137.68,0,0,0,0,0,0,0*0*0,0*0*0
1428,1822.16,3455,0,0,0.887216,0.943608,2,25*6*3,150*16*1
1429,195.297,0,0,0,0,0,0,0*0*0,0*0*0
1430,287.654,0,0,0,0,0,0,0*0*0,0*0*0
1431,528.144,0,0,0,0,0,0,0*0*0,0*0*0
1432,0,0,0,0,0,0,0,0*0*0,0*0*0
1433,512.231,0,0,0,0,0,0,0*0*0,0*0*0
1434,0,0,0,0,0,0,0,0*0*0,0*0*0
1435,198.026,0,0,0,0,0,0,0*0*0,0*0*0
1436,367.489,0,0,0,0,0,0,0*0*0,0*0*0
1437,145.351,0,0,0,0,0,0,0*0*0,0*0*0
1438,299.787,0,0,0,0,0,0,0*0*0,0*0*0
1439,141.483,0,0,0,0,0,0,0*0*0,0*0*0
1440,471.944,0,0,0,0,0,0,0*0*0,0*0*0
1441,433.542,0,0,0,0,0,0,0*0*0,0*0*0
1442,34.5325,0,0,0,0,0,0,0*0*0,0*0*0
1443,541.878,0,0,0,0,0,0,0*0*0,0*0*0
1444,1378.08,0,0,0,0,0,0,0*0*0,0*0*0
1445,661.479,0,0,0,0,0,0,0*0*0,0*0*0
1446,70.2251,0,0,0,0,0,0,0*0*0,0*0*0
1447,1372.53,0,0,0,0,0,0,0*0*0,0*0*0
1448,2763.21,4861,1,0,0.780379,0.890189,4,25*6*5,150*16*1
1449,1565.86,0,0,0,0,0,0,0*0*0,0*0*0
1450,3412.79,6904,0,0,0.947407,0.973703,6,25*6*6,150*16*2
1451,15778.1,18929,0,0,0.580564,0.790282,18,25*6*16,150*16*6
1452,20407.9,18929,1,0,0.448856,0.724428,18,25*6*16,150*16*6
1453,16097.4,18930,1,0,0.569048,0.784524,18,25*6*16,150*16*6
1454,15842.8,18929,1,0,0.578193,0.789097,18,25*6*16,150*16*6
1455,20135.9,18930,1,0,0.454919,0.727459,18,25*6*16,150*16*6
1456,12913.9,18929,1,0,0.709329,0.854664,18,25*6*16,150*16*6
1457,16002,18930,1,0,0.572441,0.78622,18,25*6*16,150*16*6
1458,25152.1,18929,1,0,0.364192,0.682096,18,25*6*16,150*16*6
1459,20220.9,18930,1,0,0.453007,0.726503,18,25*6*16,150*16*6
1460,16137.7,18929,1,0,0.567627,0.783814,18,25*6*16,150*16*6
1461,16046.1,18930,1,0,0.570868,0.785434,18,25*6*16,150*16*6
1462,15309.3,18929,1,0,0.598342,0.799171,18,25*6*16,150*16*6
1463,20018.8,18930,1,0,0.45758,0.72879,18,25*6*16,150*16*6
1464,10464.9,18929,1,0,0.875326,0.937663,18,25*6*16,150*16*6
1465,20209.7,18930,1,0,0.453258,0.726629,18,25*6*16,150*16*6
1466,25351.4,18929,1,0,0.361329,0.680665,18,25*6*16,150*16*6
1467,16058.4,18930,1,0,0.57043,0.785215,18,25*6*16,150*16*6
1468,12734,18929,1,0,0.71935,0.859675,18,25*6*16,150*16*6
1469,16410.2,18929,1,0,0.558202,0.779101,18,25*6*16,150*16*6
1470,25758.4,18929,1,0,0.35562,0.67781,18,25*6*16,150*16*6
1471,20025.1,18930,1,0,0.457436,0.728718,18,25*6*16,150*16*6
1472,25345.6,18929,1,0,0.361412,0.680706,18,25*6*16,150*16*6
1473,13080.6,18930,1,0,0.700289,0.850144,18,25*6*16,150*16*6
1474,12908.2,18929,1,0,0.709642,0.854821,18,25*6*16,150*16*6
1475,12888.1,18930,1,0,0.710749,0.855374,18,25*6*16,150*16*6
1476,15714.6,18929,1,0,0.58291,0.791455,18,25*6*16,150*16*6
1477,12460.4,18930,1,0,0.735145,0.867572,18,25*6*16,150*16*6
1478,12863.5,18929,1,0,0.712108,0.856054,18,25*6*16,150*16*6
1479,16175.5,18930,1,0,0.566301,0.78315,18,25*6*16,150*16*6
1480,12478.1,18929,1,0,0.734102,0.867051,18,25*6*16,150*16*6
1481,10013,18930,1,0,0.914831,0.957415,18,25*6*16,150*16*6
1482,12825.4,18929,1,0,0.714223,0.857112,18,25*6*16,150*16*6
1483,16405.3,18930,1,0,0.558368,0.779184,18,25*6*16,150*16*6
1484,15700.7,18929,1,0,0.583426,0.791713,18,25*6*16,150*16*6
1485,5212.19,10346,0,0,0.930501,0.965251,10,25*6*9,150*16*3
1486,16065.2,18929,0,0,0.570189,0.785094,18,25*6*16,150*16*6
1487,3982.07,7698,0,0,0.879731,0.939865,7,25*6*7,150*16*2
1488,71.3969,0,0,0,0,0,0,0*0*0,0*0*0
1489,404.066,0,0,0,0,0,0,0*0*0,0*0*0
1490,483.953,0,0,0,0,0,0,0*0*0,0*0*0
1491,484.355,0,0,0,0,0,0,0*0*0,0*0*0
1492,423.791,0,0,0,0,0,0,0*0*0,0*0*0
1493,623.869,0,0,0,0,0,0,0*0*0,0*0*0
1494,2267.57,4217,0,0,0.831948,0.915974,3,25*6*4,150*16*1
1495,774.219,0,0,0,0,0,0,0*0*0,0*0*0
1496,10293.6,18929,0,0,0.889893,0.944946,18,25*6*16,150*16*6
1497,1729.51,3455,0,0,0.934745,0.967372,2,25*6*3,150*16*1
1498,20213.3,18929,0,0,0.453177,0.726588,18,25*6*16,150*16*6
1499,20175.6,18929,1,0,0.454024,0.727012,18,25*6*16,150*16*6
1500,12976.8,18930,1,0,0.705891,0.852945,18,25*6*16,150*16*6
1501,1531.85,0,0,0,0,0,0,0*0*0,0*0*0
1502,7453.11,14589,0,0,0.903844,0.951922,14,25*6*13,150*16*4
1503,15652,18929,0,0,0.585242,0.792621,18,25*6*16,150*16*6
1504,15838.5,18929,1,0,0.57835,0.789175,18,25*6*16,150*16*6
1505,19061.9,18930,1,0,0.48055,0.740275,18,25*6*16,150*16*6
1506,12755.6,18929,1,0,0.718132,0.859066,18,25*6*16,150*16*6
1507,1574.17,0,0,0,0,0,0,0*0*0,0*0*0
1508,0,0,0,0,0,0,0,0*0*0,0*0*0
1509,101.877,0,0,0,0,0,0,0*0*0,0*0*0
1510,238.555,0,0,0,0,0,0,0*0*0,0*0*0
1511,1738.6,3455,0,0,0.929857,0.964929,2,25*6*3,150*16*1
1512,372.136,0,0,0,0,0,0,0*0*0,0*0*0
1513,245.24,0,0,0,0,0,0,0*0*0,0*0*0
1514,683.274,0,0,0,0,0,0,0*0*0,0*0*0
1515,0,0,0,0,0,0,0,0*0*0,0*0*0
1516,0,0,0,0,0,0,0,0*0*0,0*0*0
1517,1613.39,0,0,0,0,0,0,0*0*0,0*0*0
1518,2021.13,3456,1,0,0.799874,0.899937,2,25*6*3,150*16*1
1519,1740.61,3456,1,0,0.928784,0.964392,2,25*6*3,150*16*1
1520,0,0,0,0,0,0,0,0*0*0,0*0*0
1521,116.768,0,0,0,0,0,0,0*0*0,0*0*0
1522,166.356,0,0,0,0,0,0,0*0*0,0*0*0
1523,0,0,0,0,0,0,0,0*0*0,0*0*0
1524,620.212,0,0,0,0,0,0,0*0*0,0*0*0
1525,177.327,0,0,0,0,0,0,0*0*0,0*0*0
1526,253.856,0,0,0,0,0,0,0*0*0,0*0*0
1527,438.13,0,0,0,0,0,0,0*0*0,0*0*0
1528,0,0,0,0,0,0,0,0*0*0,0*0*0
1529,45.4251,0,0,0,0,0,0,0*0*0,0*0*0
1530,0,0,0,0,0,0,0,0*0*0,0*0*0
1531,0,0,0,0,0,0,0,0*0*0,0*0*0
1532,0,0,0,0,0,0,0,0*0*0,0*0*0
1533,150.62,0,0,0,0,0,0,0*0*0,0*0*0
1534,41.4484,0,0,0,0,0,0,0*0*0,0*0*0
1535,0,0,0,0,0,0,0,0*0*0,0*0*0
1536,0,0,0,0,0,0,0,0*0*0,0*0*0
1537,0,0,0,0,0,0,0,0*0*0,0*0*0
1538,0,0,0,0,0,0,0,0*0*0,0*0*0
1539,262.83,0,0,0,0,0,0,0*0*0,0*0*0
1540,667.122,0,0,0,0,0,0,0*0*0,0*0*0
1541,144.978,0,0,0,0,0,0,0*0*0,0*0*0
1542,265.562,0,0,0,0,0,0,0*0*0,0*0*0
1543,410.506,0,0,0,0,0,0,0*0*0,0*0*0
1544,248.833,0,0,0,0,0,0,0*0*0,0*0*0
1545,681.083,0,0,0,0,0,0,0*0*0,0*0*0
1546,117.126,0,0,0,0,0,0,0*0*0,0*0*0
1547,199.762,0,0,0,0,0,0,0*0*0,0*0*0
1548,119.357,0,0,0,0,0,0,0*0*0,0*0*0
1549,0,0,0,0,0,0,0,0*0*0,0*0*0
1550,0,0,0,0,0,0,0,0*0*0,0*0*0
1551,577.567,0,0,0,0,0,0,0*0*0,0*0*0
1552,0,0,0,0,0,0,0,0*0*0,0*0*0
1553,556.684,0,0,0,0,0,0,0*0*0,0*0*0
1554,0,0,0,0,0,0,0,0*0*0,0*0*0
1555,436.79,0,0,0,0,0,0,0*0*0,0*0*0
1556,0,0,0,0,0,0,0,0*0*0,0*0*0
1557,0,0,0,0,0,0,0,0*0*0,0*0*0
1558,624.484,0,0,0,0,0,0,0*0*0,0*0*0
1559,1050.5,0,0,0,0,0,0,0*0*0,0*0*0
1560,3103.54,4860,0,0,0.694803,0.847402,4,25*6*5,150*16*1
1561,4718.09,8424,0,0,0.799688,0.899844,8,25*6*8,150*16*2
1562,15259.5,18929,0,0,0.600295,0.800147,18,25*6*16,150*16*6
1563,6724.39,13781,0,0,0.961663,0.980832,13,25*6*12,150*16*4
1564,15977.7,18929,0,0,0.573312,0.786656,18,25*6*16,150*16*6
1565,1209,0,0,0,0,0,0,0*0*0,0*0*0
1566,9686.95,18929,1,0,0.945623,0.972811,18,25*6*16,150*16*6
1567,8720.5,18020,1,0,0.957869,0.978935,17,25*6*16,150*16*5
1568,1935.59,3455,0,0,0.835223,0.917612,2,25*6*3,150*16*1
1569,15180,18929,0,0,0.603439,0.801719,18,25*6*16,150*16*6
1570,2816.13,4860,0,0,0.765714,0.882857,4,25*6*5,150*16*1
1571,20602.6,18929,0,0,0.444614,0.722307,18,25*6*16,150*16*6
1572,12179.6,18929,1,0,0.752094,0.876047,18,25*6*16,150*16*6
1573,3541.96,6904,0,0,0.912856,0.956428,6,25*6*6,150*16*2
1574,3363.31,6905,1,0,0.961345,0.980672,6,25*6*6,150*16*2
1575,3974.24,7698,0,0,0.881464,0.940732,7,25*6*7,150*16*2
1576,2473.81,4217,0,0,0.762589,0.881294,3,25*6*4,150*16*1
1577,3353.67,6904,0,0,0.964108,0.982054,6,25*6*6,150*16*2
1578,1980.91,3455,0,0,0.816115,0.908057,2,25*6*3,150*16*1
1579,1435.45,0,0,0,0,0,0,0*0*0,0*0*0
1580,1884.18,3456,1,0,0.858013,0.929006,2,25*6*3,150*16*1
1581,3087.63,4861,1,0,0.698384,0.849192,4,25*6*5,150*16*1
1582,3378.55,6904,0,0,0.957008,0.978504,6,25*6*6,150*16*2
1583,4301.24,7699,1,0,0.814451,0.907226,7,25*6*7,150*16*2
1584,12049.5,18929,0,0,0.760214,0.880107,18,25*6*16,150*16*6
1585,625.071,0,0,0,0,0,0,0*0*0,0*0*0
1586,2173.02,4217,0,0,0.868147,0.934073,3,25*6*4,150*16*1
1587,3307.09,6904,0,0,0.977687,0.988844,6,25*6*6,150*16*2
1588,6469.68,11907,0,0,0.833063,0.916531,12,25*6*11,150*16*3
1589,2152.94,3455,0,0,0.750903,0.875452,2,25*6*3,150*16*1
1590,1033.12,0,0,0,0,0,0,0*0*0,0*0*0
1591,546.8,0,0,0,0,0,0,0*0*0,0*0*0
1592,760.848,0,0,0,0,0,0,0*0*0,0*0*0
1593,1150.71,0,0,0,0,0,0,0*0*0,0*0*0
1594,1483.41,0,0,0,0,0,0,0*0*0,0*0*0
1595,1846.34,3456,1,0,0.875597,0.937799,2,25*6*3,150*16*1
1596,792.485,0,0,0,0,0,0,0*0*0,0*0*0
1597,43.7316,0,0,0,0,0,0,0*0*0,0*0*0
1598,2518.01,4218,1,0,0.749203,0.874601,3,25*6*4,150*16*1
1599,2244.93,4218,1,0,0.840338,0.920169,3,25*6*4,150*16*1
1600,2313.23,4218,1,0,0.815526,0.907763,3,25*6*4,150*16*1
1601,2978.58,4860,0,0,0.723952,0.861976,4,25*6*5,150*16*1
1602,3704.18,6904,0,0,0.872879,0.936439,6,25*6*6,150*16*2
1603,3842.7,7699,1,0,0.911638,0.955819,7,25*6*7,150*16*2
1604,1907.48,3455,0,0,0.847532,0.923766,2,25*6*3,150*16*1
1605,16435.6,18929,0,0,0.557339,0.778669,18,25*6*16,150*16*6
1606,16234.8,18929,1,0,0.564232,0.782116,18,25*6*16,150*16*6
1607,19615.5,18930,1,0,0.466988,0.733494,18,25*6*16,150*16*6
1608,4847.39,9491,0,0,0.944859,0.972429,9,25*6*8,150*16*3
1609,4579.71,8425,1,0,0.823851,0.911926,8,25*6*8,150*16*2
1610,15894.4,18929,0,0,0.576316,0.788158,18,25*6*16,150*16*6
1611,6120.98,11907,0,0,0.880521,0.94026,12,25*6*11,150*16*3
1612,6659.26,13781,0,0,0.971069,0.985534,13,25*6*12,150*16*4
1613,6120.95,11907,0,0,0.880525,0.940263,12,25*6*11,150*16*3
1614,15882.8,18929,0,0,0.576737,0.788369,18,25*6*16,150*16*6
1615,16472.4,18929,1,0,0.556094,0.778047,18,25*6*16,150*16*6
1616,10227.3,18930,1,0,0.895662,0.947831,18,25*6*16,150*16*6
1617,8120.05,17209,0,0,0.995468,0.997734,16,25*6*15,150*16*5
1618,16244.8,18929,0,0,0.563885,0.781943,18,25*6*16,150*16*6
1619,7789.32,15362,0,0,0.899475,0.949738,15,25*6*14,150*16*4
1620,12516.3,18929,0,0,0.731862,0.865931,18,25*6*16,150*16*6
1621,7930.32,15362,0,0,0.883483,0.941741,15,25*6*14,150*16*4
1622,8152.17,17209,0,0,0.991546,0.995773,16,25*6*15,150*16*5
1623,7957.25,15362,0,0,0.880493,0.940246,15,25*6*14,150*16*4
1624,7757.67,15362,1,0,0.903145,0.951572,15,25*6*14,150*16*4
1625,8241.72,17209,0,0,0.980772,0.990386,16,25*6*15,150*16*5
1626,9771.85,18929,0,0,0.937407,0.968703,18,25*6*16,150*16*6
1627,7142.14,14589,0,0,0.943198,0.971599,14,25*6*13,150*16*4
1628,7792.92,15362,1,0,0.89906,0.94953,15,25*6*14,150*16*4
1629,5741.6,11150,0,0,0.891703,0.945851,11,25*6*10,150*16*3
1630,4141.92,7698,0,0,0.845779,0.92289,7,25*6*7,150*16*2
1631,2887.05,4860,0,0,0.746904,0.873452,4,25*6*5,150*16*1
1632,1582.09,0,0,0,0,0,0,0*0*0,0*0*0
1633,2635.4,4218,1,0,0.715831,0.857915,3,25*6*4,150*16*1
1634,2757.91,4860,0,0,0.781878,0.890939,4,25*6*5,150*16*1
1635,4802.37,8424,0,0,0.785654,0.892827,8,25*6*8,150*16*2
1636,5347.52,10346,0,0,0.906953,0.953477,10,25*6*9,150*16*3
1637,20385.6,18929,0,0,0.449347,0.724673,18,25*6*16,150*16*6
1638,3083.11,4860,0,0,0.699407,0.849704,4,25*6*5,150*16*1
1639,6336.67,11907,0,0,0.850549,0.925275,12,25*6*11,150*16*3
1640,19514.3,18929,0,0,0.46941,0.734705,18,25*6*16,150*16*6
1641,13003.9,18929,1,0,0.704419,0.85221,18,25*6*16,150*16*6
1642,12352.1,18930,1,0,0.74159,0.870795,18,25*6*16,150*16*6
1643,6289.46,11907,0,0,0.856934,0.928467,12,25*6*11,150*16*3
1644,12510.3,18929,0,0,0.732213,0.866106,18,25*6*16,150*16*6
1645,12352.9,18929,1,0,0.741542,0.870771,18,25*6*16,150*16*6
1646,8239.32,17209,0,0,0.981058,0.990529,16,25*6*15,150*16*5
1647,2231.93,4217,0,0,0.845233,0.922616,3,25*6*4,150*16*1
1648,921.417,0,0,0,0,0,0,0*0*0,0*0*0
1649,765.947,0,0,0,0,0,0,0*0*0,0*0*0
1650,720.232,0,0,0,0,0,0,0*0*0,0*0*0
1651,73.5151,0,0,0,0,0,0,0*0*0,0*0*0
1652,958.976,0,0,0,0,0,0,0*0*0,0*0*0
1653,0,0,0,0,0,0,0,0*0*0,0*0*0
1654,0,0,0,0,0,0,0,0*0*0,0*0*0
1655,222.894,0,0,0,0,0,0,0*0*0,0*0*0
1656,631.732,0,0,0,0,0,0,0*0*0,0*0*0
1657,0,0,0,0,0,0,0,0*0*0,0*0*0
1658,1760.12,3456,1,0,0.918489,0.959244,2,25*6*3,150*16*1
1659,1175.46,0,0,0,0,0,0,0*0*0,0*0*0
1660,1585.97,0,0,0,0,0,0,0*0*0,0*0*0
1661,3581.65,6904,0,0,0.90274,0.95137,6,25*6*6,150*16*2
1662,6187.04,11907,0,0,0.871119,0.93556,12,25*6*11,150*16*3
1663,7019.61,14589,0,0,0.959662,0.979831,14,25*6*13,150*16*4
1664,4577.22,8424,0,0,0.824299,0.91215,8,25*6*8,150*16*2
1665,1295.19,0,0,0,0,0,0,0*0*0,0*0*0
1666,1409.96,0,0,0,0,0,0,0*0*0,0*0*0
1667,1044.02,0,0,0,0,0,0,0*0*0,0*0*0
1668,1531.39,0,0,0,0,0,0,0*0*0,0*0*0
1669,256.774,0,0,0,0,0,0,0*0*0,0*0*0
1670,482.945,0,0,0,0,0,0,0*0*0,0*0*0
1671,578.295,0,0,0,0,0,0,0*0*0,0*0*0
1672,51.7029,0,0,0,0,0,0,0*0*0,0*0*0
1673,0,0,0,0,0,0,0,0*0*0,0*0*0
1674,0,0,0,0,0,0,0,0*0*0,0*0*0
1675,0,0,0,0,0,0,0,0*0*0,0*0*0
1676,105.832,0,0,0,0,0,0,0*0*0,0*0*0
1677,8.59027,0,0,0,0,0,0,0*0*0,0*0*0
1678,493.265,0,0,0,0,0,0,0*0*0,0*0*0
1679,409.315,0,0,0,0,0,0,0*0*0,0*0*0
1680,330.409,0,0,0,0,0,0,0*0*0,0*0*0
1681,0,0,0,0,0,0,0,0*0*0,0*0*0
1682,766.88,0,0,0,0,0,0,0*0*0,0*0*0
1683,822.826,0,0,0,0,0,0,0*0*0,0*0*0
1684,2671.81,4217,0,0,0.706076,0.853038,3,25*6*4,150*16*1
1685,6022.47,11907,0,0,0.894924,0.947462,12,25*6*11,150*16*3
1686,4226.78,7698,0,0,0.828799,0.914399,7,25*6*7,150*16*2
1687,1276.51,0,0,0,0,0,0,0*0*0,0*0*0
1688,15514.2,18929,0,0,0.59044,0.79522,18,25*6*16,150*16*6
1689,2543.19,4217,0,0,0.741785,0.870892,3,25*6*4,150*16*1
1690,20169.8,18929,0,0,0.454154,0.727077,18,25*6*16,150*16*6
1691,2165.56,4217,0,0,0.871137,0.935569,3,25*6*4,150*16*1
1692,2361.7,4218,1,0,0.798789,0.899395,3,25*6*4,150*16*1
1693,3875.52,7698,0,0,0.903917,0.951959,7,25*6*7,150*16*2
1694,3898.64,7699,1,0,0.898557,0.949278,7,25*6*7,150*16*2
1695,3513.31,6904,0,0,0.9203,0.96015,6,25*6*6,150*16*2
1696,2378.39,4217,0,0,0.793184,0.896592,3,25*6*4,150*16*1
1697,2055.81,3456,1,0,0.786381,0.893191,2,25*6*3,150*16*1
1698,4116.2,7698,0,0,0.851064,0.925532,7,25*6*7,150*16*2
1699,4674.41,8424,0,0,0.807161,0.90358,8,25*6*8,150*16*2
1700,3014.58,4860,0,0,0.715307,0.857653,4,25*6*5,150*16*1
1701,2611.23,4218,1,0,0.722456,0.861228,3,25*6*4,150*16*1
1702,4819.27,8424,0,0,0.782899,0.891449,8,25*6*8,150*16*2
1703,4366.1,8425,1,0,0.864158,0.932079,8,25*6*8,150*16*2
1704,4510.11,8425,1,0,0.836565,0.918282,8,25*6*8,150*16*2
1705,3317.31,6905,1,0,0.974675,0.987338,6,25*6*6,150*16*2
1706,1554.08,0,0,0,0,0,0,0*0*0,0*0*0
1707,2393.84,4217,0,0,0.788064,0.894032,3,25*6*4,150*16*1
1708,3734.29,6904,0,0,0.865841,0.93292,6,25*6*6,150*16*2
1709,4442.39,8425,1,0,0.849318,0.924659,8,25*6*8,150*16*2
1710,1848.69,3455,0,0,0.874484,0.937242,2,25*6*3,150*16*1
1711,3520.24,6904,0,0,0.918489,0.959244,6,25*6*6,150*16*2
1712,6800.41,13781,0,0,0.950913,0.975457,13,25*6*12,150*16*4
1713,5594.8,11150,0,0,0.9151,0.95755,11,25*6*10,150*16*3
1714,5400.78,11151,1,0,0.947974,0.973987,11,25*6*10,150*16*3
1715,2006.34,3455,0,0,0.805771,0.902885,2,25*6*3,150*16*1
1716,1131.81,0,0,0,0,0,0,0*0*0,0*0*0
1717,975.545,0,0,0,0,0,0,0*0*0,0*0*0
1718,1747.99,3456,1,0,0.924862,0.962431,2,25*6*3,150*16*1
1719,0,0,0,0,0,0,0,0*0*0,0*0*0
1720,0,0,0,0,0,0,0,0*0*0,0*0*0
1721,529.581,0,0,0,0,0,0,0*0*0,0*0*0
1722,1090.02,0,0,0,0,0,0,0*0*0,0*0*0
1723,1046.11,0,0,0,0,0,0,0*0*0,0*0*0
1724,941.979,0,0,0,0,0,0,0*0*0,0*0*0
1725,977.604,0,0,0,0,0,0,0*0*0,0*0*0
1726,2358.43,4218,1,0,0.799897,0.899948,3,25*6*4,150*16*1
1727,1051.51,0,0,0,0,0,0,0*0*0,0*0*0
1728,137.689,0,0,0,0,0,0,0*0*0,0*0*0
1729,462.848,0,0,0,0,0,0,0*0*0,0*0*0
1730,533.268,0,0,0,0,0,0,0*0*0,0*0*0
1731,1068.44,0,0,0,0,0,0,0*0*0,0*0*0
1732,153.007,0,0,0,0,0,0,0*0*0,0*0*0
1733,398.196,0,0,0,0,0,0,0*0*0,0*0*0
1734,497.162,0,0,0,0,0,0,0*0*0,0*0*0
1735,958.045,0,0,0,0,0,0,0*0*0,0*0*0
1736,0,0,0,0,0,0,0,0*0*0,0*0*0
1737,0,0,0,0,0,0,0,0*0*0,0*0*0
1738,0,0,0,0,0,0,0,0*0*0,0*0*0
1739,0,0,0,0,0,0,0,0*0*0,0*0*0
1740,334.165,0,0,0,0,0,0,0*0*0,0*0*0
1741,1049.62,0,0,0,0,0,0,0*0*0,0*0*0
1742,318.693,0,0,0,0,0,0,0*0*0,0*0*0
1743,768.928,0,0,0,0,0,0,0*0*0,0*0*0
1744,1180.7,0,0,0,0,0,0,0*0*0,0*0*0
1745,1124.7,0,0,0,0,0,0,0*0*0,0*0*0
1746,0,0,0,0,0,0,0,0*0*0,0*0*0
1747,1001.89,0,0,0,0,0,0,0*0*0,0*0*0
1748,2060.01,3455,0,0,0.784778,0.892389,2,25*6*3,150*16*1
1749,1685.63,3456,1,0,0.959078,0.979539,2,25*6*3,150*16*1
1750,2796.95,4861,1,0,0.770965,0.885482,4,25*6*5,150*16*1
1751,15838.1,18929,0,0,0.578365,0.789182,18,25*6*16,150*16*6
1752,20275.8,18929,1,0,0.45178,0.72589,18,25*6*16,150*16*6
1753,15508.9,18930,1,0,0.590642,0.795321,18,25*6*16,150*16*6
1754,16593.7,18929,1,0,0.552029,0.776014,18,25*6*16,150*16*6
1755,19486.7,18930,1,0,0.470074,0.735037,18,25*6*16,150*16*6
1756,12161.4,18929,1,0,0.753219,0.87661,18,25*6*16,150*16*6
1757,15271.9,18930,1,0,0.599807,0.799904,18,25*6*16,150*16*6
1758,25193.5,18929,1,0,0.363594,0.681797,18,25*6*16,150*16*6
1759,19616.1,18930,1,0,0.466974,0.733487,18,25*6*16,150*16*6
1760,15185,18929,1,0,0.60324,0.80162,18,25*6*16,150*16*6
1761,16321.9,18930,1,0,0.561221,0.780611,18,25*6*16,150*16*6
1762,15704.8,18929,1,0,0.583274,0.791637,18,25*6*16,150*16*6
1763,19740.3,18930,1,0,0.464036,0.732018,18,25*6*16,150*16*6
1764,10009.5,18929,1,0,0.915151,0.957575,18,25*6*16,150*16*6
1765,20506.9,18930,1,0,0.446689,0.723344,18,25*6*16,150*16*6
1766,25139.9,18929,1,0,0.364369,0.682184,18,25*6*16,150*16*6
1767,15834.1,18930,1,0,0.578511,0.789255,18,25*6*16,150*16*6
1768,12361.5,18929,1,0,0.741027,0.870513,18,25*6*16,150*16*6
1769,16285.1,18929,1,0,0.56249,0.781245,18,25*6*16,150*16*6
1770,25436.6,18929,1,0,0.360119,0.680059,18,25*6*16,150*16*6
1771,19915.9,18930,1,0,0.459944,0.729972,18,25*6*16,150*16*6
1772,24709.5,18929,1,0,0.370716,0.685358,18,25*6*16,150*16*6
1773,13508.4,18930,1,0,0.678111,0.839056,18,25*6*16,150*16*6
1774,13114.9,18929,1,0,0.698457,0.849229,18,25*6*16,150*16*6
1775,13001.4,18930,1,0,0.704555,0.852277,18,25*6*16,150*16*6
1776,15278.2,18929,1,0,0.59956,0.79978,18,25*6*16,150*16*6
1777,12030.9,18930,1,0,0.761389,0.880695,18,25*6*16,150*16*6
1778,13240.2,18929,1,0,0.691848,0.845924,18,25*6*16,150*16*6
1779,16112.6,18930,1,0,0.568512,0.784256,18,25*6*16,150*16*6
1780,12868.8,18929,1,0,0.711815,0.855907,18,25*6*16,150*16*6
1781,9997.93,18930,1,0,0.91621,0.958105,18,25*6*16,150*16*6
1782,13547.2,18929,1,0,0.676169,0.838085,18,25*6*16,150*16*6
1783,15422.9,18930,1,0,0.593935,0.796967,18,25*6*16,150*16*6
1784,15684.7,18929,1,0,0.584021,0.792011,18,25*6*16,150*16*6
1785,4670.52,8424,0,0,0.807833,0.903916,8,25*6*8,150*16*2
1786,15525.1,18929,0,0,0.590025,0.795013,18,25*6*16,150*16*6
1787,4052.45,7698,0,0,0.864452,0.932226,7,25*6*7,150*16*2
1788,597.703,0,0,0,0,0,0,0*0*0,0*0*0
1789,345.714,0,0,0,0,0,0,0*0*0,0*0*0
1790,140.798,0,0,0,0,0,0,0*0*0,0*0*0
1791,128.156,0,0,0,0,0,0,0*0*0,0*0*0
1792,0,0,0,0,0,0,0,0*0*0,0*0*0
1793,293.243,0,0,0,0,0,0,0*0*0,0*0*0
1794,1587.39,0,0,0,0,0,0,0*0*0,0*0*0
1795,1304.62,0,0,0,0,0,0,0*0*0,0*0*0
1796,9835.32,18929,0,0,0.931358,0.965679,18,25*6*16,150*16*6
1797,1655.42,3455,0,0,0.97658,0.98829,2,25*6*3,150*16*1
1798,20195.9,18929,0,0,0.453567,0.726784,18,25*6*16,150*16*6
1799,20402.4,18929,1,0,0.448977,0.724488,18,25*6*16,150*16*6
1800,13189.4,18930,1,0,0.694512,0.847256,18,25*6*16,150*16*6
