1,2509,1,14183,0,14183,0,0.898924,0.949462,314,25*6*4,96*12*2
2,2509,1,14184,1,14184,0,0.898924,0.949462,314,25*6*4,96*12*2
3,2509,1,14184,1,14184,0,0.898924,0.949462,314,25*6*4,96*12*2
4,2509,1,14184,1,14184,0,0.898924,0.949462,314,25*6*4,96*12*2
5,2509,1,14184,1,14184,0,0.898924,0.949462,314,25*6*4,96*12*2
6,2509,1,14184,1,14184,0,0.898924,0.949462,314,25*6*4,96*12*2
7,2509,1,14184,1,14184,0,0.898924,0.949462,314,25*6*4,96*12*2
8,2509,1,14184,1,14184,0,0.898924,0.949462,314,25*6*4,96*12*2
9,2509,1,14184,1,14184,0,0.898924,0.949462,314,25*6*4,96*12*2
10,2509,1,14184,1,14184,0,0.898924,0.949462,314,25*6*4,96*12*2
11,2509,1,14184,1,14184,0,0.898924,0.949462,314,25*6*4,96*12*2
12,2509,1,14184,1,14184,0,0.898924,0.949462,314,25*6*4,96*12*2
13,2509,1,14184,1,14184,0,0.898924,0.949462,314,25*6*4,96*12*2
14,2509,1,14184,1,14184,0,0.898924,0.949462,314,25*6*4,96*12*2
15,2509,1,14184,1,14184,0,0.898924,0.949462,314,25*6*4,96*12*2
16,2509,1,14184,1,14184,0,0.898924,0.949462,314,25*6*4,96*12*2
17,2509,1,14184,1,14184,0,0.898924,0.949462,314,25*6*4,96*12*2
18,2509,1,14184,1,14184,0,0.898924,0.949462,314,25*6*4,96*12*2
19,2509,1,14184,1,14184,0,0.898924,0.949462,314,25*6*4,96*12*2
20,2509,1,14184,1,14184,0,0.898924,0.949462,314,25*6*4,96*12*2
21,2509,1,14184,1,14184,0,0.898924,0.949462,314,25*6*4,96*12*2
22,2509,1,14184,1,14184,0,0.898924,0.949462,314,25*6*4,96*12*2
23,2509,1,14184,1,14184,0,0.898924,0.949462,314,25*6*4,96*12*2
24,2509,1,14184,1,14184,0,0.898924,0.949462,314,25*6*4,96*12*2
25,2509,1,14184,1,14184,0,0.898924,0.949462,314,25*6*4,96*12*2
26,2509,1,14184,1,14184,0,0.898924,0.949462,314,25*6*4,96*12*2
27,2509,1,14184,1,14184,0,0.898924,0.949462,314,25*6*4,96*12*2
28,2509,1,14184,1,14184,0,0.898924,0.949462,314,25*6*4,96*12*2
29,2509,1,14184,1,14184,0,0.898924,0.949462,314,25*6*4,96*12*2
30,2509,1,14184,1,14184,0,0.898924,0.949462,314,25*6*4,96*12*2
31,2509,1,14184,1,14184,0,0.898924,0.949462,314,25*6*4,96*12*2
32,2509,1,14184,1,14184,0,0.898924,0.949462,314,25*6*4,96*12*2
33,2509,1,14184,1,14184,0,0.898924,0.949462,314,25*6*4,96*12*2
34,2509,1,14184,1,14184,0,0.898924,0.949462,314,25*6*4,96*12*2
35,2509,1,14184,1,14184,0,0.898924,0.949462,314,25*6*4,96*12*2
36,2509,1,14184,1,14184,0,0.898924,0.949462,314,25*6*4,96*12*2
37,2509,1,14184,1,14184,0,0.898924,0.949462,314,25*6*4,96*12*2
38,2509,1,14184,1,14184,0,0.898924,0.949462,314,25*6*4,96*12*2
39,2509,1,14184,1,14184,0,0.898924,0.949462,314,25*6*4,96*12*2
40,2509,1,14184,1,14184,0,0.898924,0.949462,314,25*6*4,96*12*2
41,2509,1,14184,1,14184,0,0.898924,0.949462,314,25*6*4,96*12*2
42,2509,1,14184,1,14184,0,0.898924,0.949462,314,25*6*4,96*12*2
43,2509,1,14184,1,14184,0,0.898924,0.949462,314,25*6*4,96*12*2
44,2509,1,14184,1,14184,0,0.898924,0.949462,314,25*6*4,96*12*2
45,2509,1,14184,1,14184,0,0.898924,0.949462,314,25*6*4,96*12*2
46,2509,1,14184,1,14184,0,0.898924,0.949462,314,25*6*4,96*12*2
47,2509.01,1,14184,1,14184,0,0.898919,0.949459,314,25*6*4,96*12*2
48,2509.15,1,14184,1,14184,0,0.898872,0.949436,314,25*6*4,96*12*2
49,2509.19,1,14184,1,14184,0,0.898854,0.949427,314,25*6*4,96*12*2
50,2509.45,1,14184,1,14184,0,0.898762,0.949381,314,25*6*4,96*12*2
51,2509.58,1,14184,1,14184,0,0.898717,0.949359,314,25*6*4,96*12*2
52,2510.1,1,14184,1,14184,0,0.89853,0.949265,314,25*6*4,96*12*2
53,2510.75,1,14184,1,14184,0,0.898299,0.949149,314,25*6*4,96*12*2
54,2511.27,1,14184,1,14184,0,0.89811,0.949055,314,25*6*4,96*12*2
55,2512.21,1,14184,1,14184,0,0.897776,0.948888,314,25*6*4,96*12*2
56,2513.25,1,14184,1,14184,0,0.897405,0.948702,314,25*6*4,96*12*2
57,2514.38,1,14184,1,14184,0,0.897001,0.948501,314,25*6*4,96*12*2
58,2515.04,1,14184,1,14184,0,0.896767,0.948383,314,25*6*4,96*12*2
59,2516.85,1,14184,1,14184,0,0.896121,0.948061,314,25*6*4,96*12*2
60,2517,1,14184,1,14184,0,0.896066,0.948033,314,25*6*4,96*12*2
61,2518.29,1,14184,1,14184,0,0.895607,0.947804,314,25*6*4,96*12*2
62,2518.35,1,14184,1,14184,0,0.895587,0.947793,314,25*6*4,96*12*2
63,2518.73,1,14184,1,14184,0,0.895453,0.947726,314,25*6*4,96*12*2
64,2518.84,1,14184,1,14184,0,0.895411,0.947705,314,25*6*4,96*12*2
65,2519.09,1,14184,1,14184,0,0.895324,0.947662,314,25*6*4,96*12*2
66,2519.72,1,14184,1,14184,0,0.8951,0.94755,314,25*6*4,96*12*2
67,2520.29,1,14184,1,14184,0,0.894899,0.947449,315,25*6*4,96*12*2
68,2520.81,1,14184,1,14184,0,0.894712,0.947356,315,25*6*4,96*12*2
69,2521.39,1,14184,1,14184,0,0.894505,0.947253,315,25*6*4,96*12*2
70,2522.01,1,14184,1,14184,0,0.894286,0.947143,315,25*6*4,96*12*2
71,2523,1,14184,1,14184,0,0.893935,0.946967,315,25*6*4,96*12*2
72,2523.35,1,14184,1,14184,0,0.893811,0.946905,315,25*6*4,96*12*2
73,2524.35,1,14184,1,14184,0,0.893459,0.946729,315,25*6*4,96*12*2
74,2526.66,1,14184,1,14184,0,0.892642,0.946321,315,25*6*4,96*12*2
75,2527.04,1,14184,1,14184,0,0.892505,0.946253,315,25*6*4,96*12*2
76,2527.36,1,14184,1,14184,0,0.892395,0.946197,315,25*6*4,96*12*2
77,2528.3,1,14184,1,14184,0,0.892063,0.946031,315,25*6*4,96*12*2
78,2529.72,1,14184,1,14184,0,0.891562,0.945781,315,25*6*4,96*12*2
79,2530.53,1,14184,1,14184,0,0.891275,0.945637,315,25*6*4,96*12*2
80,2534.4,1,14184,1,14184,0,0.889915,0.944958,315,25*6*4,96*12*2
81,2535.67,1,14184,1,14184,0,0.889469,0.944735,315,25*6*4,96*12*2
82,2540.34,1,14184,1,14184,0,0.887835,0.943917,315,25*6*4,96*12*2
83,2543.82,1,14184,1,14184,0,0.886621,0.94331,315,25*6*4,96*12*2
84,2551.14,1,14184,1,14184,0,0.884077,0.942038,315,25*6*4,96*12*2
85,2564.28,1,14184,1,14184,0,0.879546,0.939773,316,25*6*4,96*12*2
86,2564.85,1,14184,1,14184,0,0.879349,0.939674,316,25*6*4,96*12*2
87,2565.21,1,14184,1,14184,0,0.879228,0.939614,316,25*6*4,96*12*2
88,2565.5,1,14184,1,14184,0,0.879128,0.939564,316,25*6*4,96*12*2
89,2567.57,1,14184,1,14184,0,0.878419,0.939209,316,25*6*4,96*12*2
90,2567.87,1,14184,1,14184,0,0.878316,0.939158,316,25*6*4,96*12*2
91,2570.9,1,14184,1,14184,0,0.877282,0.938641,316,25*6*4,96*12*2
92,2573.71,1,14184,1,14184,0,0.876322,0.938161,316,25*6*4,96*12*2
93,2573.71,1,14184,1,14184,0,0.876321,0.938161,316,25*6*4,96*12*2
94,2577.27,1,14184,1,14184,0,0.875113,0.937556,316,25*6*4,96*12*2
95,2578.34,1,14184,1,14184,0,0.87475,0.937375,316,25*6*4,96*12*2
96,2578.46,1,14184,1,14184,0,0.874708,0.937354,316,25*6*4,96*12*2
97,2579.96,1,14184,1,14184,0,0.874199,0.937099,316,25*6*4,96*12*2
98,2580.69,1,14184,1,14184,0,0.873954,0.936977,316,25*6*4,96*12*2
99,2585.91,1,14184,1,14184,0,0.872187,0.936093,316,25*6*4,96*12*2
100,2591.06,1,14184,1,14184,0,0.870453,0.935227,316,25*6*4,96*12*2
101,2591.53,1,14184,1,14184,0,0.870298,0.935149,316,25*6*4,96*12*2
102,2592.28,1,14184,1,14184,0,0.870043,0.935022,316,25*6*4,96*12*2
103,2598.89,1,14184,1,14184,0,0.867833,0.933916,316,25*6*4,96*12*2
104,2604.06,1,14184,1,14184,0,0.86611,0.933055,317,25*6*4,96*12*2
105,2604.46,1,14184,1,14184,0,0.865976,0.932988,317,25*6*4,96*12*2
106,2609.56,1,14184,1,14184,0,0.864284,0.932142,317,25*6*4,96*12*2
107,2610.69,1,14184,1,14184,0,0.86391,0.931955,317,25*6*4,96*12*2
108,2613.94,1,14184,1,14184,0,0.862835,0.931418,317,25*6*4,96*12*2
109,2614.03,1,14184,1,14184,0,0.862806,0.931403,317,25*6*4,96*12*2
110,2614.82,1,14184,1,14184,0,0.862544,0.931272,317,25*6*4,96*12*2
111,2616.29,1,14184,1,14184,0,0.862062,0.931031,317,25*6*4,96*12*2
112,2616.97,1,14184,1,14184,0,0.861836,0.930918,317,25*6*4,96*12*2
113,2618.8,1,14184,1,14184,0,0.861233,0.930616,317,25*6*4,96*12*2
114,2628.01,1,14184,1,14184,0,0.858217,0.929108,317,25*6*4,96*12*2
115,2630.49,1,14184,1,14184,0,0.857406,0.928703,317,25*6*4,96*12*2
116,2631.93,1,14184,1,14184,0,0.856938,0.928469,317,25*6*4,96*12*2
117,2632.54,1,14184,1,14184,0,0.856739,0.928369,318,25*6*4,96*12*2
118,2636.45,1,14184,1,14184,0,0.855469,0.927734,318,25*6*4,96*12*2
119,2639.19,1,14184,1,14184,0,0.85458,0.92729,318,25*6*4,96*12*2
120,2644.44,1,14184,1,14184,0,0.852884,0.926442,318,25*6*4,96*12*2
121,2651.06,1,14184,1,14184,0,0.850754,0.925377,318,25*6*4,96*12*2
122,2653.73,1,14184,1,14184,0,0.849899,0.92495,318,25*6*4,96*12*2
123,2654.72,1,14184,1,14184,0,0.849583,0.924791,318,25*6*4,96*12*2
124,2655.17,1,14184,1,14184,0,0.849438,0.924719,318,25*6*4,96*12*2
125,2655.28,1,14184,1,14184,0,0.849402,0.924701,318,25*6*4,96*12*2
126,2658.31,1,14184,1,14184,0,0.848434,0.924217,318,25*6*4,96*12*2
127,2658.42,1,14184,1,14184,0,0.8484,0.9242,318,25*6*4,96*12*2
128,2662.89,1,14184,1,14184,0,0.846975,0.923487,318,25*6*4,96*12*2
129,2662.94,1,14184,1,14184,0,0.846959,0.923479,318,25*6*4,96*12*2
130,2664.86,1,14184,1,14184,0,0.84635,0.923175,318,25*6*4,96*12*2
131,2665.15,1,14184,1,14184,0,0.846255,0.923128,318,25*6*4,96*12*2
132,2666.69,1,14184,1,14184,0,0.845768,0.922884,318,25*6*4,96*12*2
133,2673.65,1,14184,1,14184,0,0.843567,0.921783,318,25*6*4,96*12*2
134,2680.59,1,14184,1,14184,0,0.841383,0.920691,318,25*6*4,96*12*2
135,2685.29,1,14184,1,14184,0,0.839911,0.919955,318,25*6*4,96*12*2
136,2687.29,1,14184,1,14184,0,0.839283,0.919641,318,25*6*4,96*12*2
137,2691.04,1,15601,1,15601,0,0.932148,0.966074,319,25*3*9,96*12*2
138,2694.15,1,15600,1,15600,0,0.931072,0.965536,319,25*3*9,96*12*2
139,2699.53,1,15600,1,15600,0,0.929216,0.964608,319,25*3*9,96*12*2
140,2701.57,1,15601,1,15601,0,0.928516,0.964258,319,25*3*9,96*12*2
141,2701.63,1,15600,1,15600,0,0.928496,0.964248,319,25*3*9,96*12*2
142,2704.26,1,15600,1,15600,0,0.927592,0.963796,319,25*3*9,96*12*2
143,2705.08,1,15600,1,15600,0,0.927311,0.963655,319,25*3*9,96*12*2
144,2709.44,1,15601,1,15601,0,0.92582,0.96291,319,25*3*9,96*12*2
145,2710.55,1,15600,1,15600,0,0.92544,0.96272,319,25*3*9,96*12*2
146,2712.57,1,15600,1,15600,0,0.924752,0.962376,319,25*3*9,96*12*2
147,2713.06,1,15601,1,15601,0,0.924585,0.962292,319,25*3*9,96*12*2
148,2713.74,1,15600,1,15600,0,0.924352,0.962176,319,25*3*9,96*12*2
149,2715.95,1,15600,1,15600,0,0.923598,0.961799,319,25*3*9,96*12*2
150,2719.28,1,15601,1,15601,0,0.922469,0.961234,319,25*3*9,96*12*2
151,2719.38,1,15600,1,15600,0,0.922435,0.961218,319,25*3*9,96*12*2
152,2720.15,1,15600,1,15600,0,0.922172,0.961086,319,25*3*9,96*12*2
153,2721.4,1,15600,1,15600,0,0.921748,0.960874,319,25*3*9,96*12*2
154,2724.24,1,15601,1,15601,0,0.920788,0.960394,319,25*3*9,96*12*2
155,2730.5,1,15600,1,15600,0,0.918678,0.959339,319,25*3*9,96*12*2
156,2731.39,1,15600,1,15600,0,0.918377,0.959189,319,25*3*9,96*12*2
157,2731.5,1,15601,1,15601,0,0.918343,0.959171,319,25*3*9,96*12*2
158,2735.63,1,15600,1,15600,0,0.916955,0.958478,319,25*3*9,96*12*2
159,2736.1,1,15600,1,15600,0,0.916797,0.958399,319,25*3*9,96*12*2
160,2738.39,1,15601,1,15601,0,0.916029,0.958015,319,25*3*9,96*12*2
161,2745.02,1,15600,1,15600,0,0.913819,0.956909,319,25*3*9,96*12*2
162,2746.47,1,15600,1,15600,0,0.913337,0.956669,319,25*3*9,96*12*2
163,2746.99,1,15600,1,15600,0,0.913164,0.956582,319,25*3*9,96*12*2
164,2748.22,1,15601,1,15601,0,0.912753,0.956376,319,25*3*9,96*12*2
165,2752.12,1,15600,1,15600,0,0.91146,0.95573,319,25*3*9,96*12*2
166,2754.94,1,15600,1,15600,0,0.910527,0.955264,319,25*3*9,96*12*2
167,2758.03,1,16954,0,16954,0,0.9156,0.9578,320,25*6*5,96*12*2
168,2759.5,1,16954,1,16954,0,0.915111,0.957556,320,25*6*5,96*12*2
169,2764.35,1,16955,1,16955,0,0.913507,0.956753,320,25*6*5,96*12*2
170,2764.56,1,16954,1,16954,0,0.913436,0.956718,320,25*6*5,96*12*2
171,2765.37,1,16955,1,16955,0,0.913169,0.956584,320,25*6*5,96*12*2
172,2768.19,1,16954,1,16954,0,0.912239,0.95612,320,25*6*5,96*12*2
173,2774.1,1,16955,1,16955,0,0.910296,0.955148,321,25*6*5,96*12*2
174,2774.51,1,16954,1,16954,0,0.91016,0.95508,321,25*6*5,96*12*2
175,2776.31,1,16955,1,16955,0,0.909569,0.954785,321,25*6*5,96*12*2
176,2778.86,1,16954,1,16954,0,0.908734,0.954367,321,25*6*5,96*12*2
177,2780.11,1,16955,1,16955,0,0.908328,0.954164,321,25*6*5,96*12*2
178,2782.57,1,16954,1,16954,0,0.907523,0.953762,321,25*6*5,96*12*2
179,2784.96,1,16955,1,16955,0,0.906745,0.953373,321,25*6*5,96*12*2
180,2789.88,1,16954,1,16954,0,0.905146,0.952573,321,25*6*5,96*12*2
181,2799.68,1,16955,1,16955,0,0.901978,0.950989,321,25*6*5,96*12*2
182,2807.16,1,16954,1,16954,0,0.899573,0.949787,321,25*6*5,96*12*2
183,2808.19,1,16955,1,16955,0,0.899244,0.949622,321,25*6*5,96*12*2
184,2810.67,1,16954,1,16954,0,0.898451,0.949225,321,25*6*5,96*12*2
185,2810.87,1,16955,1,16955,0,0.898388,0.949194,321,25*6*5,96*12*2
186,2813.55,1,16954,1,16954,0,0.897533,0.948766,321,25*6*5,96*12*2
187,2821.53,1,16955,1,16955,0,0.894993,0.947496,321,25*6*5,96*12*2
188,2821.83,1,16954,1,16954,0,0.894897,0.947448,321,25*6*5,96*12*2
189,2822.81,1,16955,1,16955,0,0.894589,0.947294,321,25*6*5,96*12*2
190,2826.35,1,16954,1,16954,0,0.893468,0.946734,321,25*6*5,96*12*2
191,2826.66,1,16955,1,16955,0,0.893367,0.946684,321,25*6*5,96*12*2
192,2829.66,1,16954,1,16954,0,0.892423,0.946211,321,25*6*5,96*12*2
193,2832.88,1,16955,1,16955,0,0.891408,0.945704,321,25*6*5,96*12*2
194,2833.96,1,16954,1,16954,0,0.891067,0.945533,321,25*6*5,96*12*2
195,2853.71,1,16955,1,16955,0,0.884899,0.94245,321,25*6*5,96*12*2
196,2859.87,1,16954,1,16954,0,0.882994,0.941497,321,25*6*5,96*12*2
197,2864.9,1,16955,1,16955,0,0.881445,0.940722,321,25*6*5,96*12*2
198,2866.29,1,16954,1,16954,0,0.881018,0.940509,321,25*6*5,96*12*2
199,2868.9,1,16955,1,16955,0,0.880215,0.940108,321,25*6*5,96*12*2
200,2869.11,1,16954,1,16954,0,0.880152,0.940076,321,25*6*5,96*12*2
201,2870.03,1,16955,1,16955,0,0.879869,0.939934,321,25*6*5,96*12*2
202,2870.25,1,16954,1,16954,0,0.879803,0.939901,321,25*6*5,96*12*2
203,2875.45,1,16955,1,16955,0,0.878211,0.939105,321,25*6*5,96*12*2
204,2878.16,1,16954,1,16954,0,0.877384,0.938692,321,25*6*5,96*12*2
205,2879.84,1,16955,1,16955,0,0.87687,0.938435,321,25*6*5,96*12*2
206,2880.51,1,16954,1,16954,0,0.876666,0.938333,321,25*6*5,96*12*2
207,2887.34,1,16955,1,16955,0,0.874593,0.937296,321,25*6*5,96*12*2
208,2888.57,1,16954,1,16954,0,0.874223,0.937112,321,25*6*5,96*12*2
209,2890.03,1,16955,1,16955,0,0.87378,0.93689,321,25*6*5,96*12*2
210,2893.82,1,16954,1,16954,0,0.872637,0.936318,321,25*6*5,96*12*2
211,2896.51,1,16955,1,16955,0,0.871825,0.935913,321,25*6*5,96*12*2
212,2899.02,1,16954,1,16954,0,0.871071,0.935536,321,25*6*5,96*12*2
213,2903.9,1,16955,1,16955,0,0.869606,0.934803,321,25*6*5,96*12*2
214,2904.35,1,16954,1,16954,0,0.869471,0.934735,321,25*6*5,96*12*2
215,2906.73,1,16955,1,16955,0,0.868759,0.934379,321,25*6*5,96*12*2
216,2907.9,1,16954,1,16954,0,0.868411,0.934205,321,25*6*5,96*12*2
217,2931.53,1,16955,1,16955,0,0.861411,0.930706,322,25*6*5,96*12*2
218,2935.69,1,16954,1,16954,0,0.860189,0.930095,322,25*6*5,96*12*2
219,2941.54,1,16955,1,16955,0,0.85848,0.92924,324,25*6*5,96*12*2
220,2945.68,1,16954,1,16954,0,0.857271,0.928636,325,25*6*5,96*12*2
221,2946.14,1,16955,1,16955,0,0.857139,0.928569,325,25*6*5,96*12*2
222,2948.75,1,16954,1,16954,0,0.85638,0.92819,326,25*6*5,96*12*2
223,2949.69,1,16955,1,16955,0,0.856106,0.928053,326,25*6*5,96*12*2
224,2955.44,1,16954,1,16954,0,0.854441,0.92722,326,25*6*5,96*12*2
225,2958.93,1,16955,1,16955,0,0.853435,0.926717,326,25*6*5,96*12*2
226,2960.66,1,16954,1,16954,0,0.852934,0.926467,326,25*6*5,96*12*2
227,2962.61,1,16955,1,16955,0,0.852373,0.926186,327,25*6*5,96*12*2
228,2972.27,1,16954,1,16954,0,0.849603,0.924801,327,25*6*5,96*12*2
229,2973.68,1,16955,1,16955,0,0.8492,0.9246,328,25*6*5,96*12*2
230,2980.2,1,16954,1,16954,0,0.847342,0.923671,328,25*6*5,96*12*2
231,2981.07,1,16955,1,16955,0,0.847096,0.923548,328,25*6*5,96*12*2
232,2983.07,1,16954,1,16954,0,0.846526,0.923263,328,25*6*5,96*12*2
233,2983.69,1,16955,1,16955,0,0.846351,0.923176,328,25*6*5,96*12*2
234,2986.74,1,16954,1,16954,0,0.845486,0.922743,328,25*6*5,96*12*2
235,2990.58,1,16955,1,16955,0,0.844402,0.922201,328,25*6*5,96*12*2
236,2996.54,1,16954,1,16954,0,0.842722,0.921361,328,25*6*5,96*12*2
237,2998.66,1,16955,1,16955,0,0.842126,0.921063,328,25*6*5,96*12*2
238,3004.56,1,16954,1,16954,0,0.840473,0.920236,329,25*6*5,96*12*2
239,3007.23,1,16955,1,16955,0,0.839725,0.919863,329,25*6*5,96*12*2
240,3008.4,1,16954,1,16954,0,0.839401,0.9197,329,25*6*5,96*12*2
241,3009.01,1,16955,1,16955,0,0.839229,0.919614,329,25*6*5,96*12*2
242,3009.95,1,16954,1,16954,0,0.838967,0.919484,329,25*6*5,96*12*2
243,3013.41,1,16955,1,16955,0,0.838006,0.919003,329,25*6*5,96*12*2
244,3014.09,1,16954,1,16954,0,0.837815,0.918907,329,25*6*5,96*12*2
245,3018.45,1,16955,1,16955,0,0.836604,0.918302,329,25*6*5,96*12*2
246,3020.26,1,16954,1,16954,0,0.836102,0.918051,329,25*6*5,96*12*2
247,3021.28,1,16955,1,16955,0,0.83582,0.91791,329,25*6*5,96*12*2
248,3027.38,1,16954,1,16954,0,0.834137,0.917068,330,25*6*5,96*12*2
249,3029.39,1,16955,1,16955,0,0.833585,0.916792,330,25*6*5,96*12*2
250,3031.45,1,16954,1,16954,0,0.833017,0.916508,330,25*6*5,96*12*2
251,3032.07,1,16955,1,16955,0,0.832848,0.916424,330,25*6*5,96*12*2
252,3032.44,1,16954,1,16954,0,0.832746,0.916373,330,25*6*5,96*12*2
253,3033.58,1,16955,1,16955,0,0.832431,0.916216,330,25*6*5,96*12*2
254,3038.59,1,16954,1,16954,0,0.83106,0.91553,330,25*6*5,96*12*2
255,3041.04,1,16955,1,16955,0,0.830391,0.915195,330,25*6*5,96*12*2
256,3041.34,1,16954,1,16954,0,0.830308,0.915154,330,25*6*5,96*12*2
257,3043.57,1,16955,1,16955,0,0.829699,0.91485,330,25*6*5,96*12*2
258,3054.27,1,16954,1,16954,0,0.826794,0.913397,330,25*6*5,96*12*2
259,3056.04,1,16955,1,16955,0,0.826314,0.913157,330,25*6*5,96*12*2
260,3056.17,1,16954,1,16954,0,0.826279,0.913139,330,25*6*5,96*12*2
261,3058.03,1,16955,1,16955,0,0.825776,0.912888,330,25*6*5,96*12*2
262,3062.06,1,16954,1,16954,0,0.82469,0.912345,330,25*6*5,96*12*2
263,3064.67,1,16955,1,16955,0,0.823986,0.911993,330,25*6*5,96*12*2
264,3069.06,1,16954,1,16954,0,0.822809,0.911404,330,25*6*5,96*12*2
265,3071.43,1,16955,1,16955,0,0.822174,0.911087,330,25*6*5,96*12*2
266,3072.47,1,16954,1,16954,0,0.821896,0.910948,330,25*6*5,96*12*2
267,3072.56,1,16955,1,16955,0,0.821871,0.910936,330,25*6*5,96*12*2
268,3074.97,1,16954,1,16954,0,0.821229,0.910614,331,25*6*5,96*12*2
269,3077.89,1,16955,1,16955,0,0.82045,0.910225,331,25*6*5,96*12*2
270,3084.87,1,16954,1,16954,0,0.818592,0.909296,331,25*6*5,96*12*2
271,3085.06,1,16955,1,16955,0,0.818541,0.90927,331,25*6*5,96*12*2
272,3085.64,1,16954,1,16954,0,0.818387,0.909194,331,25*6*5,96*12*2
273,3086.92,1,16955,1,16955,0,0.818049,0.909025,331,25*6*5,96*12*2
274,3089.17,1,16954,1,16954,0,0.817453,0.908727,331,25*6*5,96*12*2
275,3090.24,1,16955,1,16955,0,0.817168,0.908584,331,25*6*5,96*12*2
276,3090.37,1,16954,1,16954,0,0.817135,0.908567,331,25*6*5,96*12*2
277,3090.78,1,16955,1,16955,0,0.817027,0.908513,331,25*6*5,96*12*2
278,3094.75,1,16954,1,16954,0,0.81598,0.90799,331,25*6*5,96*12*2
279,3095.34,1,16955,1,16955,0,0.815823,0.907911,331,25*6*5,96*12*2
280,3095.65,1,16954,1,16954,0,0.815742,0.907871,331,25*6*5,96*12*2
281,3097.09,1,16955,1,16955,0,0.815362,0.907681,331,25*6*5,96*12*2
282,3100.2,1,16954,1,16954,0,0.814543,0.907272,331,25*6*5,96*12*2
283,3100.57,1,16955,1,16955,0,0.814448,0.907224,331,25*6*5,96*12*2
284,3115.83,1,16954,1,16954,0,0.810457,0.905229,331,25*6*5,96*12*2
285,3118.12,1,16955,1,16955,0,0.809862,0.904931,331,25*6*5,96*12*2
286,3119.26,1,16954,1,16954,0,0.809566,0.904783,331,25*6*5,96*12*2
287,3121.68,1,16955,1,16955,0,0.808939,0.904469,331,25*6*5,96*12*2
288,3121.87,1,16954,1,16954,0,0.808889,0.904445,331,25*6*5,96*12*2
289,3122.71,1,16955,1,16955,0,0.808672,0.904336,331,25*6*5,96*12*2
290,3123.5,1,16954,1,16954,0,0.808467,0.904234,331,25*6*5,96*12*2
291,3123.9,1,16955,1,16955,0,0.808364,0.904182,331,25*6*5,96*12*2
292,3127.93,1,16954,1,16954,0,0.807322,0.903661,332,25*6*5,96*12*2
293,3128.14,1,16955,1,16955,0,0.80727,0.903635,332,25*6*5,96*12*2
294,3129.72,1,16954,1,16954,0,0.806861,0.90343,332,25*6*5,96*12*2
295,3130.3,1,16955,1,16955,0,0.806713,0.903357,332,25*6*5,96*12*2
296,3132.07,1,16954,1,16954,0,0.806255,0.903128,332,25*6*5,96*12*2
297,3132.21,1,16955,1,16955,0,0.806219,0.90311,332,25*6*5,96*12*2
298,3136.44,1,16954,1,16954,0,0.805133,0.902566,332,25*6*5,96*12*2
299,3137.82,1,16955,1,16955,0,0.804778,0.902389,332,25*6*5,96*12*2
300,3141.76,1,16954,1,16954,0,0.803771,0.901885,332,25*6*5,96*12*2
301,3142,1,16955,1,16955,0,0.803707,0.901854,332,25*6*5,96*12*2
302,3146.46,1,16954,1,16954,0,0.802568,0.901284,332,25*6*5,96*12*2
303,3149.62,1,16955,1,16955,0,0.801764,0.900882,332,25*6*5,96*12*2
304,3150.99,1,16954,1,16954,0,0.801416,0.900708,332,25*6*5,96*12*2
305,3152.09,1,16955,1,16955,0,0.801134,0.900567,332,25*6*5,96*12*2
306,3153.39,1,16954,1,16954,0,0.800804,0.900402,332,25*6*5,96*12*2
307,3153.72,1,16955,1,16955,0,0.800721,0.90036,332,25*6*5,96*12*2
308,3155.18,1,16954,1,16954,0,0.800349,0.900175,332,25*6*5,96*12*2
309,3155.62,1,16955,1,16955,0,0.800238,0.900119,332,25*6*5,96*12*2
310,3155.7,1,16954,1,16954,0,0.800219,0.900109,332,25*6*5,96*12*2
311,3160.8,1,16955,1,16955,0,0.798926,0.899463,332,25*6*5,96*12*2
312,3163.43,1,16954,1,16954,0,0.798262,0.899131,332,25*6*5,96*12*2
313,3168.22,1,16955,1,16955,0,0.797055,0.898528,332,25*6*5,96*12*2
314,3168.9,1,16954,1,16954,0,0.796886,0.898443,332,25*6*5,96*12*2
315,3170.24,1,16955,1,16955,0,0.796547,0.898274,332,25*6*5,96*12*2
316,3170.62,1,16954,1,16954,0,0.796452,0.898226,332,25*6*5,96*12*2
317,3173.49,1,16955,1,16955,0,0.795733,0.897867,332,25*6*5,96*12*2
318,3178.28,1,16954,1,16954,0,0.794535,0.897267,332,25*6*5,96*12*2
319,3178.56,1,16955,1,16955,0,0.794464,0.897232,332,25*6*5,96*12*2
320,3178.56,1,16954,1,16954,0,0.794464,0.897232,332,25*6*5,96*12*2
321,3179.75,1,16955,1,16955,0,0.794167,0.897084,332,25*6*5,96*12*2
322,3179.88,1,16954,1,16954,0,0.794134,0.897067,332,25*6*5,96*12*2
323,3181.21,1,16955,1,16955,0,0.793803,0.896901,332,25*6*5,96*12*2
324,3181.44,1,16954,1,16954,0,0.793744,0.896872,332,25*6*5,96*12*2
325,3184.95,1,16955,1,16955,0,0.792871,0.896435,332,25*6*5,96*12*2
326,3184.99,1,16954,1,16954,0,0.792861,0.89643,332,25*6*5,96*12*2
327,3186.39,1,16955,1,16955,0,0.792513,0.896256,332,25*6*5,96*12*2
328,3189.44,1,16954,1,16954,0,0.791753,0.895877,332,25*6*5,96*12*2
329,3190.96,1,16955,1,16955,0,0.791376,0.895688,332,25*6*5,96*12*2
330,3195.45,1,16954,1,16954,0,0.790265,0.895133,332,25*6*5,96*12*2
331,3195.61,1,16955,1,16955,0,0.790224,0.895112,332,25*6*5,96*12*2
332,3197.02,1,16954,1,16954,0,0.789876,0.894938,332,25*6*5,96*12*2
333,3197.04,1,16955,1,16955,0,0.789872,0.894936,332,25*6*5,96*12*2
334,3197.96,1,16954,1,16954,0,0.789645,0.894823,332,25*6*5,96*12*2
335,3198.05,1,16955,1,16955,0,0.789621,0.894811,332,25*6*5,96*12*2
336,3198.72,1,16954,1,16954,0,0.789455,0.894728,332,25*6*5,96*12*2
337,3199.87,1,16955,1,16955,0,0.789173,0.894587,332,25*6*5,96*12*2
338,3202.9,1,16954,1,16954,0,0.788425,0.894213,332,25*6*5,96*12*2
339,3202.92,1,16955,1,16955,0,0.788422,0.894211,332,25*6*5,96*12*2
340,3208.09,1,16954,1,16954,0,0.787151,0.893576,332,25*6*5,96*12*2
341,3210.89,1,16955,1,16955,0,0.786464,0.893232,332,25*6*5,96*12*2
342,3211.03,1,16954,1,16954,0,0.786429,0.893214,332,25*6*5,96*12*2
343,3212.67,1,16955,1,16955,0,0.786028,0.893014,332,25*6*5,96*12*2
344,3213.25,1,16954,1,16954,0,0.785887,0.892944,332,25*6*5,96*12*2
345,3226.77,1,16955,1,16955,0,0.782593,0.891297,333,25*6*5,96*12*2
346,3234.51,1,16954,1,16954,0,0.780721,0.89036,333,25*6*5,96*12*2
347,3235.85,1,16955,1,16955,0,0.780397,0.890198,333,25*6*5,96*12*2
348,3237.93,1,16954,1,16954,0,0.779895,0.889948,333,25*6*5,96*12*2
349,3241.96,1,16955,1,16955,0,0.778926,0.889463,333,25*6*5,96*12*2
350,3242.54,1,16954,1,16954,0,0.778788,0.889394,333,25*6*5,96*12*2
351,3242.99,1,16955,1,16955,0,0.778679,0.889339,333,25*6*5,96*12*2
352,3244.64,1,16954,1,16954,0,0.778283,0.889142,333,25*6*5,96*12*2
353,3245.35,1,16955,1,16955,0,0.778113,0.889056,333,25*6*5,96*12*2
354,3245.93,1,16954,1,16954,0,0.777975,0.888987,333,25*6*5,96*12*2
355,3245.93,1,16955,1,16955,0,0.777974,0.888987,333,25*6*5,96*12*2
356,3246.19,1,16954,1,16954,0,0.777911,0.888955,333,25*6*5,96*12*2
357,3246.23,1,16955,1,16955,0,0.777903,0.888952,333,25*6*5,96*12*2
358,3248.34,1,16954,1,16954,0,0.777398,0.888699,333,25*6*5,96*12*2
359,3250.35,1,16955,1,16955,0,0.776916,0.888458,333,25*6*5,96*12*2
360,3257.4,1,16954,1,16954,0,0.775236,0.887618,333,25*6*5,96*12*2
361,3259.75,1,16955,1,16955,0,0.774675,0.887338,333,25*6*5,96*12*2
362,3261.63,1,16954,1,16954,0,0.77423,0.887115,333,25*6*5,96*12*2
363,3262.35,1,16955,1,16955,0,0.774058,0.887029,333,25*6*5,96*12*2
364,3266.47,1,16954,1,16954,0,0.773082,0.886541,333,25*6*5,96*12*2
365,3269.84,1,16955,1,16955,0,0.772286,0.886143,333,25*6*5,96*12*2
366,3269.99,1,16954,1,16954,0,0.77225,0.886125,333,25*6*5,96*12*2
367,3274.74,1,16955,1,16955,0,0.771131,0.885565,333,25*6*5,96*12*2
368,3276.88,1,16954,1,16954,0,0.770625,0.885313,333,25*6*5,96*12*2
369,3278.22,1,16955,1,16955,0,0.77031,0.885155,333,25*6*5,96*12*2
370,3279.64,1,16954,1,16954,0,0.769979,0.884989,333,25*6*5,96*12*2
371,3286.03,1,16955,1,16955,0,0.768481,0.884241,333,25*6*5,96*12*2
372,3287.3,1,16954,1,16954,0,0.768182,0.884091,333,25*6*5,96*12*2
373,3288.25,1,16955,1,16955,0,0.767962,0.883981,333,25*6*5,96*12*2
374,3289.54,1,16954,1,16954,0,0.76766,0.88383,333,25*6*5,96*12*2
375,3291.15,1,16955,1,16955,0,0.767286,0.883643,333,25*6*5,96*12*2
376,3291.21,1,16954,1,16954,0,0.767271,0.883636,333,25*6*5,96*12*2
377,3291.93,1,16955,1,16955,0,0.767104,0.883552,333,25*6*5,96*12*2
378,3293.92,1,16954,1,16954,0,0.766641,0.88332,333,25*6*5,96*12*2
379,3294.15,1,16955,1,16955,0,0.766586,0.883293,333,25*6*5,96*12*2
380,3294.27,1,16954,1,16954,0,0.766559,0.883279,333,25*6*5,96*12*2
381,3296.82,1,16955,1,16955,0,0.765967,0.882983,333,25*6*5,96*12*2
382,3297.77,1,16954,1,16954,0,0.765746,0.882873,333,25*6*5,96*12*2
383,3298.11,1,16955,1,16955,0,0.765667,0.882833,333,25*6*5,96*12*2
384,3298.54,1,16954,1,16954,0,0.765565,0.882783,333,25*6*5,96*12*2
385,3299.3,1,16955,1,16955,0,0.765388,0.882694,333,25*6*5,96*12*2
386,3300.44,1,16954,1,16954,0,0.765126,0.882563,333,25*6*5,96*12*2
387,3301.64,1,16955,1,16955,0,0.764846,0.882423,333,25*6*5,96*12*2
388,3301.81,1,16954,1,16954,0,0.764808,0.882404,333,25*6*5,96*12*2
389,3304.34,1,16955,1,16955,0,0.764222,0.882111,333,25*6*5,96*12*2
390,3304.54,1,16954,1,16954,0,0.764176,0.882088,333,25*6*5,96*12*2
391,3304.9,1,16955,1,16955,0,0.764092,0.882046,333,25*6*5,96*12*2
392,3306.03,1,16954,1,16954,0,0.763832,0.881916,333,25*6*5,96*12*2
393,3308.73,1,16955,1,16955,0,0.763209,0.881605,333,25*6*5,96*12*2
394,3312,1,16954,1,16954,0,0.762455,0.881228,333,25*6*5,96*12*2
395,3315.65,1,16955,1,16955,0,0.761616,0.880808,333,25*6*5,96*12*2
396,3315.84,1,16954,1,16954,0,0.761571,0.880785,333,25*6*5,96*12*2
397,3315.88,1,16955,1,16955,0,0.761563,0.880782,333,25*6*5,96*12*2
398,3316.78,1,16954,1,16954,0,0.761355,0.880677,333,25*6*5,96*12*2
399,3318.9,1,16955,1,16955,0,0.76087,0.880435,333,25*6*5,96*12*2
400,3319.76,1,16954,1,16954,0,0.760671,0.880336,333,25*6*5,96*12*2
401,3320.21,1,16955,1,16955,0,0.760569,0.880284,333,25*6*5,96*12*2
402,3321.91,1,16954,1,16954,0,0.760181,0.88009,333,25*6*5,96*12*2
403,3322.23,1,16955,1,16955,0,0.760106,0.880053,333,25*6*5,96*12*2
404,3322.38,1,16954,1,16954,0,0.760072,0.880036,333,25*6*5,96*12*2
405,3322.81,1,16955,1,16955,0,0.759975,0.879988,333,25*6*5,96*12*2
406,3322.82,1,16954,1,16954,0,0.759973,0.879986,333,25*6*5,96*12*2
407,3323.39,1,16955,1,16955,0,0.759841,0.87992,333,25*6*5,96*12*2
408,3323.74,1,16954,1,16954,0,0.759762,0.879881,333,25*6*5,96*12*2
409,3323.95,1,16955,1,16955,0,0.759714,0.879857,333,25*6*5,96*12*2
410,3324.17,1,16954,1,16954,0,0.759662,0.879831,333,25*6*5,96*12*2
411,3325.21,1,16955,1,16955,0,0.759426,0.879713,333,25*6*5,96*12*2
412,3326.2,1,16954,1,16954,0,0.7592,0.8796,333,25*6*5,96*12*2
413,3326.32,1,16955,1,16955,0,0.759173,0.879586,333,25*6*5,96*12*2
414,3326.62,1,16954,1,16954,0,0.759104,0.879552,333,25*6*5,96*12*2
415,3326.64,1,16955,1,16955,0,0.7591,0.87955,333,25*6*5,96*12*2
416,3327.2,1,16954,1,16954,0,0.758971,0.879486,333,25*6*5,96*12*2
417,3329,1,16955,1,16955,0,0.758561,0.87928,333,25*6*5,96*12*2
418,3330.45,1,16954,1,16954,0,0.758231,0.879116,333,25*6*5,96*12*2
419,3330.46,1,16955,1,16955,0,0.758228,0.879114,333,25*6*5,96*12*2
420,3331.56,1,16954,1,16954,0,0.757979,0.878989,333,25*6*5,96*12*2
421,3331.95,1,16955,1,16955,0,0.75789,0.878945,333,25*6*5,96*12*2
422,3332.81,1,16954,1,16954,0,0.757693,0.878847,333,25*6*5,96*12*2
423,3334.31,1,16955,1,16955,0,0.757354,0.878677,333,25*6*5,96*12*2
424,3334.41,1,16954,1,16954,0,0.75733,0.878665,333,25*6*5,96*12*2
425,3335.33,1,16955,1,16955,0,0.757121,0.87856,333,25*6*5,96*12*2
426,3337.76,1,16954,1,16954,0,0.756569,0.878285,333,25*6*5,96*12*2
427,3339.93,1,16955,1,16955,0,0.756078,0.878039,333,25*6*5,96*12*2
428,3340.81,1,16954,1,16954,0,0.75588,0.87794,333,25*6*5,96*12*2
429,3341.2,1,16955,1,16955,0,0.755791,0.877896,333,25*6*5,96*12*2
430,3341.2,1,16954,1,16954,0,0.75579,0.877895,333,25*6*5,96*12*2
431,3341.24,1,16955,1,16955,0,0.755783,0.877891,333,25*6*5,96*12*2
432,3342.61,1,16954,1,16954,0,0.755473,0.877736,333,25*6*5,96*12*2
433,3343.03,1,16955,1,16955,0,0.755377,0.877688,333,25*6*5,96*12*2
434,3343.17,1,16954,1,16954,0,0.755346,0.877673,333,25*6*5,96*12*2
435,3343.34,1,16955,1,16955,0,0.755308,0.877654,333,25*6*5,96*12*2
436,3343.67,1,16954,1,16954,0,0.755232,0.877616,333,25*6*5,96*12*2
437,3343.77,1,16955,1,16955,0,0.755211,0.877606,333,25*6*5,96*12*2
438,3343.91,1,16954,1,16954,0,0.755179,0.877589,333,25*6*5,96*12*2
439,3343.92,1,16955,1,16955,0,0.755177,0.877589,333,25*6*5,96*12*2
440,3344.55,1,16954,1,16954,0,0.755035,0.877517,333,25*6*5,96*12*2
441,3345.61,1,16955,1,16955,0,0.754796,0.877398,333,25*6*5,96*12*2
442,3346.17,1,16954,1,16954,0,0.754669,0.877335,333,25*6*5,96*12*2
443,3346.7,1,16955,1,16955,0,0.754548,0.877274,333,25*6*5,96*12*2
444,3346.85,1,16954,1,16954,0,0.754515,0.877258,333,25*6*5,96*12*2
445,3347.17,1,16955,1,16955,0,0.754443,0.877221,333,25*6*5,96*12*2
446,3348.67,1,16954,1,16954,0,0.754106,0.877053,333,25*6*5,96*12*2
447,3349.54,1,16955,1,16955,0,0.753909,0.876955,333,25*6*5,96*12*2
448,3351.26,1,16954,1,16954,0,0.753522,0.876761,333,25*6*5,96*12*2
449,3352,1,16955,1,16955,0,0.753356,0.876678,333,25*6*5,96*12*2
450,3353.02,1,16954,1,16954,0,0.753128,0.876564,333,25*6*5,96*12*2
451,3353.98,1,16955,1,16955,0,0.752912,0.876456,333,25*6*5,96*12*2
452,3355.7,1,16954,1,16954,0,0.752524,0.876262,333,25*6*5,96*12*2
453,3355.8,1,16955,1,16955,0,0.752504,0.876252,333,25*6*5,96*12*2
454,3356.17,1,16954,1,16954,0,0.75242,0.87621,333,25*6*5,96*12*2
455,3356.9,1,16955,1,16955,0,0.752257,0.876128,333,25*6*5,96*12*2
456,3357.01,1,16954,1,16954,0,0.752231,0.876116,333,25*6*5,96*12*2
457,3357.36,1,16955,1,16955,0,0.752153,0.876076,333,25*6*5,96*12*2
458,3357.42,1,16954,1,16954,0,0.75214,0.87607,333,25*6*5,96*12*2
459,3358.01,1,16955,1,16955,0,0.752009,0.876004,333,25*6*5,96*12*2
460,3358.32,1,16954,1,16954,0,0.751938,0.875969,333,25*6*5,96*12*2
461,3358.34,1,16955,1,16955,0,0.751934,0.875967,333,25*6*5,96*12*2
462,3358.54,1,16954,1,16954,0,0.75189,0.875945,333,25*6*5,96*12*2
463,3358.58,1,16955,1,16955,0,0.75188,0.87594,333,25*6*5,96*12*2
464,3359.57,1,16954,1,16954,0,0.751658,0.875829,333,25*6*5,96*12*2
465,3359.95,1,16955,1,16955,0,0.751575,0.875787,333,25*6*5,96*12*2
466,3360.49,1,16954,1,16954,0,0.751453,0.875726,333,25*6*5,96*12*2
467,3360.78,1,16955,1,16955,0,0.751387,0.875694,333,25*6*5,96*12*2
468,3360.92,1,16954,1,16954,0,0.751357,0.875679,333,25*6*5,96*12*2
469,3361.75,1,16955,1,16955,0,0.751172,0.875586,333,25*6*5,96*12*2
470,3361.89,1,16954,1,16954,0,0.751139,0.87557,333,25*6*5,96*12*2
471,3362.39,1,16955,1,16955,0,0.751028,0.875514,333,25*6*5,96*12*2
472,3362.41,1,16954,1,16954,0,0.751023,0.875512,333,25*6*5,96*12*2
473,3363.24,1,16955,1,16955,0,0.750838,0.875419,333,25*6*5,96*12*2
474,3363.41,1,16954,1,16954,0,0.750801,0.875401,333,25*6*5,96*12*2
475,3363.45,1,16955,1,16955,0,0.750792,0.875396,333,25*6*5,96*12*2
476,3363.88,1,16954,1,16954,0,0.750696,0.875348,333,25*6*5,96*12*2
477,3363.91,1,16955,1,16955,0,0.75069,0.875345,333,25*6*5,96*12*2
478,3364.15,1,16954,1,16954,0,0.750635,0.875318,333,25*6*5,96*12*2
479,3364.45,1,16955,1,16955,0,0.750567,0.875284,333,25*6*5,96*12*2
480,3364.61,1,16954,1,16954,0,0.750534,0.875267,333,25*6*5,96*12*2
481,3364.66,1,16955,1,16955,0,0.750523,0.875261,333,25*6*5,96*12*2
482,3364.75,1,16954,1,16954,0,0.750502,0.875251,333,25*6*5,96*12*2
483,3364.84,1,16955,1,16955,0,0.750481,0.875241,333,25*6*5,96*12*2
484,3364.85,1,16954,1,16954,0,0.750478,0.875239,333,25*6*5,96*12*2
485,3365.53,1,16955,1,16955,0,0.750328,0.875164,333,25*6*5,96*12*2
486,3365.6,1,16954,1,16954,0,0.750312,0.875156,333,25*6*5,96*12*2
487,3365.9,1,16955,1,16955,0,0.750245,0.875123,333,25*6*5,96*12*2
488,3365.94,1,16954,1,16954,0,0.750236,0.875118,333,25*6*5,96*12*2
489,3366.26,1,16955,1,16955,0,0.750165,0.875082,333,25*6*5,96*12*2
490,3366.73,1,16954,1,16954,0,0.750061,0.87503,333,25*6*5,96*12*2
491,3366.78,1,16955,1,16955,0,0.750049,0.875024,333,25*6*5,96*12*2
492,3366.84,1,16954,1,16954,0,0.750037,0.875018,333,25*6*5,96*12*2
493,3367.13,1,16955,1,16955,0,0.74997,0.874985,333,25*6*5,96*12*2
494,3367.28,1,16954,1,16954,0,0.749938,0.874969,333,25*6*5,96*12*2
495,3367.31,1,16955,1,16955,0,0.749931,0.874966,333,25*6*5,96*12*2
496,3367.32,1,16954,1,16954,0,0.749928,0.874964,333,25*6*5,96*12*2
497,3367.56,1,16955,1,16955,0,0.749875,0.874937,333,25*6*5,96*12*2
498,3367.78,1,16954,1,16954,0,0.749827,0.874914,333,25*6*5,96*12*2
499,3367.83,1,16955,1,16955,0,0.749816,0.874908,333,25*6*5,96*12*2
500,3367.84,1,16954,1,16954,0,0.749813,0.874907,333,25*6*5,96*12*2
501,3367.84,1,16955,1,16955,0,0.749813,0.874906,333,25*6*5,96*12*2
502,3368.1,1,16954,1,16954,0,0.749755,0.874877,333,25*6*5,96*12*2
503,3368.17,1,16955,1,16955,0,0.749739,0.87487,333,25*6*5,96*12*2
504,3368.22,1,16954,1,16954,0,0.749728,0.874864,333,25*6*5,96*12*2
505,3368.26,1,16955,1,16955,0,0.749719,0.874859,333,25*6*5,96*12*2
506,3368.28,1,16954,1,16954,0,0.749714,0.874857,333,25*6*5,96*12*2
507,3368.6,1,16955,1,16955,0,0.749644,0.874822,333,25*6*5,96*12*2
508,3368.73,1,16954,1,16954,0,0.749616,0.874808,333,25*6*5,96*12*2
509,3368.8,1,16955,1,16955,0,0.749599,0.874799,333,25*6*5,96*12*2
510,3369.07,1,16954,1,16954,0,0.749538,0.874769,333,25*6*5,96*12*2
511,3369.1,1,16955,1,16955,0,0.749533,0.874766,333,25*6*5,96*12*2
512,3369.39,1,16954,1,16954,0,0.749469,0.874734,333,25*6*5,96*12*2
513,3369.39,1,16955,1,16955,0,0.749468,0.874734,333,25*6*5,96*12*2
514,3369.45,1,16954,1,16954,0,0.749454,0.874727,333,25*6*5,96*12*2
515,3369.49,1,16955,1,16955,0,0.749446,0.874723,333,25*6*5,96*12*2
516,3369.76,1,16954,1,16954,0,0.749386,0.874693,333,25*6*5,96*12*2
517,3369.81,1,16955,1,16955,0,0.749374,0.874687,333,25*6*5,96*12*2
518,3369.93,1,16954,1,16954,0,0.749347,0.874673,333,25*6*5,96*12*2
519,3370.08,1,16955,1,16955,0,0.749314,0.874657,333,25*6*5,96*12*2
520,3370.11,1,16954,1,16954,0,0.749307,0.874654,333,25*6*5,96*12*2
521,3370.42,1,16955,1,16955,0,0.74924,0.87462,333,25*6*5,96*12*2
522,3370.64,1,16954,1,16954,0,0.74919,0.874595,333,25*6*5,96*12*2
523,3371.22,1,16955,1,16955,0,0.749061,0.874531,333,25*6*5,96*12*2
524,3371.26,1,16954,1,16954,0,0.749051,0.874526,333,25*6*5,96*12*2
525,3371.34,1,16955,1,16955,0,0.749034,0.874517,333,25*6*5,96*12*2
526,3371.43,1,16954,1,16954,0,0.749014,0.874507,333,25*6*5,96*12*2
527,3371.64,1,16955,1,16955,0,0.748967,0.874483,333,25*6*5,96*12*2
528,3371.75,1,16954,1,16954,0,0.748943,0.874471,333,25*6*5,96*12*2
529,3371.82,1,16955,1,16955,0,0.748929,0.874464,333,25*6*5,96*12*2
530,3371.88,1,16954,1,16954,0,0.748915,0.874458,333,25*6*5,96*12*2
531,3372.09,1,16955,1,16955,0,0.748869,0.874434,333,25*6*5,96*12*2
532,3372.28,1,16954,1,16954,0,0.748826,0.874413,333,25*6*5,96*12*2
533,3372.39,1,16955,1,16955,0,0.748801,0.8744,333,25*6*5,96*12*2
534,3372.42,1,16954,1,16954,0,0.748794,0.874397,333,25*6*5,96*12*2
535,3372.55,1,16955,1,16955,0,0.748765,0.874383,333,25*6*5,96*12*2
536,3372.8,1,16954,1,16954,0,0.748711,0.874356,333,25*6*5,96*12*2
537,3372.82,1,16955,1,16955,0,0.748707,0.874353,333,25*6*5,96*12*2
538,3373.01,1,16954,1,16954,0,0.748665,0.874332,333,25*6*5,96*12*2
539,3373.02,1,16955,1,16955,0,0.748662,0.874331,333,25*6*5,96*12*2
540,3374.2,1,16954,1,16954,0,0.748399,0.874199,333,25*6*5,96*12*2
541,3374.66,1,16955,1,16955,0,0.748298,0.874149,333,25*6*5,96*12*2
542,3374.78,1,16954,1,16954,0,0.748271,0.874135,333,25*6*5,96*12*2
543,3375.01,1,16955,1,16955,0,0.748219,0.87411,333,25*6*5,96*12*2
544,3376.59,1,16954,1,16954,0,0.74787,0.873935,333,25*6*5,96*12*2
545,3377.48,1,16955,1,16955,0,0.747673,0.873837,333,25*6*5,96*12*2
546,3377.48,1,16954,1,16954,0,0.747673,0.873837,333,25*6*5,96*12*2
547,3377.48,1,16955,1,16955,0,0.747673,0.873837,333,25*6*5,96*12*2
548,3377.48,1,16954,1,16954,0,0.747673,0.873837,333,25*6*5,96*12*2
549,3377.48,1,16955,1,16955,0,0.747673,0.873837,333,25*6*5,96*12*2
550,3377.48,1,16954,1,16954,0,0.747673,0.873837,333,25*6*5,96*12*2
551,3377.48,1,16955,1,16955,0,0.747673,0.873837,333,25*6*5,96*12*2
552,3377.48,1,16954,1,16954,0,0.747673,0.873837,333,25*6*5,96*12*2
553,3377.48,1,16955,1,16955,0,0.747673,0.873837,333,25*6*5,96*12*2
554,3377.48,1,16954,1,16954,0,0.747673,0.873837,333,25*6*5,96*12*2
555,3377.48,1,16955,1,16955,0,0.747673,0.873837,333,25*6*5,96*12*2
556,3377.48,1,16954,1,16954,0,0.747673,0.873837,333,25*6*5,96*12*2
557,3377.48,1,16955,1,16955,0,0.747673,0.873837,333,25*6*5,96*12*2
558,3377.48,1,16954,1,16954,0,0.747673,0.873837,333,25*6*5,96*12*2
559,3377.48,1,16955,1,16955,0,0.747673,0.873837,333,25*6*5,96*12*2
560,3377.48,1,16954,1,16954,0,0.747673,0.873837,333,25*6*5,96*12*2
561,3377.48,1,16955,1,16955,0,0.747673,0.873837,333,25*6*5,96*12*2
562,3377.48,1,16954,1,16954,0,0.747673,0.873837,333,25*6*5,96*12*2
563,3377.48,1,16955,1,16955,0,0.747673,0.873837,333,25*6*5,96*12*2
564,3377.48,1,16954,1,16954,0,0.747673,0.873837,333,25*6*5,96*12*2
565,3377.48,1,16955,1,16955,0,0.747673,0.873837,333,25*6*5,96*12*2
566,3377.48,1,16954,1,16954,0,0.747673,0.873837,333,25*6*5,96*12*2
567,3377.48,1,16955,1,16955,0,0.747673,0.873837,333,25*6*5,96*12*2
568,3377.48,1,16954,1,16954,0,0.747673,0.873837,333,25*6*5,96*12*2
569,3377.48,1,16955,1,16955,0,0.747673,0.873837,333,25*6*5,96*12*2
570,3377.48,1,16954,1,16954,0,0.747673,0.873837,333,25*6*5,96*12*2
571,3377.48,1,16955,1,16955,0,0.747673,0.873837,333,25*6*5,96*12*2
572,3377.48,1,16954,1,16954,0,0.747673,0.873837,333,25*6*5,96*12*2
573,3377.48,1,16955,1,16955,0,0.747673,0.873837,333,25*6*5,96*12*2
574,3377.48,1,16954,1,16954,0,0.747673,0.873837,333,25*6*5,96*12*2
575,3377.48,1,16955,1,16955,0,0.747673,0.873837,333,25*6*5,96*12*2
576,3377.48,1,16954,1,16954,0,0.747673,0.873837,333,25*6*5,96*12*2
577,3377.48,1,16955,1,16955,0,0.747673,0.873837,333,25*6*5,96*12*2
578,3377.48,1,16954,1,16954,0,0.747673,0.873837,333,25*6*5,96*12*2
579,3377.48,1,16955,1,16955,0,0.747673,0.873837,333,25*6*5,96*12*2
580,3377.48,1,16954,1,16954,0,0.747673,0.873837,333,25*6*5,96*12*2
581,3377.48,1,16955,1,16955,0,0.747673,0.873837,333,25*6*5,96*12*2
582,3377.48,1,16954,1,16954,0,0.747673,0.873837,333,25*6*5,96*12*2
583,3377.48,1,16955,1,16955,0,0.747673,0.873837,333,25*6*5,96*12*2
584,3377.48,1,16954,1,16954,0,0.747673,0.873837,333,25*6*5,96*12*2
585,3377.48,1,16955,1,16955,0,0.747673,0.873837,333,25*6*5,96*12*2
586,3377.48,1,16954,1,16954,0,0.747673,0.873837,333,25*6*5,96*12*2
587,3377.48,1,16955,1,16955,0,0.747673,0.873837,333,25*6*5,96*12*2
588,3377.48,1,16954,1,16954,0,0.747673,0.873837,333,25*6*5,96*12*2
589,3377.48,1,16955,1,16955,0,0.747673,0.873837,333,25*6*5,96*12*2
590,3377.48,1,16954,1,16954,0,0.747673,0.873837,333,25*6*5,96*12*2
591,3377.48,1,16955,1,16955,0,0.747673,0.873837,333,25*6*5,96*12*2
592,3377.48,1,16954,1,16954,0,0.747673,0.873837,333,25*6*5,96*12*2
593,3377.48,1,16955,1,16955,0,0.747673,0.873837,333,25*6*5,96*12*2
594,3377.48,1,16954,1,16954,0,0.747673,0.873837,333,25*6*5,96*12*2
595,3378,1,16955,1,16955,0,0.747558,0.873779,333,25*6*5,96*12*2
596,3377.99,1,16954,1,16954,0,0.747561,0.87378,333,25*6*5,96*12*2
597,3377.85,1,16955,1,16955,0,0.74759,0.873795,333,25*6*5,96*12*2
598,3377.81,1,16954,1,16954,0,0.747601,0.8738,333,25*6*5,96*12*2
599,3377.55,1,16955,1,16955,0,0.747658,0.873829,333,25*6*5,96*12*2
600,3377.42,1,16954,1,16954,0,0.747686,0.873843,333,25*6*5,96*12*2
601,3376.9,1,16955,1,16955,0,0.747801,0.8739,333,25*6*5,96*12*2
602,3376.25,1,16954,1,16954,0,0.747944,0.873972,333,25*6*5,96*12*2
603,3375.73,1,16955,1,16955,0,0.748061,0.87403,333,25*6*5,96*12*2
604,3374.79,1,16954,1,16954,0,0.748268,0.874134,333,25*6*5,96*12*2
605,3373.75,1,16955,1,16955,0,0.748499,0.874249,333,25*6*5,96*12*2
606,3372.62,1,16954,1,16954,0,0.74875,0.874375,333,25*6*5,96*12*2
607,3371.96,1,16955,1,16955,0,0.748896,0.874448,333,25*6*5,96*12*2
608,3370.15,1,16954,1,16954,0,0.749298,0.874649,333,25*6*5,96*12*2
609,3370,1,16955,1,16955,0,0.749333,0.874666,333,25*6*5,96*12*2
610,3368.71,1,16954,1,16954,0,0.74962,0.87481,333,25*6*5,96*12*2
611,3368.65,1,16955,1,16955,0,0.749632,0.874816,333,25*6*5,96*12*2
612,3368.27,1,16954,1,16954,0,0.749716,0.874858,333,25*6*5,96*12*2
613,3368.16,1,16955,1,16955,0,0.749743,0.874871,333,25*6*5,96*12*2
614,3367.91,1,16954,1,16954,0,0.749797,0.874898,333,25*6*5,96*12*2
615,3367.28,1,16955,1,16955,0,0.749937,0.874969,333,25*6*5,96*12*2
616,3366.71,1,16954,1,16954,0,0.750064,0.875032,333,25*6*5,96*12*2
617,3366.19,1,16955,1,16955,0,0.750181,0.87509,333,25*6*5,96*12*2
618,3365.61,1,16954,1,16954,0,0.750311,0.875155,333,25*6*5,96*12*2
619,3364.99,1,16955,1,16955,0,0.750448,0.875224,333,25*6*5,96*12*2
620,3364,1,16954,1,16954,0,0.750669,0.875335,333,25*6*5,96*12*2
621,3363.65,1,16955,1,16955,0,0.750748,0.875374,333,25*6*5,96*12*2
622,3362.65,1,16954,1,16954,0,0.750969,0.875485,333,25*6*5,96*12*2
623,3360.34,1,16955,1,16955,0,0.751486,0.875743,333,25*6*5,96*12*2
624,3359.96,1,16954,1,16954,0,0.751572,0.875786,333,25*6*5,96*12*2
625,3359.64,1,16955,1,16955,0,0.751642,0.875821,333,25*6*5,96*12*2
626,3358.7,1,16954,1,16954,0,0.751853,0.875926,333,25*6*5,96*12*2
627,3357.28,1,16955,1,16955,0,0.752171,0.876086,333,25*6*5,96*12*2
628,3356.47,1,16954,1,16954,0,0.752354,0.876177,333,25*6*5,96*12*2
629,3352.6,1,16955,1,16955,0,0.753221,0.876611,333,25*6*5,96*12*2
630,3351.33,1,16954,1,16954,0,0.753507,0.876753,333,25*6*5,96*12*2
631,3346.66,1,16955,1,16955,0,0.754558,0.877279,333,25*6*5,96*12*2
632,3343.18,1,16954,1,16954,0,0.755343,0.877671,333,25*6*5,96*12*2
633,3335.86,1,16955,1,16955,0,0.757,0.8785,333,25*6*5,96*12*2
634,3322.72,1,16954,1,16954,0,0.759994,0.879997,333,25*6*5,96*12*2
635,3322.15,1,16955,1,16955,0,0.760126,0.880063,333,25*6*5,96*12*2
636,3321.79,1,16954,1,16954,0,0.760207,0.880103,333,25*6*5,96*12*2
637,3321.5,1,16955,1,16955,0,0.760273,0.880137,333,25*6*5,96*12*2
638,3319.43,1,16954,1,16954,0,0.760748,0.880374,333,25*6*5,96*12*2
639,3319.13,1,16955,1,16955,0,0.760817,0.880408,333,25*6*5,96*12*2
640,3316.1,1,16954,1,16954,0,0.761511,0.880756,333,25*6*5,96*12*2
641,3313.29,1,16955,1,16955,0,0.762158,0.881079,333,25*6*5,96*12*2
642,3313.29,1,16954,1,16954,0,0.762159,0.881079,333,25*6*5,96*12*2
643,3309.73,1,16955,1,16955,0,0.762977,0.881489,333,25*6*5,96*12*2
644,3308.66,1,16954,1,16954,0,0.763224,0.881612,333,25*6*5,96*12*2
645,3308.54,1,16955,1,16955,0,0.763252,0.881626,333,25*6*5,96*12*2
646,3307.04,1,16954,1,16954,0,0.763599,0.881799,333,25*6*5,96*12*2
647,3306.31,1,16955,1,16955,0,0.763766,0.881883,333,25*6*5,96*12*2
648,3301.09,1,16954,1,16954,0,0.764976,0.882488,333,25*6*5,96*12*2
649,3295.94,1,16955,1,16955,0,0.766171,0.883085,333,25*6*5,96*12*2
650,3295.47,1,16954,1,16954,0,0.766278,0.883139,333,25*6*5,96*12*2
651,3294.72,1,16955,1,16955,0,0.766455,0.883227,333,25*6*5,96*12*2
652,3288.11,1,16954,1,16954,0,0.767994,0.883997,333,25*6*5,96*12*2
653,3282.94,1,16955,1,16955,0,0.769203,0.884602,333,25*6*5,96*12*2
654,3282.54,1,16954,1,16954,0,0.769298,0.884649,333,25*6*5,96*12*2
655,3277.44,1,16955,1,16955,0,0.770495,0.885247,333,25*6*5,96*12*2
656,3276.31,1,16954,1,16954,0,0.77076,0.88538,333,25*6*5,96*12*2
657,3273.06,1,16955,1,16955,0,0.771526,0.885763,333,25*6*5,96*12*2
658,3272.97,1,16954,1,16954,0,0.771546,0.885773,333,25*6*5,96*12*2
659,3272.18,1,16955,1,16955,0,0.771734,0.885867,333,25*6*5,96*12*2
660,3270.71,1,16954,1,16954,0,0.772079,0.88604,333,25*6*5,96*12*2
661,3270.03,1,16955,1,16955,0,0.772241,0.88612,333,25*6*5,96*12*2
662,3268.2,1,16954,1,16954,0,0.772674,0.886337,333,25*6*5,96*12*2
663,3258.99,1,16955,1,16955,0,0.774856,0.887428,333,25*6*5,96*12*2
664,3256.51,1,16954,1,16954,0,0.775447,0.887724,333,25*6*5,96*12*2
665,3255.07,1,16955,1,16955,0,0.775789,0.887895,333,25*6*5,96*12*2
666,3254.46,1,16954,1,16954,0,0.775935,0.887968,333,25*6*5,96*12*2
667,3250.55,1,16955,1,16955,0,0.776869,0.888434,333,25*6*5,96*12*2
668,3247.81,1,16954,1,16954,0,0.777524,0.888762,333,25*6*5,96*12*2
669,3242.56,1,16955,1,16955,0,0.778783,0.889391,333,25*6*5,96*12*2
670,3235.94,1,16954,1,16954,0,0.780376,0.890188,333,25*6*5,96*12*2
671,3233.27,1,16955,1,16955,0,0.78102,0.89051,333,25*6*5,96*12*2
672,3232.28,1,16954,1,16954,0,0.781258,0.890629,333,25*6*5,96*12*2
673,3231.83,1,16955,1,16955,0,0.781368,0.890684,333,25*6*5,96*12*2
674,3231.72,1,16954,1,16954,0,0.781395,0.890698,333,25*6*5,96*12*2
675,3228.69,1,16955,1,16955,0,0.782128,0.891064,333,25*6*5,96*12*2
676,3228.58,1,16954,1,16954,0,0.782154,0.891077,333,25*6*5,96*12*2
677,3224.11,1,16956,1,16956,1,0.783239,0.89162,332,25*6*5,96*12*2
678,3224.06,1,16954,1,16954,0,0.783251,0.891626,332,25*6*5,96*12*2
679,3222.14,1,16955,1,16955,0,0.783717,0.891859,332,25*6*5,96*12*2
680,3221.85,1,16954,1,16954,0,0.78379,0.891895,332,25*6*5,96*12*2
681,3220.31,1,16955,1,16955,0,0.784163,0.892082,332,25*6*5,96*12*2
682,3213.35,1,16954,1,16954,0,0.785861,0.892931,332,25*6*5,96*12*2
683,3206.41,1,16955,1,16955,0,0.787562,0.893781,332,25*6*5,96*12*2
684,3201.71,1,16954,1,16954,0,0.788718,0.894359,332,25*6*5,96*12*2
685,3199.71,1,16955,1,16955,0,0.789213,0.894607,332,25*6*5,96*12*2
686,3195.96,1,16954,1,16954,0,0.790139,0.895069,332,25*6*5,96*12*2
687,3192.85,1,16955,1,16955,0,0.790909,0.895454,332,25*6*5,96*12*2
688,3187.47,1,16954,1,16954,0,0.792243,0.896122,332,25*6*5,96*12*2
689,3185.43,1,16955,1,16955,0,0.79275,0.896375,332,25*6*5,96*12*2
690,3185.37,1,16954,1,16954,0,0.792764,0.896382,332,25*6*5,96*12*2
691,3182.74,1,16955,1,16955,0,0.79342,0.89671,332,25*6*5,96*12*2
692,3181.92,1,16954,1,16954,0,0.793625,0.896812,332,25*6*5,96*12*2
693,3177.56,1,16955,1,16955,0,0.794713,0.897356,332,25*6*5,96*12*2
694,3176.45,1,16954,1,16954,0,0.794991,0.897496,332,25*6*5,96*12*2
695,3174.43,1,16955,1,16955,0,0.795496,0.897748,332,25*6*5,96*12*2
696,3173.94,1,16954,1,16954,0,0.795619,0.897809,332,25*6*5,96*12*2
697,3173.26,1,16955,1,16955,0,0.79579,0.897895,332,25*6*5,96*12*2
698,3171.05,1,16954,1,16954,0,0.796346,0.898173,332,25*6*5,96*12*2
699,3167.72,1,16955,1,16955,0,0.797182,0.898591,332,25*6*5,96*12*2
700,3167.62,1,16954,1,16954,0,0.797207,0.898603,332,25*6*5,96*12*2
701,3166.85,1,16955,1,16955,0,0.797402,0.898701,332,25*6*5,96*12*2
702,3165.6,1,16954,1,16954,0,0.797717,0.898859,332,25*6*5,96*12*2
703,3162.76,1,16955,1,16955,0,0.798433,0.899216,332,25*6*5,96*12*2
704,3156.5,1,16954,1,16954,0,0.800016,0.900008,332,25*6*5,96*12*2
705,3155.61,1,16955,1,16955,0,0.800242,0.900121,332,25*6*5,96*12*2
706,3155.5,1,16954,1,16954,0,0.800269,0.900134,332,25*6*5,96*12*2
707,3151.37,1,16955,1,16955,0,0.801318,0.900659,332,25*6*5,96*12*2
708,3150.9,1,16954,1,16954,0,0.801438,0.900719,332,25*6*5,96*12*2
709,3148.61,1,16955,1,16955,0,0.802022,0.901011,332,25*6*5,96*12*2
710,3141.98,1,16954,1,16954,0,0.803713,0.901856,332,25*6*5,96*12*2
711,3140.53,1,16955,1,16955,0,0.804083,0.902042,332,25*6*5,96*12*2
712,3140.01,1,16954,1,16954,0,0.804216,0.902108,332,25*6*5,96*12*2
713,3138.78,1,16955,1,16955,0,0.804534,0.902267,332,25*6*5,96*12*2
714,3134.88,1,16954,1,16954,0,0.805534,0.902767,332,25*6*5,96*12*2
715,3132.06,1,16955,1,16955,0,0.806259,0.90313,332,25*6*5,96*12*2
716,3128.97,1,16954,1,16954,0,0.807054,0.903527,332,25*6*5,96*12*2
717,3127.5,1,16955,1,16955,0,0.807434,0.903717,332,25*6*5,96*12*2
718,3122.65,1,16955,1,16955,1,0.808688,0.904344,331,25*6*5,96*12*2
719,3122.44,1,16955,1,16955,0,0.808743,0.904371,331,25*6*5,96*12*2
720,3121.63,1,16954,1,16954,0,0.808952,0.904476,331,25*6*5,96*12*2
721,3118.81,1,16955,1,16955,0,0.809684,0.904842,331,25*6*5,96*12*2
722,3112.9,1,16954,1,16954,0,0.811221,0.90561,331,25*6*5,96*12*2
723,3112.49,1,16955,1,16955,0,0.811328,0.905664,331,25*6*5,96*12*2
724,3110.69,1,16954,1,16954,0,0.811798,0.905899,331,25*6*5,96*12*2
725,3108.14,1,16955,1,16955,0,0.812465,0.906232,331,25*6*5,96*12*2
726,3106.89,1,16954,1,16954,0,0.81279,0.906395,331,25*6*5,96*12*2
727,3104.43,1,16955,1,16955,0,0.813435,0.906718,331,25*6*5,96*12*2
728,3102.04,1,16954,1,16954,0,0.814061,0.907031,331,25*6*5,96*12*2
729,3097.12,1,16955,1,16955,0,0.815354,0.907677,331,25*6*5,96*12*2
730,3087.32,1,16954,1,16954,0,0.817942,0.908971,331,25*6*5,96*12*2
731,3079.84,1,16955,1,16955,0,0.81993,0.909965,331,25*6*5,96*12*2
732,3078.81,1,16954,1,16954,0,0.820204,0.910102,331,25*6*5,96*12*2
733,3076.33,1,16955,1,16955,0,0.820865,0.910432,331,25*6*5,96*12*2
734,3076.13,1,16954,1,16954,0,0.820917,0.910459,331,25*6*5,96*12*2
735,3073.45,1,16955,1,16955,0,0.821633,0.910816,330,25*6*5,96*12*2
736,3065.47,1,16954,1,16954,0,0.823773,0.911887,330,25*6*5,96*12*2
737,3065.17,1,16955,1,16955,0,0.823854,0.911927,330,25*6*5,96*12*2
738,3064.19,1,16954,1,16954,0,0.824116,0.912058,330,25*6*5,96*12*2
739,3060.65,1,16955,1,16955,0,0.825069,0.912534,330,25*6*5,96*12*2
740,3060.34,1,16954,1,16954,0,0.825155,0.912577,330,25*6*5,96*12*2
741,3057.34,1,16955,1,16955,0,0.825962,0.912981,330,25*6*5,96*12*2
742,3054.12,1,16954,1,16954,0,0.826833,0.913417,330,25*6*5,96*12*2
743,3053.04,1,16955,1,16955,0,0.827127,0.913564,330,25*6*5,96*12*2
744,3033.29,1,16954,1,16954,0,0.832513,0.916256,330,25*6*5,96*12*2
745,3027.13,1,16955,1,16955,0,0.834207,0.917103,330,25*6*5,96*12*2
746,3022.1,1,16955,1,16955,1,0.835594,0.917797,329,25*6*5,96*12*2
747,3020.71,1,16955,1,16955,0,0.835978,0.917989,329,25*6*5,96*12*2
748,3018.1,1,16954,1,16954,0,0.836702,0.918351,329,25*6*5,96*12*2
749,3017.89,1,16955,1,16955,0,0.836759,0.91838,329,25*6*5,96*12*2
750,3016.97,1,16954,1,16954,0,0.837016,0.918508,329,25*6*5,96*12*2
751,3016.75,1,16955,1,16955,0,0.837075,0.918538,329,25*6*5,96*12*2
752,3011.55,1,16954,1,16954,0,0.838521,0.919261,329,25*6*5,96*12*2
753,3008.84,1,16955,1,16955,0,0.839277,0.919638,329,25*6*5,96*12*2
754,3007.16,1,16954,1,16954,0,0.839747,0.919874,329,25*6*5,96*12*2
755,3006.49,1,16955,1,16955,0,0.839934,0.919967,329,25*6*5,96*12*2
756,2999.66,1,16954,1,16954,0,0.841847,0.920923,329,25*6*5,96*12*2
757,2998.43,1,16955,1,16955,0,0.842189,0.921095,328,25*6*5,96*12*2
758,2996.97,1,16954,1,16954,0,0.842601,0.921301,328,25*6*5,96*12*2
759,2993.18,1,16955,1,16955,0,0.843667,0.921833,328,25*6*5,96*12*2
760,2990.49,1,16954,1,16954,0,0.844427,0.922213,328,25*6*5,96*12*2
761,2987.98,1,16955,1,16955,0,0.845135,0.922568,328,25*6*5,96*12*2
762,2983.1,1,16954,1,16954,0,0.846519,0.92326,328,25*6*5,96*12*2
763,2982.65,1,16955,1,16955,0,0.846647,0.923324,328,25*6*5,96*12*2
764,2980.27,1,16954,1,16954,0,0.847323,0.923662,328,25*6*5,96*12*2
765,2979.1,1,16955,1,16955,0,0.847655,0.923827,328,25*6*5,96*12*2
766,2955.47,1,16954,1,16954,0,0.854431,0.927216,326,25*6*5,96*12*2
767,2951.31,1,16955,1,16955,0,0.855638,0.927819,326,25*6*5,96*12*2
768,2945.46,1,16954,1,16954,0,0.857335,0.928668,325,25*6*5,96*12*2
769,2941.32,1,16955,1,16955,0,0.858544,0.929272,324,25*6*5,96*12*2
770,2940.86,1,16954,1,16954,0,0.858677,0.929339,324,25*6*5,96*12*2
771,2938.25,1,16955,1,16955,0,0.85944,0.92972,323,25*6*5,96*12*2
772,2937.31,1,16954,1,16954,0,0.859716,0.929858,323,25*6*5,96*12*2
773,2931.56,1,16956,1,16956,1,0.861402,0.930701,322,25*6*5,96*12*2
774,2928.07,1,16954,1,16954,0,0.862427,0.931213,321,25*6*5,96*12*2
775,2926.34,1,16955,1,16955,0,0.862939,0.93147,321,25*6*5,96*12*2
776,2924.39,1,16954,1,16954,0,0.863514,0.931757,321,25*6*5,96*12*2
777,2914.73,1,16955,1,16955,0,0.866376,0.933188,321,25*6*5,96*12*2
778,2913.32,1,16954,1,16954,0,0.866795,0.933397,321,25*6*5,96*12*2
779,2906.8,1,16955,1,16955,0,0.868739,0.93437,321,25*6*5,96*12*2
780,2905.93,1,16954,1,16954,0,0.868998,0.934499,321,25*6*5,96*12*2
781,2903.93,1,16955,1,16955,0,0.869598,0.934799,321,25*6*5,96*12*2
782,2903.31,1,16954,1,16954,0,0.869783,0.934892,321,25*6*5,96*12*2
783,2900.26,1,16955,1,16955,0,0.870699,0.93535,321,25*6*5,96*12*2
784,2896.42,1,16954,1,16954,0,0.871852,0.935926,321,25*6*5,96*12*2
785,2890.46,1,16955,1,16955,0,0.87365,0.936825,321,25*6*5,96*12*2
786,2888.34,1,16954,1,16954,0,0.874291,0.937145,321,25*6*5,96*12*2
787,2882.44,1,16955,1,16955,0,0.87608,0.93804,321,25*6*5,96*12*2
788,2879.77,1,16954,1,16954,0,0.876894,0.938447,321,25*6*5,96*12*2
789,2878.6,1,16955,1,16955,0,0.877248,0.938624,321,25*6*5,96*12*2
790,2877.99,1,16954,1,16954,0,0.877436,0.938718,321,25*6*5,96*12*2
791,2877.05,1,16955,1,16955,0,0.877722,0.938861,321,25*6*5,96*12*2
792,2873.59,1,16954,1,16954,0,0.878777,0.939389,321,25*6*5,96*12*2
793,2872.91,1,16955,1,16955,0,0.878987,0.939494,321,25*6*5,96*12*2
794,2868.55,1,16954,1,16954,0,0.880324,0.940162,321,25*6*5,96*12*2
795,2866.74,1,16955,1,16955,0,0.88088,0.94044,321,25*6*5,96*12*2
796,2865.72,1,16954,1,16954,0,0.881194,0.940597,321,25*6*5,96*12*2
797,2859.62,1,16955,1,16955,0,0.883072,0.941536,321,25*6*5,96*12*2
798,2857.61,1,16954,1,16954,0,0.883692,0.941846,321,25*6*5,96*12*2
799,2855.55,1,16955,1,16955,0,0.884331,0.942166,321,25*6*5,96*12*2
800,2854.93,1,16954,1,16954,0,0.884522,0.942261,321,25*6*5,96*12*2
801,2854.56,1,16955,1,16955,0,0.884636,0.942318,321,25*6*5,96*12*2
802,2853.42,1,16954,1,16954,0,0.884992,0.942496,321,25*6*5,96*12*2
803,2848.41,1,16955,1,16955,0,0.886547,0.943273,321,25*6*5,96*12*2
804,2845.96,1,16954,1,16954,0,0.88731,0.943655,321,25*6*5,96*12*2
805,2845.66,1,16955,1,16955,0,0.887405,0.943702,321,25*6*5,96*12*2
806,2843.43,1,16954,1,16954,0,0.888101,0.94405,321,25*6*5,96*12*2
807,2832.73,1,16955,1,16955,0,0.891453,0.945727,321,25*6*5,96*12*2
808,2830.96,1,16954,1,16954,0,0.892013,0.946006,321,25*6*5,96*12*2
809,2830.83,1,16955,1,16955,0,0.892053,0.946027,321,25*6*5,96*12*2
810,2828.97,1,16954,1,16954,0,0.89264,0.94632,321,25*6*5,96*12*2
811,2824.94,1,16955,1,16955,0,0.893912,0.946956,321,25*6*5,96*12*2
812,2822.33,1,16954,1,16954,0,0.894741,0.94737,321,25*6*5,96*12*2
813,2817.94,1,16955,1,16955,0,0.896133,0.948067,321,25*6*5,96*12*2
814,2815.57,1,16954,1,16954,0,0.896888,0.948444,321,25*6*5,96*12*2
815,2814.53,1,16955,1,16955,0,0.897218,0.948609,321,25*6*5,96*12*2
816,2814.44,1,16954,1,16954,0,0.897248,0.948624,321,25*6*5,96*12*2
817,2812.03,1,16955,1,16955,0,0.898015,0.949008,321,25*6*5,96*12*2
818,2809.11,1,16954,1,16954,0,0.898949,0.949474,321,25*6*5,96*12*2
819,2802.13,1,16955,1,16955,0,0.90119,0.950595,321,25*6*5,96*12*2
820,2801.94,1,16954,1,16954,0,0.901252,0.950626,321,25*6*5,96*12*2
821,2801.36,1,16955,1,16955,0,0.901438,0.950719,321,25*6*5,96*12*2
822,2800.08,1,16954,1,16954,0,0.901848,0.950924,321,25*6*5,96*12*2
823,2797.83,1,16955,1,16955,0,0.902574,0.951287,321,25*6*5,96*12*2
824,2796.76,1,16954,1,16954,0,0.902921,0.951461,321,25*6*5,96*12*2
825,2796.63,1,16955,1,16955,0,0.902962,0.951481,321,25*6*5,96*12*2
826,2796.22,1,16954,1,16954,0,0.903095,0.951547,321,25*6*5,96*12*2
827,2792.25,1,16955,1,16955,0,0.904377,0.952188,321,25*6*5,96*12*2
828,2791.66,1,16954,1,16954,0,0.90457,0.952285,321,25*6*5,96*12*2
829,2791.35,1,16955,1,16955,0,0.904669,0.952334,321,25*6*5,96*12*2
830,2789.91,1,16954,1,16954,0,0.905137,0.952568,321,25*6*5,96*12*2
831,2786.8,1,16955,1,16955,0,0.906148,0.953074,321,25*6*5,96*12*2
832,2786.43,1,16954,1,16954,0,0.906267,0.953133,321,25*6*5,96*12*2
833,2771.17,1,16955,1,16955,0,0.911259,0.955629,320,25*6*5,96*12*2
834,2768.88,1,16954,1,16954,0,0.912012,0.956006,320,25*6*5,96*12*2
835,2767.74,1,16955,1,16955,0,0.912388,0.956194,320,25*6*5,96*12*2
836,2765.32,1,16954,1,16954,0,0.913186,0.956593,320,25*6*5,96*12*2
837,2765.13,1,16955,1,16955,0,0.913249,0.956625,320,25*6*5,96*12*2
838,2764.29,1,16954,1,16954,0,0.913527,0.956763,320,25*6*5,96*12*2
839,2763.5,1,16955,1,16955,0,0.913788,0.956894,320,25*6*5,96*12*2
840,2763.1,1,16954,1,16954,0,0.913919,0.95696,320,25*6*5,96*12*2
841,2759.07,1,16955,1,16955,0,0.915255,0.957628,320,25*6*5,96*12*2
842,2758.86,1,16954,1,16954,0,0.915322,0.957661,320,25*6*5,96*12*2
843,2757.28,1,16955,1,16955,0,0.915849,0.957925,320,25*6*5,96*12*2
844,2756.7,1,16954,1,16954,0,0.916039,0.95802,320,25*6*5,96*12*2
845,2754.93,1,15601,0,15601,1,0.910532,0.955266,319,25*3*9,96*12*2
846,2754.79,1,15600,1,15600,0,0.910578,0.955289,319,25*3*9,96*12*2
847,2750.56,1,15600,1,15600,0,0.911978,0.955989,319,25*3*9,96*12*2
848,2749.18,1,15600,1,15600,0,0.912436,0.956218,319,25*3*9,96*12*2
849,2745.24,1,15601,1,15601,0,0.913744,0.956872,319,25*3*9,96*12*2
850,2745,1,15600,1,15600,0,0.913826,0.956913,319,25*3*9,96*12*2
851,2740.54,1,15600,1,15600,0,0.915313,0.957656,319,25*3*9,96*12*2
852,2737.38,1,15601,1,15601,0,0.916368,0.958184,319,25*3*9,96*12*2
853,2736.01,1,15600,1,15600,0,0.916826,0.958413,319,25*3*9,96*12*2
854,2734.91,1,15600,1,15600,0,0.917198,0.958599,319,25*3*9,96*12*2
855,2733.61,1,15601,1,15601,0,0.917633,0.958817,319,25*3*9,96*12*2
856,2733.28,1,15600,1,15600,0,0.917744,0.958872,319,25*3*9,96*12*2
857,2731.82,1,15600,1,15600,0,0.918236,0.959118,319,25*3*9,96*12*2
858,2731.38,1,15600,1,15600,0,0.918384,0.959192,319,25*3*9,96*12*2
859,2731.3,1,15601,1,15601,0,0.918408,0.959204,319,25*3*9,96*12*2
860,2726.2,1,15600,1,15600,0,0.920129,0.960064,319,25*3*9,96*12*2
861,2723.57,1,15600,1,15600,0,0.921017,0.960508,319,25*3*9,96*12*2
862,2718.78,1,15601,1,15601,0,0.92264,0.96132,319,25*3*9,96*12*2
863,2718.1,1,15600,1,15600,0,0.922869,0.961434,319,25*3*9,96*12*2
864,2716.76,1,15600,1,15600,0,0.923326,0.961663,319,25*3*9,96*12*2
865,2716.38,1,15601,1,15601,0,0.923455,0.961727,319,25*3*9,96*12*2
866,2713.51,1,15600,1,15600,0,0.92443,0.962215,319,25*3*9,96*12*2
867,2708.72,1,15600,1,15600,0,0.926063,0.963032,319,25*3*9,96*12*2
868,2708.44,1,15600,1,15600,0,0.92616,0.96308,319,25*3*9,96*12*2
869,2708.44,1,15601,1,15601,0,0.92616,0.96308,319,25*3*9,96*12*2
870,2707.25,1,15600,1,15600,0,0.926566,0.963283,319,25*3*9,96*12*2
871,2707.12,1,15600,1,15600,0,0.926611,0.963306,319,25*3*9,96*12*2
872,2705.79,1,15601,1,15601,0,0.927066,0.963533,319,25*3*9,96*12*2
873,2705.56,1,15600,1,15600,0,0.927146,0.963573,319,25*3*9,96*12*2
874,2702.05,1,15600,1,15600,0,0.928349,0.964174,319,25*3*9,96*12*2
875,2702.01,1,15601,1,15601,0,0.928363,0.964181,319,25*3*9,96*12*2
876,2700.61,1,15600,1,15600,0,0.928844,0.964422,319,25*3*9,96*12*2
877,2697.56,1,15600,1,15600,0,0.929896,0.964948,319,25*3*9,96*12*2
878,2696.04,1,15600,1,15600,0,0.930421,0.96521,319,25*3*9,96*12*2
879,2691.55,1,15601,1,15601,0,0.931971,0.965986,319,25*3*9,96*12*2
880,2691.39,1,15600,1,15600,0,0.932028,0.966014,319,25*3*9,96*12*2
881,2689.98,1,15600,1,15600,0,0.932516,0.966258,319,25*3*9,96*12*2
882,2689.96,1,15601,1,15601,0,0.932523,0.966261,319,25*3*9,96*12*2
883,2689.04,1,15600,1,15600,0,0.932841,0.96642,319,25*3*9,96*12*2
884,2688.95,1,15600,1,15600,0,0.932874,0.966437,319,25*3*9,96*12*2
885,2688.28,1,15601,1,15601,0,0.933108,0.966554,319,25*3*9,96*12*2
886,2687.13,1,14184,0,14184,1,0.839333,0.919667,318,25*6*4,96*12*2
887,2684.1,1,14184,1,14184,0,0.840283,0.920141,318,25*6*4,96*12*2
888,2684.08,1,14184,1,14184,0,0.840287,0.920144,318,25*6*4,96*12*2
889,2678.91,1,14184,1,14184,0,0.841909,0.920954,318,25*6*4,96*12*2
890,2676.11,1,14184,1,14184,0,0.842791,0.921395,318,25*6*4,96*12*2
891,2675.97,1,14184,1,14184,0,0.842836,0.921418,318,25*6*4,96*12*2
892,2674.33,1,14184,1,14184,0,0.843352,0.921676,318,25*6*4,96*12*2
893,2673.75,1,14184,1,14184,0,0.843533,0.921767,318,25*6*4,96*12*2
894,2660.23,1,14184,1,14184,0,0.847822,0.923911,318,25*6*4,96*12*2
895,2652.49,1,14184,1,14184,0,0.850296,0.925148,318,25*6*4,96*12*2
896,2651.15,1,14184,1,14184,0,0.850726,0.925363,318,25*6*4,96*12*2
897,2649.07,1,14184,1,14184,0,0.851394,0.925697,318,25*6*4,96*12*2
898,2645.04,1,14184,1,14184,0,0.852692,0.926346,318,25*6*4,96*12*2
899,2644.46,1,14184,1,14184,0,0.852877,0.926439,318,25*6*4,96*12*2
900,2644.01,1,14184,1,14184,0,0.853023,0.926512,318,25*6*4,96*12*2
901,2642.36,1,14184,1,14184,0,0.853556,0.926778,318,25*6*4,96*12*2
902,2641.65,1,14184,1,14184,0,0.853785,0.926893,318,25*6*4,96*12*2
903,2641.07,1,14184,1,14184,0,0.853972,0.926986,318,25*6*4,96*12*2
904,2641.07,1,14184,1,14184,0,0.853972,0.926986,318,25*6*4,96*12*2
905,2640.81,1,14184,1,14184,0,0.854057,0.927029,318,25*6*4,96*12*2
906,2640.77,1,14184,1,14184,0,0.854068,0.927034,318,25*6*4,96*12*2
907,2638.66,1,14184,1,14184,0,0.854751,0.927375,318,25*6*4,96*12*2
908,2636.65,1,14184,1,14184,0,0.855404,0.927702,318,25*6*4,96*12*2
909,2629.6,1,14185,1,14185,1,0.857696,0.928848,317,25*6*4,96*12*2
910,2627.25,1,14184,1,14184,0,0.858465,0.929233,317,25*6*4,96*12*2
911,2625.37,1,14184,1,14184,0,0.859078,0.929539,317,25*6*4,96*12*2
912,2624.65,1,14184,1,14184,0,0.859315,0.929657,317,25*6*4,96*12*2
913,2620.53,1,14184,1,14184,0,0.860665,0.930333,317,25*6*4,96*12*2
914,2617.16,1,14184,1,14184,0,0.861773,0.930886,317,25*6*4,96*12*2
915,2617.01,1,14184,1,14184,0,0.861823,0.930911,317,25*6*4,96*12*2
916,2612.26,1,14184,1,14184,0,0.863389,0.931695,317,25*6*4,96*12*2
917,2610.12,1,14184,1,14184,0,0.8641,0.93205,317,25*6*4,96*12*2
918,2608.78,1,14184,1,14184,0,0.864543,0.932272,317,25*6*4,96*12*2
919,2607.36,1,14184,1,14184,0,0.865011,0.932506,317,25*6*4,96*12*2
920,2600.97,1,14185,1,14185,1,0.867137,0.933568,316,25*6*4,96*12*2
921,2599.7,1,14184,1,14184,0,0.867563,0.933782,316,25*6*4,96*12*2
922,2598.75,1,14184,1,14184,0,0.867879,0.933939,316,25*6*4,96*12*2
923,2597.46,1,14184,1,14184,0,0.868311,0.934156,316,25*6*4,96*12*2
924,2595.85,1,14184,1,14184,0,0.868847,0.934424,316,25*6*4,96*12*2
925,2595.79,1,14184,1,14184,0,0.868868,0.934434,316,25*6*4,96*12*2
926,2595.07,1,14184,1,14184,0,0.869109,0.934554,316,25*6*4,96*12*2
927,2593.08,1,14184,1,14184,0,0.869775,0.934888,316,25*6*4,96*12*2
928,2592.85,1,14184,1,14184,0,0.869854,0.934927,316,25*6*4,96*12*2
929,2592.73,1,14184,1,14184,0,0.869893,0.934946,316,25*6*4,96*12*2
930,2590.18,1,14184,1,14184,0,0.870749,0.935374,316,25*6*4,96*12*2
931,2589.23,1,14184,1,14184,0,0.871068,0.935534,316,25*6*4,96*12*2
932,2588.89,1,14184,1,14184,0,0.871183,0.935591,316,25*6*4,96*12*2
933,2588.46,1,14184,1,14184,0,0.87133,0.935665,316,25*6*4,96*12*2
934,2587.7,1,14184,1,14184,0,0.871586,0.935793,316,25*6*4,96*12*2
935,2586.56,1,14184,1,14184,0,0.871968,0.935984,316,25*6*4,96*12*2
936,2585.36,1,14184,1,14184,0,0.872375,0.936187,316,25*6*4,96*12*2
937,2585.19,1,14184,1,14184,0,0.87243,0.936215,316,25*6*4,96*12*2
938,2582.66,1,14184,1,14184,0,0.873285,0.936643,316,25*6*4,96*12*2
939,2582.46,1,14184,1,14184,0,0.873353,0.936677,316,25*6*4,96*12*2
940,2582.1,1,14184,1,14184,0,0.873476,0.936738,316,25*6*4,96*12*2
941,2580.97,1,14184,1,14184,0,0.873856,0.936928,316,25*6*4,96*12*2
942,2578.27,1,14184,1,14184,0,0.874771,0.937386,316,25*6*4,96*12*2
943,2575,1,14184,1,14184,0,0.875882,0.937941,316,25*6*4,96*12*2
944,2571.35,1,14184,1,14184,0,0.877125,0.938563,316,25*6*4,96*12*2
945,2571.16,1,14184,1,14184,0,0.877193,0.938597,316,25*6*4,96*12*2
946,2571.12,1,14184,1,14184,0,0.877205,0.938602,316,25*6*4,96*12*2
947,2570.22,1,14184,1,14184,0,0.877514,0.938757,316,25*6*4,96*12*2
948,2568.1,1,14184,1,14184,0,0.878237,0.939118,316,25*6*4,96*12*2
949,2567.24,1,14184,1,14184,0,0.878533,0.939266,316,25*6*4,96*12*2
950,2566.79,1,14184,1,14184,0,0.878686,0.939343,316,25*6*4,96*12*2
951,2565.09,1,14184,1,14184,0,0.879266,0.939633,316,25*6*4,96*12*2
952,2564.77,1,14184,1,14184,0,0.879378,0.939689,316,25*6*4,96*12*2
953,2564.62,1,14184,1,14184,0,0.87943,0.939715,316,25*6*4,96*12*2
954,2564.19,1,14184,1,14184,0,0.879575,0.939787,316,25*6*4,96*12*2
955,2564.18,1,14184,1,14184,0,0.879578,0.939789,316,25*6*4,96*12*2
956,2563.61,1,14184,1,14184,0,0.879776,0.939888,316,25*6*4,96*12*2
957,2563.26,1,14184,1,14184,0,0.879895,0.939947,316,25*6*4,96*12*2
958,2563.05,1,14184,1,14184,0,0.879967,0.939984,316,25*6*4,96*12*2
959,2562.83,1,14184,1,14184,0,0.880044,0.940022,316,25*6*4,96*12*2
960,2561.79,1,14185,1,14185,1,0.8804,0.9402,315,25*6*4,96*12*2
961,2560.8,1,14184,1,14184,0,0.88074,0.94037,315,25*6*4,96*12*2
962,2560.68,1,14184,1,14184,0,0.880781,0.94039,315,25*6*4,96*12*2
963,2560.38,1,14184,1,14184,0,0.880885,0.940442,315,25*6*4,96*12*2
964,2560.36,1,14184,1,14184,0,0.880891,0.940446,315,25*6*4,96*12*2
965,2559.8,1,14184,1,14184,0,0.881085,0.940543,315,25*6*4,96*12*2
966,2558,1,14184,1,14184,0,0.881705,0.940853,315,25*6*4,96*12*2
967,2556.55,1,14184,1,14184,0,0.882204,0.941102,315,25*6*4,96*12*2
968,2556.54,1,14184,1,14184,0,0.882209,0.941105,315,25*6*4,96*12*2
969,2555.44,1,14184,1,14184,0,0.882587,0.941293,315,25*6*4,96*12*2
970,2555.05,1,14184,1,14184,0,0.882722,0.941361,315,25*6*4,96*12*2
971,2554.19,1,14184,1,14184,0,0.883021,0.941511,315,25*6*4,96*12*2
972,2552.69,1,14184,1,14184,0,0.883538,0.941769,315,25*6*4,96*12*2
973,2552.59,1,14184,1,14184,0,0.883574,0.941787,315,25*6*4,96*12*2
974,2551.67,1,14184,1,14184,0,0.883893,0.941947,315,25*6*4,96*12*2
975,2549.24,1,14184,1,14184,0,0.884736,0.942368,315,25*6*4,96*12*2
976,2547.07,1,14184,1,14184,0,0.885489,0.942745,315,25*6*4,96*12*2
977,2546.19,1,14184,1,14184,0,0.885793,0.942897,315,25*6*4,96*12*2
978,2545.8,1,14184,1,14184,0,0.88593,0.942965,315,25*6*4,96*12*2
979,2545.8,1,14184,1,14184,0,0.885931,0.942966,315,25*6*4,96*12*2
980,2545.76,1,14184,1,14184,0,0.885943,0.942972,315,25*6*4,96*12*2
981,2544.39,1,14184,1,14184,0,0.88642,0.94321,315,25*6*4,96*12*2
982,2543.97,1,14184,1,14184,0,0.886568,0.943284,315,25*6*4,96*12*2
983,2543.83,1,14184,1,14184,0,0.886616,0.943308,315,25*6*4,96*12*2
984,2543.66,1,14184,1,14184,0,0.886674,0.943337,315,25*6*4,96*12*2
985,2543.33,1,14184,1,14184,0,0.886792,0.943396,315,25*6*4,96*12*2
986,2543.23,1,14184,1,14184,0,0.886824,0.943412,315,25*6*4,96*12*2
987,2543.09,1,14184,1,14184,0,0.886874,0.943437,315,25*6*4,96*12*2
988,2543.08,1,14184,1,14184,0,0.886876,0.943438,315,25*6*4,96*12*2
989,2542.45,1,14184,1,14184,0,0.887096,0.943548,315,25*6*4,96*12*2
990,2541.39,1,14184,1,14184,0,0.887466,0.943733,315,25*6*4,96*12*2
991,2540.83,1,14184,1,14184,0,0.887662,0.943831,315,25*6*4,96*12*2
992,2540.3,1,14184,1,14184,0,0.887849,0.943925,315,25*6*4,96*12*2
993,2540.15,1,14184,1,14184,0,0.887901,0.94395,315,25*6*4,96*12*2
994,2539.83,1,14184,1,14184,0,0.888013,0.944006,315,25*6*4,96*12*2
995,2538.33,1,14184,1,14184,0,0.888536,0.944268,315,25*6*4,96*12*2
996,2537.46,1,14184,1,14184,0,0.888842,0.944421,315,25*6*4,96*12*2
997,2535.74,1,14184,1,14184,0,0.889446,0.944723,315,25*6*4,96*12*2
998,2535,1,14184,1,14184,0,0.889704,0.944852,315,25*6*4,96*12*2
999,2533.98,1,14184,1,14184,0,0.890061,0.94503,315,25*6*4,96*12*2
1000,2533.02,1,14184,1,14184,0,0.890398,0.945199,315,25*6*4,96*12*2
1001,2531.3,1,14184,1,14184,0,0.891006,0.945503,315,25*6*4,96*12*2
1002,2531.2,1,14184,1,14184,0,0.891038,0.945519,315,25*6*4,96*12*2
1003,2530.83,1,14184,1,14184,0,0.89117,0.945585,315,25*6*4,96*12*2
1004,2530.1,1,14184,1,14184,0,0.891427,0.945714,315,25*6*4,96*12*2
1005,2529.99,1,14184,1,14184,0,0.891467,0.945734,315,25*6*4,96*12*2
1006,2529.64,1,14184,1,14184,0,0.89159,0.945795,315,25*6*4,96*12*2
1007,2529.58,1,14184,1,14184,0,0.89161,0.945805,315,25*6*4,96*12*2
1008,2528.99,1,14184,1,14184,0,0.891817,0.945909,315,25*6*4,96*12*2
1009,2528.68,1,14184,1,14184,0,0.891928,0.945964,315,25*6*4,96*12*2
1010,2528.66,1,14184,1,14184,0,0.891935,0.945967,315,25*6*4,96*12*2
1011,2528.46,1,14184,1,14184,0,0.892004,0.946002,315,25*6*4,96*12*2
1012,2528.42,1,14184,1,14184,0,0.89202,0.94601,315,25*6*4,96*12*2
1013,2527.43,1,14184,1,14184,0,0.89237,0.946185,315,25*6*4,96*12*2
1014,2527.05,1,14184,1,14184,0,0.892502,0.946251,315,25*6*4,96*12*2
1015,2526.51,1,14184,1,14184,0,0.892694,0.946347,315,25*6*4,96*12*2
1016,2526.22,1,14184,1,14184,0,0.892798,0.946399,315,25*6*4,96*12*2
1017,2526.08,1,14184,1,14184,0,0.892845,0.946422,315,25*6*4,96*12*2
1018,2525.25,1,14184,1,14184,0,0.893138,0.946569,315,25*6*4,96*12*2
1019,2525.11,1,14184,1,14184,0,0.89319,0.946595,315,25*6*4,96*12*2
1020,2524.61,1,14184,1,14184,0,0.893366,0.946683,315,25*6*4,96*12*2
1021,2524.59,1,14184,1,14184,0,0.893373,0.946687,315,25*6*4,96*12*2
1022,2523.76,1,14184,1,14184,0,0.893668,0.946834,315,25*6*4,96*12*2
1023,2523.59,1,14184,1,14184,0,0.893726,0.946863,315,25*6*4,96*12*2
1024,2523.55,1,14184,1,14184,0,0.893741,0.94687,315,25*6*4,96*12*2
1025,2523.12,1,14184,1,14184,0,0.893893,0.946946,315,25*6*4,96*12*2
1026,2523.09,1,14184,1,14184,0,0.893902,0.946951,315,25*6*4,96*12*2
1027,2522.85,1,14184,1,14184,0,0.893989,0.946995,315,25*6*4,96*12*2
1028,2522.55,1,14184,1,14184,0,0.894097,0.947049,315,25*6*4,96*12*2
1029,2522.39,1,14184,1,14184,0,0.894151,0.947075,315,25*6*4,96*12*2
1030,2522.34,1,14184,1,14184,0,0.894168,0.947084,315,25*6*4,96*12*2
1031,2522.25,1,14184,1,14184,0,0.894201,0.947101,315,25*6*4,96*12*2
1032,2522.16,1,14184,1,14184,0,0.894234,0.947117,315,25*6*4,96*12*2
1033,2522.15,1,14184,1,14184,0,0.894238,0.947119,315,25*6*4,96*12*2
1034,2521.47,1,14184,1,14184,0,0.894477,0.947238,315,25*6*4,96*12*2
1035,2521.4,1,14184,1,14184,0,0.894502,0.947251,315,25*6*4,96*12*2
1036,2521.1,1,14184,1,14184,0,0.894609,0.947305,315,25*6*4,96*12*2
1037,2521.06,1,14184,1,14184,0,0.894625,0.947312,315,25*6*4,96*12*2
1038,2520.74,1,14184,1,14184,0,0.894738,0.947369,315,25*6*4,96*12*2
1039,2520.27,1,14184,1,14184,0,0.894903,0.947452,315,25*6*4,96*12*2
1040,2520.22,1,14184,1,14184,0,0.894922,0.947461,315,25*6*4,96*12*2
1041,2520.16,1,14184,1,14184,0,0.894942,0.947471,315,25*6*4,96*12*2
1042,2519.87,1,14185,1,14185,1,0.895048,0.947524,314,25*6*4,96*12*2
1043,2519.72,1,14184,1,14184,0,0.895099,0.947549,314,25*6*4,96*12*2
1044,2519.69,1,14184,1,14184,0,0.895109,0.947555,314,25*6*4,96*12*2
1045,2519.68,1,14184,1,14184,0,0.895114,0.947557,314,25*6*4,96*12*2
1046,2519.44,1,14184,1,14184,0,0.8952,0.9476,314,25*6*4,96*12*2
1047,2519.22,1,14184,1,14184,0,0.895275,0.947638,314,25*6*4,96*12*2
1048,2519.17,1,14184,1,14184,0,0.895294,0.947647,314,25*6*4,96*12*2
1049,2519.16,1,14184,1,14184,0,0.895298,0.947649,314,25*6*4,96*12*2
1050,2519.16,1,14184,1,14184,0,0.895299,0.947649,314,25*6*4,96*12*2
1051,2518.9,1,14184,1,14184,0,0.895392,0.947696,314,25*6*4,96*12*2
1052,2518.83,1,14184,1,14184,0,0.895416,0.947708,314,25*6*4,96*12*2
1053,2518.78,1,14184,1,14184,0,0.895434,0.947717,314,25*6*4,96*12*2
1054,2518.74,1,14184,1,14184,0,0.895449,0.947725,314,25*6*4,96*12*2
1055,2518.72,1,14184,1,14184,0,0.895456,0.947728,314,25*6*4,96*12*2
1056,2518.4,1,14184,1,14184,0,0.895568,0.947784,314,25*6*4,96*12*2
1057,2518.27,1,14184,1,14184,0,0.895613,0.947807,314,25*6*4,96*12*2
1058,2518.2,1,14184,1,14184,0,0.89564,0.94782,314,25*6*4,96*12*2
1059,2517.93,1,14184,1,14184,0,0.895738,0.947869,314,25*6*4,96*12*2
1060,2517.9,1,14184,1,14184,0,0.895746,0.947873,314,25*6*4,96*12*2
1061,2517.61,1,14184,1,14184,0,0.895849,0.947924,314,25*6*4,96*12*2
1062,2517.61,1,14184,1,14184,0,0.895849,0.947924,314,25*6*4,96*12*2
1063,2517.55,1,14184,1,14184,0,0.895872,0.947936,314,25*6*4,96*12*2
1064,2517.51,1,14184,1,14184,0,0.895886,0.947943,314,25*6*4,96*12*2
1065,2517.24,1,14184,1,14184,0,0.89598,0.94799,314,25*6*4,96*12*2
1066,2517.19,1,14184,1,14184,0,0.896,0.948,314,25*6*4,96*12*2
1067,2517.07,1,14184,1,14184,0,0.896044,0.948022,314,25*6*4,96*12*2
1068,2516.92,1,14184,1,14184,0,0.896097,0.948048,314,25*6*4,96*12*2
1069,2516.89,1,14184,1,14184,0,0.896107,0.948053,314,25*6*4,96*12*2
1070,2516.58,1,14184,1,14184,0,0.896215,0.948108,314,25*6*4,96*12*2
1071,2516.36,1,14184,1,14184,0,0.896295,0.948148,314,25*6*4,96*12*2
1072,2515.78,1,14184,1,14184,0,0.896501,0.948251,314,25*6*4,96*12*2
1073,2515.74,1,14184,1,14184,0,0.896517,0.948258,314,25*6*4,96*12*2
1074,2515.66,1,14184,1,14184,0,0.896544,0.948272,314,25*6*4,96*12*2
1075,2515.57,1,14184,1,14184,0,0.896578,0.948289,314,25*6*4,96*12*2
1076,2515.36,1,14184,1,14184,0,0.896652,0.948326,314,25*6*4,96*12*2
1077,2515.25,1,14184,1,14184,0,0.896692,0.948346,314,25*6*4,96*12*2
1078,2515.18,1,14184,1,14184,0,0.896714,0.948357,314,25*6*4,96*12*2
1079,2515.12,1,14184,1,14184,0,0.896735,0.948368,314,25*6*4,96*12*2
1080,2514.91,1,14184,1,14184,0,0.89681,0.948405,314,25*6*4,96*12*2
1081,2514.72,1,14184,1,14184,0,0.896879,0.94844,314,25*6*4,96*12*2
1082,2514.61,1,14184,1,14184,0,0.896919,0.94846,314,25*6*4,96*12*2
1083,2514.58,1,14184,1,14184,0,0.896929,0.948465,314,25*6*4,96*12*2
1084,2514.45,1,14184,1,14184,0,0.896976,0.948488,314,25*6*4,96*12*2
1085,2514.2,1,14184,1,14184,0,0.897063,0.948531,314,25*6*4,96*12*2
1086,2514.18,1,14184,1,14184,0,0.89707,0.948535,314,25*6*4,96*12*2
1087,2513.99,1,14184,1,14184,0,0.897138,0.948569,314,25*6*4,96*12*2
1088,2513.98,1,14184,1,14184,0,0.897142,0.948571,314,25*6*4,96*12*2
1089,2512.8,1,14184,1,14184,0,0.897566,0.948783,314,25*6*4,96*12*2
1090,2512.34,1,14184,1,14184,0,0.897728,0.948864,314,25*6*4,96*12*2
1091,2512.22,1,14184,1,14184,0,0.897772,0.948886,314,25*6*4,96*12*2
1092,2511.99,1,14184,1,14184,0,0.897855,0.948928,314,25*6*4,96*12*2
1093,2510.41,1,14184,1,14184,0,0.898418,0.949209,314,25*6*4,96*12*2
