1,1585,542,0,0,0.879306,0.939653,116,25*6*1,96*1*3
2,7943,6508,0,0,0.995934,0.997967,313,25*6*7,96*6*6
3,15849,10845,0,0,0.917566,0.958783,351,25*6*13,96*12*5
4,15849,10846,1,0,0.917566,0.958783,351,25*6*13,96*12*5
5,19953,15181,0,0,0.845347,0.922673,353,25*6*16,96*12*7
6,12589,10845,0,0,0.984026,0.992013,340,25*6*11,96*12*5
7,1585,542,0,0,0.879306,0.939653,116,25*6*1,96*1*3
8,40,0,0,0,0,0,0,1*1*1,1*1*1
9,79,0,0,0,0,0,0,1*1*1,1*1*1
10,20,0,0,0,0,0,0,1*1*1,1*1*1
11,1585,543,1,0,0.879306,0.939653,116,25*6*1,96*1*3
12,316,90,1,0,0.999051,0.999525,16,25*1*1,48*1*1
13,20,0,0,0,0,0,0,1*1*1,1*1*1
14,200,22,0,0,0.9905,0.99525,6,5*1*1,12*1*1
15,126,0,0,0,0,0,0,1*1*1,1*1*1
16,50,0,0,0,0,0,0,1*1*1,1*1*1
17,1000,180,0,0,0.9674,0.9837,71,25*2*2,96*1*1
18,1585,542,0,0,0.879306,0.939653,116,25*6*1,96*1*3
19,1000,180,0,0,0.9674,0.9837,71,25*2*2,96*1*1
20,200,22,0,0,0.9905,0.99525,6,5*1*1,12*1*1
21,16,0,0,0,0,0,0,1*1*1,1*1*1
22,316,90,0,0,0.999051,0.999525,16,25*1*1,48*1*1
23,50,0,0,0,0,0,0,1*1*1,1*1*1
24,200,22,0,0,0.9905,0.99525,6,5*1*1,12*1*1
25,50,0,0,0,0,0,0,1*1*1,1*1*1
26,32,0,0,0,0,0,0,1*1*1,1*1*1
27,63,0,0,0,0,0,0,1*1*1,1*1*1
28,50,0,0,0,0,0,0,1*1*1,1*1*1
29,40,0,0,0,0,0,0,1*1*1,1*1*1
30,40,0,0,0,0,0,0,1*1*1,1*1*1
31,40,0,0,0,0,0,0,1*1*1,1*1*1
32,50,0,0,0,0,0,0,1*1*1,1*1*1
33,50,0,0,0,0,0,0,1*1*1,1*1*1
34,50,0,0,0,0,0,0,1*1*1,1*1*1
35,40,0,0,0,0,0,0,1*1*1,1*1*1
36,63,0,0,0,0,0,0,1*1*1,1*1*1
37,50,0,0,0,0,0,0,1*1*1,1*1*1
38,40,0,0,0,0,0,0,1*1*1,1*1*1
39,50,0,0,0,0,0,0,1*1*1,1*1*1
40,40,0,0,0,0,0,0,1*1*1,1*1*1
41,63,0,0,0,0,0,0,1*1*1,1*1*1
42,50,0,0,0,0,0,0,1*1*1,1*1*1
43,50,0,0,0,0,0,0,1*1*1,1*1*1
44,63,0,0,0,0,0,0,1*1*1,1*1*1
45,79,0,0,0,0,0,0,1*1*1,1*1*1
46,100,0,0,0,0,0,0,1*1*1,1*1*1
47,100,0,0,0,0,0,0,1*1*1,1*1*1
48,79,0,0,0,0,0,0,1*1*1,1*1*1
49,126,0,0,0,0,0,0,1*1*1,1*1*1
50,79,0,0,0,0,0,0,1*1*1,1*1*1
51,79,0,0,0,0,0,0,1*1*1,1*1*1
52,79,0,0,0,0,0,0,1*1*1,1*1*1
53,40,0,0,0,0,0,0,1*1*1,1*1*1
54,40,0,0,0,0,0,0,1*1*1,1*1*1
55,63,0,0,0,0,0,0,1*1*1,1*1*1
56,79,0,0,0,0,0,0,1*1*1,1*1*1
57,158,0,0,0,0,0,0,1*1*1,1*1*1
58,316,90,0,0,0.999051,0.999525,16,25*1*1,48*1*1
59,1000,180,0,0,0.9674,0.9837,71,25*2*2,96*1*1
60,3162,1627,0,0,0.9858,0.9929,197,25*2*7,96*3*3
61,5012,3616,0,0,0.955866,0.977933,269,25*6*4,96*4*5
62,15849,10845,0,0,0.917566,0.958783,351,25*6*13,96*12*5
63,6310,4339,0,0,0.938843,0.969422,289,25*6*5,96*6*4
64,15849,10845,0,0,0.917566,0.958783,351,25*6*13,96*12*5
65,794,180,0,0,0.910705,0.955353,52,25*3*1,96*1*1
66,10000,8677,0,0,0.99813,0.999065,326,25*6*9,96*12*4
67,7943,6508,0,0,0.995934,0.997967,313,25*6*7,96*6*6
68,1585,542,0,0,0.879306,0.939653,116,25*6*1,96*1*3
69,15849,10845,0,0,0.917566,0.958783,351,25*6*13,96*12*5
70,2512,1627,0,0,0.992596,0.996298,179,25*6*2,96*3*3
71,19953,15181,0,0,0.845347,0.922673,353,25*6*16,96*12*7
72,12589,10845,0,0,0.984026,0.992013,340,25*6*11,96*12*5
73,3162,1627,0,0,0.9858,0.9929,197,25*2*7,96*3*3
74,3162,1627,1,0,0.9858,0.9929,197,25*2*7,96*3*3
75,3981,2169,0,0,0.925772,0.962886,237,25*6*3,96*3*4
76,2512,1627,0,0,0.992596,0.996298,179,25*6*2,96*3*3
77,3162,1627,0,0,0.9858,0.9929,197,25*2*7,96*3*3
78,1259,361,0,0,0.998014,0.999007,95,25*6*1,96*1*2
79,1000,180,0,0,0.9674,0.9837,71,25*2*2,96*1*1
80,1585,542,0,0,0.879306,0.939653,116,25*6*1,96*1*3
81,2512,1627,0,0,0.992596,0.996298,179,25*6*2,96*3*3
82,3162,1627,0,0,0.9858,0.9929,197,25*2*7,96*3*3
83,3981,2169,0,0,0.925772,0.962886,237,25*6*3,96*3*4
84,12589,10845,0,0,0.984026,0.992013,340,25*6*11,96*12*5
85,1000,180,0,0,0.9674,0.9837,71,25*2*2,96*1*1
86,1995,813,0,0,0.978596,0.989298,143,25*3*3,48*3*3
87,2512,1627,0,0,0.992596,0.996298,179,25*6*2,96*3*3
88,6310,4339,0,0,0.938843,0.969422,289,25*6*5,96*6*4
89,2512,1627,0,0,0.992596,0.996298,179,25*6*2,96*3*3
90,1000,181,1,0,0.9674,0.9837,71,25*2*2,96*1*1
91,316,90,0,0,0.999051,0.999525,16,25*1*1,48*1*1
92,1000,180,0,0,0.9674,0.9837,71,25*2*2,96*1*1
93,398,90,0,0,0.870603,0.935302,19,25*1*1,48*1*1
94,1000,180,0,0,0.9674,0.9837,71,25*2*2,96*1*1
95,1259,361,0,0,0.998014,0.999007,95,25*6*1,96*1*2
96,631,181,1,0,0.997306,0.998653,40,25*3*1,96*1*1
97,501,181,1,0,0.993413,0.996707,32,25*2*1,96*1*1
98,2512,1627,0,0,0.992596,0.996298,179,25*6*2,96*3*3
99,1995,813,0,0,0.978596,0.989298,143,25*3*3,48*3*3
100,1995,814,1,0,0.978596,0.989298,143,25*3*3,48*3*3
101,1995,814,1,0,0.978596,0.989298,143,25*3*3,48*3*3
102,3162,1627,0,0,0.9858,0.9929,197,25*2*7,96*3*3
103,3162,1627,1,0,0.9858,0.9929,197,25*2*7,96*3*3
104,2512,1627,0,0,0.992596,0.996298,179,25*6*2,96*3*3
105,15849,10845,0,0,0.917566,0.958783,351,25*6*13,96*12*5
106,15849,10846,1,0,0.917566,0.958783,351,25*6*13,96*12*5
107,19953,15181,0,0,0.845347,0.922673,353,25*6*16,96*12*7
108,5012,3616,0,0,0.955866,0.977933,269,25*6*4,96*4*5
109,5012,3616,1,0,0.955866,0.977933,269,25*6*4,96*4*5
110,15849,10845,0,0,0.917566,0.958783,351,25*6*13,96*12*5
111,6310,4339,0,0,0.938843,0.969422,289,25*6*5,96*6*4
112,6310,4339,1,0,0.938843,0.969422,289,25*6*5,96*6*4
113,6310,4340,1,0,0.938843,0.969422,289,25*6*5,96*6*4
114,15849,10845,0,0,0.917566,0.958783,351,25*6*13,96*12*5
115,15849,10846,1,0,0.917566,0.958783,351,25*6*13,96*12*5
116,10000,8677,0,0,0.99813,0.999065,326,25*6*9,96*12*4
117,7943,6508,0,0,0.995934,0.997967,313,25*6*7,96*6*6
118,15849,10845,0,0,0.917566,0.958783,351,25*6*13,96*12*5
119,7943,6508,0,0,0.995934,0.997967,313,25*6*7,96*6*6
120,12589,10845,0,0,0.984026,0.992013,340,25*6*11,96*12*5
121,7943,6508,0,0,0.995934,0.997967,313,25*6*7,96*6*6
122,7943,6509,1,0,0.995934,0.997967,313,25*6*7,96*6*6
123,7943,6508,1,0,0.995934,0.997967,313,25*6*7,96*6*6
124,7943,6509,1,0,0.995934,0.997967,313,25*6*7,96*6*6
125,7943,6509,1,0,0.995934,0.997967,313,25*6*7,96*6*6
126,10000,8677,0,0,0.99813,0.999065,326,25*6*9,96*12*4
127,6310,4339,0,0,0.938843,0.969422,289,25*6*5,96*6*4
128,7943,6508,0,0,0.995934,0.997967,313,25*6*7,96*6*6
129,6310,4339,0,0,0.938843,0.969422,289,25*6*5,96*6*4
130,5012,3616,0,0,0.955866,0.977933,269,25*6*4,96*4*5
131,1995,813,0,0,0.978596,0.989298,143,25*3*3,48*3*3
132,1585,542,0,0,0.879306,0.939653,116,25*6*1,96*1*3
133,1995,813,0,0,0.978596,0.989298,143,25*3*3,48*3*3
134,2512,1627,0,0,0.992596,0.996298,179,25*6*2,96*3*3
135,5012,3616,0,0,0.955866,0.977933,269,25*6*4,96*4*5
136,5012,3616,1,0,0.955866,0.977933,269,25*6*4,96*4*5
137,19953,15181,0,0,0.845347,0.922673,353,25*6*16,96*12*7
138,3162,1627,0,0,0.9858,0.9929,197,25*2*7,96*3*3
139,6310,4339,0,0,0.938843,0.969422,289,25*6*5,96*6*4
140,19953,15181,0,0,0.845347,0.922673,353,25*6*16,96*12*7
141,12589,10845,0,0,0.984026,0.992013,340,25*6*11,96*12*5
142,12589,10846,1,0,0.984026,0.992013,340,25*6*11,96*12*5
143,6310,4339,0,0,0.938843,0.969422,289,25*6*5,96*6*4
144,12589,10845,0,0,0.984026,0.992013,340,25*6*11,96*12*5
145,12589,10846,1,0,0.984026,0.992013,340,25*6*11,96*12*5
146,7943,6508,0,0,0.995934,0.997967,313,25*6*7,96*6*6
147,1995,813,0,0,0.978596,0.989298,143,25*3*3,48*3*3
148,501,180,0,0,0.993413,0.996707,32,25*2*1,96*1*1
149,251,45,0,0,0.889641,0.944821,8,5*1*1,24*1*1
150,13,0,0,0,0,0,0,1*1*1,1*1*1
151,126,0,0,0,0,0,0,1*1*1,1*1*1
152,126,0,0,0,0,0,0,1*1*1,1*1*1
153,158,0,0,0,0,0,0,1*1*1,1*1*1
154,251,45,1,0,0.889641,0.944821,8,5*1*1,24*1*1
155,398,90,0,0,0.870603,0.935302,19,25*1*1,48*1*1
156,200,22,0,0,0.9905,0.99525,6,5*1*1,12*1*1
157,251,45,1,0,0.889641,0.944821,8,5*1*1,24*1*1
158,1000,180,0,0,0.9674,0.9837,71,25*2*2,96*1*1
159,1585,542,0,0,0.879306,0.939653,116,25*6*1,96*1*3
160,1995,813,0,0,0.978596,0.989298,143,25*3*3,48*3*3
161,3981,2170,1,0,0.925772,0.962886,237,25*6*3,96*3*4
162,5012,3616,0,0,0.955866,0.977933,269,25*6*4,96*4*5
163,6310,4339,0,0,0.938843,0.969422,289,25*6*5,96*6*4
164,3981,2169,0,0,0.925772,0.962886,237,25*6*3,96*3*4
165,1585,542,0,0,0.879306,0.939653,116,25*6*1,96*1*3
166,1995,813,0,0,0.978596,0.989298,143,25*3*3,48*3*3
167,631,180,0,0,0.997306,0.998653,40,25*3*1,96*1*1
168,1585,543,1,0,0.879306,0.939653,116,25*6*1,96*1*3
169,100,0,0,0,0,0,0,1*1*1,1*1*1
170,63,0,0,0,0,0,0,1*1*1,1*1*1
171,794,181,1,0,0.910705,0.955353,52,25*3*1,96*1*1
172,32,0,0,0,0,0,0,1*1*1,1*1*1
173,32,0,0,0,0,0,0,1*1*1,1*1*1
174,200,22,0,0,0.9905,0.99525,6,5*1*1,12*1*1
175,40,0,0,0,0,0,0,1*1*1,1*1*1
176,158,0,0,0,0,0,0,1*1*1,1*1*1
177,158,0,0,0,0,0,0,1*1*1,1*1*1
178,316,90,0,0,0.999051,0.999525,16,25*1*1,48*1*1
179,316,90,1,0,0.999051,0.999525,16,25*1*1,48*1*1
180,251,45,0,0,0.889641,0.944821,8,5*1*1,24*1*1
181,100,0,0,0,0,0,0,1*1*1,1*1*1
182,251,45,1,0,0.889641,0.944821,8,5*1*1,24*1*1
183,794,180,0,0,0.910705,0.955353,52,25*3*1,96*1*1
184,3162,1627,0,0,0.9858,0.9929,197,25*2*7,96*3*3
185,5012,3616,0,0,0.955866,0.977933,269,25*6*4,96*4*5
186,5012,3616,1,0,0.955866,0.977933,269,25*6*4,96*4*5
187,1259,361,0,0,0.998014,0.999007,95,25*6*1,96*1*2
188,15849,10845,0,0,0.917566,0.958783,351,25*6*13,96*12*5
189,1995,813,0,0,0.978596,0.989298,143,25*3*3,48*3*3
190,19953,15181,0,0,0.845347,0.922673,353,25*6*16,96*12*7
191,2512,1627,0,0,0.992596,0.996298,179,25*6*2,96*3*3
192,2512,1627,1,0,0.992596,0.996298,179,25*6*2,96*3*3
193,3162,1627,0,0,0.9858,0.9929,197,25*2*7,96*3*3
194,3981,2169,0,0,0.925772,0.962886,237,25*6*3,96*3*4
195,3162,1627,0,0,0.9858,0.9929,197,25*2*7,96*3*3
196,3162,1627,1,0,0.9858,0.9929,197,25*2*7,96*3*3
197,1995,813,0,0,0.978596,0.989298,143,25*3*3,48*3*3
198,3981,2170,1,0,0.925772,0.962886,237,25*6*3,96*3*4
199,3981,2170,1,0,0.925772,0.962886,237,25*6*3,96*3*4
200,3162,1627,0,0,0.9858,0.9929,197,25*2*7,96*3*3
201,2512,1627,0,0,0.992596,0.996298,179,25*6*2,96*3*3
202,5012,3616,0,0,0.955866,0.977933,269,25*6*4,96*4*5
203,3981,2169,0,0,0.925772,0.962886,237,25*6*3,96*3*4
204,3981,2170,1,0,0.925772,0.962886,237,25*6*3,96*3*4
205,2512,1627,0,0,0.992596,0.996298,179,25*6*2,96*3*3
206,1995,813,0,0,0.978596,0.989298,143,25*3*3,48*3*3
207,3162,1627,0,0,0.9858,0.9929,197,25*2*7,96*3*3
208,3981,2169,0,0,0.925772,0.962886,237,25*6*3,96*3*4
209,3981,2170,1,0,0.925772,0.962886,237,25*6*3,96*3*4
210,2512,1627,0,0,0.992596,0.996298,179,25*6*2,96*3*3
211,3981,2169,0,0,0.925772,0.962886,237,25*6*3,96*3*4
212,6310,4339,0,0,0.938843,0.969422,289,25*6*5,96*6*4
213,5012,3616,0,0,0.955866,0.977933,269,25*6*4,96*4*5
214,5012,3616,1,0,0.955866,0.977933,269,25*6*4,96*4*5
215,2512,1627,0,0,0.992596,0.996298,179,25*6*2,96*3*3
216,1585,542,0,0,0.879306,0.939653,116,25*6*1,96*1*3
217,316,90,1,0,0.999051,0.999525,16,25*1*1,48*1*1
218,1995,813,0,0,0.978596,0.989298,143,25*3*3,48*3*3
219,158,0,0,0,0,0,0,1*1*1,1*1*1
220,50,0,0,0,0,0,0,1*1*1,1*1*1
221,40,0,0,0,0,0,0,1*1*1,1*1*1
222,158,0,0,0,0,0,0,1*1*1,1*1*1
223,631,180,0,0,0.997306,0.998653,40,25*3*1,96*1*1
224,1259,362,1,0,0.998014,0.999007,95,25*6*1,96*1*2
225,631,181,1,0,0.997306,0.998653,40,25*3*1,96*1*1
226,1995,813,0,0,0.978596,0.989298,143,25*3*3,48*3*3
227,1259,361,0,0,0.998014,0.999007,95,25*6*1,96*1*2
228,1000,180,0,0,0.9674,0.9837,71,25*2*2,96*1*1
229,200,22,0,0,0.9905,0.99525,6,5*1*1,12*1*1
230,398,90,0,0,0.870603,0.935302,19,25*1*1,48*1*1
231,794,181,1,0,0.910705,0.955353,52,25*3*1,96*1*1
232,126,0,0,0,0,0,0,1*1*1,1*1*1
233,501,181,1,0,0.993413,0.996707,32,25*2*1,96*1*1
234,63,0,0,0,0,0,0,1*1*1,1*1*1
235,316,90,1,0,0.999051,0.999525,16,25*1*1,48*1*1
236,32,0,0,0,0,0,0,1*1*1,1*1*1
237,25,0,0,0,0,0,0,1*1*1,1*1*1
238,32,0,0,0,0,0,0,1*1*1,1*1*1
239,40,0,0,0,0,0,0,1*1*1,1*1*1
240,50,0,0,0,0,0,0,1*1*1,1*1*1
241,40,0,0,0,0,0,0,1*1*1,1*1*1
242,79,0,0,0,0,0,0,1*1*1,1*1*1
243,100,0,0,0,0,0,0,1*1*1,1*1*1
244,1000,180,0,0,0.9674,0.9837,71,25*2*2,96*1*1
245,501,180,0,0,0.993413,0.996707,32,25*2*1,96*1*1
246,158,0,0,0,0,0,0,1*1*1,1*1*1
247,1000,180,0,0,0.9674,0.9837,71,25*2*2,96*1*1
248,2512,1628,1,0,0.992596,0.996298,179,25*6*2,96*3*3
249,1585,542,0,0,0.879306,0.939653,116,25*6*1,96*1*3
250,3162,1627,0,0,0.9858,0.9929,197,25*2*7,96*3*3
251,15849,10845,0,0,0.917566,0.958783,351,25*6*13,96*12*5
252,19953,15181,0,0,0.845347,0.922673,353,25*6*16,96*12*7
253,15849,10845,0,0,0.917566,0.958783,351,25*6*13,96*12*5
254,15849,10846,1,0,0.917566,0.958783,351,25*6*13,96*12*5
255,19953,15181,0,0,0.845347,0.922673,353,25*6*16,96*12*7
256,12589,10845,0,0,0.984026,0.992013,340,25*6*11,96*12*5
257,15849,10845,0,0,0.917566,0.958783,351,25*6*13,96*12*5
258,25119,15181,0,0,0.671492,0.835746,353,25*6*16,96*12*7
259,19953,15181,1,0,0.845347,0.922673,353,25*6*16,96*12*7
260,15849,10845,0,0,0.917566,0.958783,351,25*6*13,96*12*5
261,15849,10846,1,0,0.917566,0.958783,351,25*6*13,96*12*5
262,15849,10846,1,0,0.917566,0.958783,351,25*6*13,96*12*5
263,19953,15181,0,0,0.845347,0.922673,353,25*6*16,96*12*7
264,10000,8677,0,0,0.99813,0.999065,326,25*6*9,96*12*4
265,19953,15181,0,0,0.845347,0.922673,353,25*6*16,96*12*7
266,25119,15181,1,0,0.671492,0.835746,353,25*6*16,96*12*7
267,15849,10845,0,0,0.917566,0.958783,351,25*6*13,96*12*5
268,12589,10845,0,0,0.984026,0.992013,340,25*6*11,96*12*5
269,15849,10845,0,0,0.917566,0.958783,351,25*6*13,96*12*5
270,25119,15181,0,0,0.671492,0.835746,353,25*6*16,96*12*7
271,19953,15181,1,0,0.845347,0.922673,353,25*6*16,96*12*7
272,25119,15181,1,0,0.671492,0.835746,353,25*6*16,96*12*7
273,12589,10845,0,0,0.984026,0.992013,340,25*6*11,96*12*5
274,12589,10846,1,0,0.984026,0.992013,340,25*6*11,96*12*5
275,12589,10846,1,0,0.984026,0.992013,340,25*6*11,96*12*5
276,15849,10845,0,0,0.917566,0.958783,351,25*6*13,96*12*5
277,12589,10845,0,0,0.984026,0.992013,340,25*6*11,96*12*5
278,12589,10846,1,0,0.984026,0.992013,340,25*6*11,96*12*5
279,15849,10845,0,0,0.917566,0.958783,351,25*6*13,96*12*5
280,12589,10845,0,0,0.984026,0.992013,340,25*6*11,96*12*5
281,10000,8677,0,0,0.99813,0.999065,326,25*6*9,96*12*4
282,12589,10845,0,0,0.984026,0.992013,340,25*6*11,96*12*5
283,15849,10845,0,0,0.917566,0.958783,351,25*6*13,96*12*5
284,15849,10846,1,0,0.917566,0.958783,351,25*6*13,96*12*5
285,5012,3616,0,0,0.955866,0.977933,269,25*6*4,96*4*5
286,15849,10845,0,0,0.917566,0.958783,351,25*6*13,96*12*5
287,3981,2169,0,0,0.925772,0.962886,237,25*6*3,96*3*4
288,100,0,0,0,0,0,0,1*1*1,1*1*1
289,100,0,0,0,0,0,0,1*1*1,1*1*1
290,251,45,0,0,0.889641,0.944821,8,5*1*1,24*1*1
291,251,45,1,0,0.889641,0.944821,8,5*1*1,24*1*1
292,200,23,1,0,0.9905,0.99525,6,5*1*1,12*1*1
293,316,90,0,0,0.999051,0.999525,16,25*1*1,48*1*1
294,1995,813,0,0,0.978596,0.989298,143,25*3*3,48*3*3
295,794,180,0,0,0.910705,0.955353,52,25*3*1,96*1*1
296,10000,8677,0,0,0.99813,0.999065,326,25*6*9,96*12*4
297,1585,542,0,0,0.879306,0.939653,116,25*6*1,96*1*3
298,19953,15181,0,0,0.845347,0.922673,353,25*6*16,96*12*7
299,19953,15181,1,0,0.845347,0.922673,353,25*6*16,96*12*7
300,12589,10845,0,0,0.984026,0.992013,340,25*6*11,96*12*5
301,2044.85,813,0,0,0.95474,0.97737,143,25*3*3,48*3*3
302,7447.83,5424,0,0,0.940059,0.97003,301,25*6*6,96*6*5
303,16229.5,10845,0,0,0.896053,0.948027,351,25*6*13,96*12*5
304,16031,10846,1,0,0.907149,0.953574,351,25*6*13,96*12*5
305,19606.3,15181,0,0,0.860295,0.930147,353,25*6*16,96*12*7
306,11840.3,10845,0,0,0.955972,0.977986,334,25*6*10,96*12*5
307,1585.21,542,0,0,0.87919,0.939595,116,25*6*1,96*1*3
308,812.947,181,1,0,0.88948,0.94474,52,25*3*1,96*1*1
309,406.541,90,1,0,0.852313,0.926156,19,25*1*1,48*1*1
310,0,0,0,0,0,0,0,1*1*1,1*1*1
311,1090.61,272,1,0,0.995498,0.997749,72,25*6*1,48*1*3
312,0,0,0,0,0,0,0,1*1*1,1*1*1
313,23.8508,0,0,0,0,0,0,1*1*1,1*1*1
314,0,0,0,0,0,0,0,1*1*1,1*1*1
315,100.082,0,0,0,0,0,0,1*1*1,1*1*1
316,0,0,0,0,0,0,0,1*1*1,1*1*1
317,963.866,180,0,0,0.997857,0.998928,70,25*2*2,96*1*1
318,972.651,181,1,0,0.994601,0.997301,71,25*2*2,96*1*1
319,1043.4,181,1,0,0.927161,0.963581,71,25*2*2,96*1*1
320,110.425,0,0,0,0,0,0,1*1*1,1*1*1
321,108.095,0,0,0,0,0,0,1*1*1,1*1*1
322,653.238,180,0,0,0.989073,0.994536,44,25*3*1,96*1*1
323,0,0,0,0,0,0,0,1*1*1,1*1*1
324,735.417,181,1,0,0.983252,0.991626,52,25*3*1,96*1*1
325,0,0,0,0,0,0,0,1*1*1,1*1*1
326,463.023,91,1,0,0.999302,0.999651,22,25*2*1,48*1*1
327,184.966,7,0,0,0.934766,0.967383,3,1*1*1,4*1*1
328,0,0,0,0,0,0,0,1*1*1,1*1*1
329,0,0,0,0,0,0,0,1*1*1,1*1*1
330,188.049,11,0,0,0.986445,0.993223,4,5*1*1,6*1*1
331,347.586,90,0,0,0.996876,0.998438,19,25*1*1,48*1*1
332,0,0,0,0,0,0,0,1*1*1,1*1*1
333,232.819,45,0,0,0.959114,0.979557,8,5*1*1,24*1*1
334,0,0,0,0,0,0,0,1*1*1,1*1*1
335,0,0,0,0,0,0,0,1*1*1,1*1*1
336,373.985,90,0,0,0.926508,0.963254,19,25*1*1,48*1*1
337,0,0,0,0,0,0,0,1*1*1,1*1*1
338,0,0,0,0,0,0,0,1*1*1,1*1*1
339,0,0,0,0,0,0,0,1*1*1,1*1*1
340,246.768,45,0,0,0.904899,0.952449,8,5*1*1,24*1*1
341,70.5241,0,0,0,0,0,0,1*1*1,1*1*1
342,104.083,0,0,0,0,0,0,1*1*1,1*1*1
343,65.7229,0,0,0,0,0,0,1*1*1,1*1*1
344,0,0,0,0,0,0,0,1*1*1,1*1*1
345,24.8078,0,0,0,0,0,0,1*1*1,1*1*1
346,38.2118,0,0,0,0,0,0,1*1*1,1*1*1
347,0,0,0,0,0,0,0,1*1*1,1*1*1
348,0,0,0,0,0,0,0,1*1*1,1*1*1
349,0,0,0,0,0,0,0,1*1*1,1*1*1
350,1233.26,361,0,0,0.99614,0.99807,93,25*6*1,96*1*2
351,1162.73,362,1,0,0.99877,0.999385,82,25*6*1,96*1*2
352,175.803,7,0,0,0.983487,0.991744,3,1*1*1,4*1*1
353,0,0,0,0,0,0,0,1*1*1,1*1*1
354,0,0,0,0,0,0,0,1*1*1,1*1*1
355,745.338,180,0,0,0.970164,0.985082,52,25*3*1,96*1*1
356,0,0,0,0,0,0,0,1*1*1,1*1*1
357,0,0,0,0,0,0,0,1*1*1,1*1*1
358,733.242,181,1,0,0.986168,0.993084,52,25*3*1,96*1*1
359,813.3,181,1,0,0.889094,0.944547,52,25*3*1,96*1*1
360,2942.07,1627,0,0,0.877002,0.938501,189,25*6*2,96*3*3
361,5289.4,3616,0,0,0.905736,0.952868,269,25*6*4,96*4*5
362,15882.5,10845,0,0,0.91563,0.957815,351,25*6*13,96*12*5
363,6489.78,4339,0,0,0.912835,0.956418,289,25*6*5,96*6*4
364,15244.4,10845,0,0,0.953957,0.976978,351,25*6*13,96*12*5
365,520.352,180,0,0,0.977992,0.988996,33,25*2*1,96*1*1
366,9757.18,8677,0,0,0.999295,0.999647,319,25*6*9,96*12*4
367,7782.69,5424,0,0,0.999179,0.999589,309,25*6*7,96*6*5
368,2152.78,813,0,0,0.998569,0.999285,144,25*2*5,48*3*3
369,15285.5,10845,0,0,0.951392,0.975696,351,25*6*13,96*12*5
370,2298.73,813,0,0,0.989677,0.994838,154,25*6*2,48*3*3
371,19898.9,15181,0,0,0.847645,0.923822,353,25*6*16,96*12*7
372,13455.6,10845,0,0,0.996968,0.998484,346,25*6*12,96*12*5
373,3773.72,2169,0,0,0.976623,0.988311,237,25*6*3,96*3*4
374,3567.45,2170,1,0,0.997772,0.998886,222,25*6*3,96*3*4
375,3569.43,2170,1,0,0.997218,0.998609,222,25*6*3,96*3*4
376,2094.36,814,1,0,0.93217,0.966085,143,25*3*3,48*3*3
377,3244.73,1627,0,0,0.960665,0.980333,197,25*2*7,96*3*3
378,970.046,180,0,0,0.997272,0.998636,71,25*2*2,96*1*1
379,606.424,180,0,0,0.977699,0.988849,34,25*3*1,96*1*1
380,1644.75,543,1,0,0.847363,0.923681,116,25*6*1,96*1*3
381,3080.19,1627,0,0,0.997438,0.998719,194,25*2*7,96*3*3
382,2843.89,1627,0,0,0.907278,0.953639,189,25*6*2,96*3*3
383,3857.48,2169,0,0,0.955416,0.977708,237,25*6*3,96*3*4
384,14006.3,10845,0,0,0.961967,0.980984,347,25*6*12,96*12*5
385,763.655,180,0,0,0.946894,0.973447,52,25*3*1,96*1*1
386,2161.55,813,0,0,0.994518,0.997259,144,25*2*5,48*3*3
387,1655.09,542,0,0,0.842069,0.921035,116,25*6*1,96*1*3
388,5958.59,4339,0,0,0.994212,0.997106,289,25*6*5,96*6*4
389,2606.48,1627,0,0,0.989917,0.994959,189,25*6*2,96*3*3
390,848.815,180,0,0,0.851894,0.925947,52,25*3*1,96*1*1
391,0,0,0,0,0,0,0,1*1*1,1*1*1
392,657.127,181,1,0,0.996002,0.998001,45,25*3*1,96*1*1
393,617.724,181,1,0,0.996076,0.998038,36,25*3*1,96*1*1
394,1445.57,543,1,0,0.964118,0.982059,116,25*6*1,96*1*3
395,1794.68,542,0,0,0.994216,0.997108,120,25*3*3,96*1*3
396,579.103,180,0,0,0.878773,0.939386,33,25*2*1,96*1*1
397,331.65,91,1,0,0.99412,0.99706,18,25*1*1,48*1*1
398,2779.05,1627,0,0,0.928447,0.964223,189,25*6*2,96*3*3
399,2819.65,1627,1,0,0.915078,0.957539,189,25*6*2,96*3*3
400,1231.87,361,0,0,0.997264,0.998632,93,25*6*1,96*1*2
401,1126.27,362,1,0,0.996919,0.99846,77,25*6*1,96*1*2
402,3151.52,1627,0,0,0.989078,0.994539,197,25*2*7,96*3*3
403,3593.87,2169,0,0,0.999786,0.999893,228,25*6*3,96*3*4
404,3199.29,1627,0,0,0.97431,0.987155,197,25*2*7,96*3*3
405,16034.8,10845,0,0,0.906934,0.953467,351,25*6*13,96*12*5
406,15651.2,10846,1,0,0.929162,0.964581,351,25*6*13,96*12*5
407,20882.6,15181,0,0,0.807716,0.903858,353,25*6*16,96*12*7
408,4874.17,3616,0,0,0.982896,0.991448,269,25*6*4,96*4*5
409,4816.72,3616,1,0,0.994619,0.997309,269,25*6*4,96*4*5
410,15871.8,10845,0,0,0.916248,0.958124,351,25*6*13,96*12*5
411,6490.76,4339,0,0,0.912697,0.956349,289,25*6*5,96*6*4
412,6071.56,4339,1,0,0.975713,0.987856,289,25*6*5,96*6*4
413,6969.86,5424,0,0,0.993277,0.996638,300,25*6*6,96*6*5
414,14799.6,10845,0,0,0.982628,0.991314,351,25*6*13,96*12*5
415,15587.7,10846,1,0,0.932947,0.966474,351,25*6*13,96*12*5
416,11302.9,10845,0,0,0.999195,0.999597,333,25*6*10,96*12*5
417,8356.07,6508,0,0,0.966806,0.983403,315,25*6*7,96*6*6
418,14989.2,10845,0,0,0.970199,0.985099,351,25*6*13,96*12*5
419,7215.16,5424,0,0,0.970373,0.985187,301,25*6*6,96*6*5
420,12681.5,10845,0,0,0.976848,0.988424,340,25*6*11,96*12*5
421,7904.85,5424,0,0,0.998615,0.999307,312,25*6*7,96*6*5
422,8218.82,6508,1,0,0.982951,0.991476,315,25*6*7,96*6*6
423,6785.64,5424,0,0,0.997135,0.998568,297,25*6*6,96*6*5
424,8958.65,6508,0,0,0.901776,0.950888,315,25*6*7,96*6*6
425,8079.77,6509,1,0,0.999868,0.999934,315,25*6*7,96*6*6
426,10357.1,8677,0,0,0.988047,0.994023,328,25*6*9,96*12*4
427,7140.9,5424,0,0,0.980465,0.990232,301,25*6*6,96*6*5
428,8168.07,6508,0,0,0.989059,0.994529,315,25*6*7,96*6*6
429,5820.2,4339,0,0,0.999089,0.999545,286,25*6*5,96*6*4
430,6095.89,4339,1,0,0.971819,0.985909,289,25*6*5,96*6*4
431,2588.72,1627,0,0,0.996709,0.998354,189,25*6*2,96*3*3
432,719.874,180,0,0,0.989895,0.994948,50,25*3*1,96*1*1
433,2220.3,813,0,0,0.995631,0.997816,148,25*6*2,48*3*3
434,2488.53,1628,1,0,0.996331,0.998166,178,25*6*2,96*3*3
435,5105.92,3616,0,0,0.938283,0.969142,269,25*6*4,96*4*5
436,5092.5,3616,1,0,0.940756,0.970378,269,25*6*4,96*4*5
437,19461.8,15181,0,0,0.866682,0.933341,353,25*6*16,96*12*7
438,3547.38,2169,0,0,0.986841,0.99342,221,25*6*3,96*3*4
439,5710.76,4339,0,0,0.997643,0.998822,283,25*6*5,96*6*4
440,19978.5,15181,0,0,0.844268,0.922134,353,25*6*16,96*12*7
441,12516,10845,0,0,0.989765,0.994883,340,25*6*11,96*12*5
442,13833.3,10845,0,0,0.973998,0.986999,347,25*6*12,96*12*5
443,6493.1,4339,0,0,0.912369,0.956184,289,25*6*5,96*6*4
444,12746.5,10845,0,0,0.971867,0.985933,340,25*6*11,96*12*5
445,12118,10846,1,0,0.997318,0.998659,338,25*6*11,96*12*5
446,7530.64,5424,0,0,0.929722,0.964861,301,25*6*6,96*6*5
447,1941.34,813,0,0,0.999876,0.999938,142,25*3*3,48*3*3
448,1030.02,180,0,0,0.939205,0.969603,71,25*2*2,96*1*1
449,0,0,0,0,0,0,0,1*1*1,1*1*1
450,0,0,0,0,0,0,0,1*1*1,1*1*1
451,0,0,0,0,0,0,0,1*1*1,1*1*1
452,819.263,180,0,0,0.882623,0.941311,52,25*3*1,96*1*1
453,111.896,0,0,0,0,0,0,1*1*1,1*1*1
454,879.064,180,0,0,0.998562,0.999281,55,25*2*2,96*1*1
455,863.991,180,0,0,0.83693,0.918465,52,25*3*1,96*1*1
456,403.186,91,1,0,0.859405,0.929702,19,25*1*1,48*1*1
457,0,0,0,0,0,0,0,1*1*1,1*1*1
458,717.659,181,1,0,0.992951,0.996475,50,25*3*1,96*1*1
459,1193.27,361,1,0,0.987287,0.993644,84,25*6*1,96*1*2
460,2375.02,813,0,0,0.993844,0.996922,164,25*6*2,48*3*3
461,4532.79,2893,0,0,0.997311,0.998655,253,25*6*4,96*4*4
462,5264.37,3616,1,0,0.910042,0.955021,269,25*6*4,96*4*5
463,7623.02,5424,0,0,0.918455,0.959227,301,25*6*6,96*6*5
464,4279.81,2893,0,0,0.986749,0.993375,242,25*3*7,96*4*4
465,1883.51,542,0,0,0.998986,0.999493,133,25*3*3,96*1*3
466,1952.12,814,1,0,0.994355,0.997177,142,25*3*3,48*3*3
467,237.952,45,0,0,0.938425,0.969212,8,5*1*1,24*1*1
468,2153.32,813,0,0,0.998319,0.999159,144,25*2*5,48*3*3
469,0,0,0,0,0,0,0,1*1*1,1*1*1
470,753,180,0,0,0.960292,0.980146,52,25*3*1,96*1*1
471,1403.91,543,1,0,0.992727,0.996364,116,25*6*1,96*1*3
472,372.158,90,1,0,0.931056,0.965528,19,25*1*1,48*1*1
473,0,0,0,0,0,0,0,1*1*1,1*1*1
474,0,0,0,0,0,0,0,1*1*1,1*1*1
475,993.313,180,0,0,0.973913,0.986956,71,25*2*2,96*1*1
476,0,0,0,0,0,0,0,1*1*1,1*1*1
477,261.629,45,0,0,0.853499,0.926749,8,5*1*1,24*1*1
478,0,0,0,0,0,0,0,1*1*1,1*1*1
479,113.347,0,0,0,0,0,0,1*1*1,1*1*1
480,0,0,0,0,0,0,0,1*1*1,1*1*1
481,0,0,0,0,0,0,0,1*1*1,1*1*1
482,0,0,0,0,0,0,0,1*1*1,1*1*1
483,141.167,0,0,0,0,0,0,1*1*1,1*1*1
484,3623.2,2169,0,0,0.998648,0.999324,232,25*6*3,96*3*4
485,5046.18,3616,0,0,0.949391,0.974696,269,25*6*4,96*4*5
486,4281.59,2893,0,0,0.986339,0.99317,242,25*3*7,96*4*4
487,2147.37,813,0,0,0.909159,0.954579,143,25*3*3,48*3*3
488,16772.1,15181,0,0,0.973492,0.986746,352,25*6*15,96*12*7
489,1965.63,813,0,0,0.993218,0.996609,143,25*3*3,48*3*3
490,20052.9,15181,0,0,0.841135,0.920568,353,25*6*16,96*12*7
491,2192.39,813,0,0,0.998089,0.999044,146,25*6*2,48*3*3
492,2152.36,813,0,0,0.998764,0.999382,144,25*2*5,48*3*3
493,3857.02,2169,0,0,0.95553,0.977765,237,25*6*3,96*3*4
494,3786.31,2170,1,0,0.973375,0.986688,237,25*6*3,96*3*4
495,3080.01,1627,0,0,0.997497,0.998748,194,25*2*7,96*3*3
496,2977.2,1627,0,0,0.866653,0.933327,189,25*6*2,96*3*3
497,1479.29,542,0,0,0.942141,0.971071,116,25*6*1,96*1*3
498,3155,1627,0,0,0.987987,0.993994,197,25*2*7,96*3*3
499,3516.86,2169,0,0,0.995405,0.997702,221,25*6*3,96*3*4
500,3120.8,1627,0,0,0.998814,0.999407,197,25*2*7,96*3*3
501,2223.46,813,0,0,0.994216,0.997108,148,25*6*2,48*3*3
502,5856.81,4339,0,0,0.994278,0.997139,287,25*6*5,96*6*4
503,4095.87,2169,0,0,0.899809,0.949904,237,25*6*3,96*3*4
504,3793.35,2170,1,0,0.971569,0.985784,237,25*6*3,96*3*4
505,2562.19,1627,0,0,0.999106,0.999553,185,25*6*2,96*3*3
506,1155.36,361,0,0,0.997265,0.998632,81,25*6*1,96*1*2
507,3328.22,1627,0,0,0.999663,0.999832,206,25*6*3,96*3*3
508,3543.28,2170,1,0,0.987983,0.993991,221,25*6*3,96*3*4
509,3289.89,1627,1,0,0.998544,0.999272,202,25*6*3,96*3*3
510,1890.51,543,1,0,0.998619,0.99931,134,25*3*3,96*1*3
511,3972.31,2170,1,0,0.927798,0.963899,237,25*6*3,96*3*4
512,7247.81,5424,0,0,0.966002,0.983001,301,25*6*6,96*6*5
513,4096.66,2169,0,0,0.899635,0.949818,237,25*6*3,96*3*4
514,5081.82,3616,0,0,0.942733,0.971367,269,25*6*4,96*4*5
515,2647.21,1627,0,0,0.974687,0.987343,189,25*6*2,96*3*3
516,1557.41,542,0,0,0.894883,0.947442,116,25*6*1,96*1*3
517,1009.16,180,0,0,0.958619,0.97931,71,25*2*2,96*1*1
518,2412.77,814,1,0,0.999764,0.999882,170,25*6*2,48*3*3
519,93.3607,0,0,0,0,0,0,1*1*1,1*1*1
520,0,0,0,0,0,0,0,1*1*1,1*1*1
521,507.135,180,0,0,0.981395,0.990698,32,25*2*1,96*1*1
522,802.016,181,1,0,0.901603,0.950801,52,25*3*1,96*1*1
523,275.591,45,0,0,0.810259,0.905129,8,5*1*1,24*1*1
524,545.093,180,0,0,0.933602,0.966801,33,25*2*1,96*1*1
525,485.447,91,1,0,0.996401,0.998201,29,25*2*1,48*1*1
526,2505.42,1627,0,0,0.995202,0.997601,179,25*6*2,96*3*3
527,1150.4,361,0,0,0.988787,0.994393,80,25*6*1,96*1*2
528,1817.18,542,0,0,0.995774,0.997887,123,25*3*3,96*1*3
529,623.922,180,0,0,0.998522,0.999261,37,25*3*1,96*1*1
530,745.277,181,1,0,0.970243,0.985122,52,25*3*1,96*1*1
531,1031.43,180,0,0,0.937921,0.968961,71,25*2*2,96*1*1
532,0,0,0,0,0,0,0,1*1*1,1*1*1
533,0,0,0,0,0,0,0,1*1*1,1*1*1
534,845.54,180,0,0,0.855193,0.927597,52,25*3*1,96*1*1
535,0,0,0,0,0,0,0,1*1*1,1*1*1
536,0,0,0,0,0,0,0,1*1*1,1*1*1
537,523.027,181,1,0,0.97299,0.986495,33,25*2*1,96*1*1
538,0,0,0,0,0,0,0,1*1*1,1*1*1
539,0,0,0,0,0,0,0,1*1*1,1*1*1
540,730.22,181,1,0,0.99025,0.995125,52,25*3*1,96*1*1
541,98.8366,0,0,0,0,0,0,1*1*1,1*1*1
542,454.655,90,1,0,0.977664,0.988832,20,25*2*1,48*1*1
543,0,0,0,0,0,0,0,1*1*1,1*1*1
544,992.296,180,0,0,0.974911,0.987455,71,25*2*2,96*1*1
545,561.466,180,0,0,0.906377,0.953189,33,25*2*1,96*1*1
546,147.639,0,0,0,0,0,0,1*1*1,1*1*1
547,721.382,181,1,0,0.987826,0.993913,50,25*3*1,96*1*1
548,2910.05,1627,0,0,0.886651,0.943326,189,25*6*2,96*3*3
549,2008.95,813,0,0,0.971801,0.985901,143,25*3*3,48*3*3
550,3186.21,1627,0,0,0.97831,0.989155,197,25*2*7,96*3*3
551,14902.6,10845,0,0,0.975836,0.987918,351,25*6*13,96*12*5
552,18531.8,15181,0,0,0.910176,0.955088,353,25*6*16,96*12*7
553,15678,10845,0,0,0.927574,0.963787,351,25*6*13,96*12*5
554,15312.7,10846,1,0,0.949702,0.974851,351,25*6*13,96*12*5
555,19826,15181,0,0,0.850762,0.925381,353,25*6*16,96*12*7
556,12500.8,10845,0,0,0.990969,0.995484,340,25*6*11,96*12*5
557,16337.7,15181,0,0,0.999376,0.999688,352,25*6*15,96*12*7
558,25080.4,15181,0,0,0.672525,0.836263,353,25*6*16,96*12*7
559,19966.7,15181,1,0,0.844767,0.922383,353,25*6*16,96*12*7
560,16662.1,15181,0,0,0.979918,0.989959,352,25*6*15,96*12*7
561,15663.7,10845,0,0,0.92842,0.96421,351,25*6*13,96*12*5
562,15278.8,10846,1,0,0.951809,0.975905,351,25*6*13,96*12*5
563,20124.2,15181,0,0,0.838155,0.919078,353,25*6*16,96*12*7
564,9717.11,8677,0,0,0.940527,0.970263,317,25*6*8,96*12*4
565,20155.7,15181,0,0,0.836845,0.918423,353,25*6*16,96*12*7
566,25827.8,15181,1,0,0.653064,0.826532,353,25*6*16,96*12*7
567,15207.9,10845,0,0,0.956246,0.978123,351,25*6*13,96*12*5
568,12499.1,10845,0,0,0.991103,0.995552,340,25*6*11,96*12*5
569,16245.6,10845,0,0,0.895165,0.947583,351,25*6*13,96*12*5
570,25467.4,15181,0,0,0.662306,0.831153,353,25*6*16,96*12*7
571,20024.9,15181,1,0,0.842311,0.921156,353,25*6*16,96*12*7
572,24906.2,15181,1,0,0.677229,0.838614,353,25*6*16,96*12*7
573,11491.1,10845,0,0,0.985023,0.992512,334,25*6*10,96*12*5
574,12659.2,10845,0,0,0.978569,0.989284,340,25*6*11,96*12*5
575,11882.2,10845,0,0,0.952601,0.976301,334,25*6*10,96*12*5
576,16406.9,15181,0,0,0.995161,0.99758,352,25*6*15,96*12*7
577,12472.9,10845,0,0,0.993185,0.996593,340,25*6*11,96*12*5
578,12402.6,10846,1,0,0.998815,0.999407,340,25*6*11,96*12*5
579,15424,10845,0,0,0.942849,0.971424,351,25*6*13,96*12*5
580,12475.8,10845,0,0,0.992954,0.996477,340,25*6*11,96*12*5
581,10703.1,8677,0,0,0.956106,0.978053,328,25*6*9,96*12*4
582,12637.8,10845,0,0,0.980226,0.990113,340,25*6*11,96*12*5
583,14624.2,10845,0,0,0.994413,0.997207,351,25*6*13,96*12*5
584,15685.5,10846,1,0,0.92713,0.963565,351,25*6*13,96*12*5
585,5974.52,4339,0,0,0.991561,0.99578,289,25*6*5,96*6*4
586,15542.2,10845,0,0,0.935678,0.967839,351,25*6*13,96*12*5
587,3401.88,2169,0,0,0.999418,0.999709,213,25*6*3,96*3*4
588,980.995,180,0,0,0.986142,0.993071,71,25*2*2,96*1*1
589,1065.25,181,1,0,0.908144,0.954072,71,25*2*2,96*1*1
590,0,0,0,0,0,0,0,1*1*1,1*1*1
591,188.671,11,0,0,0.983193,0.991596,4,5*1*1,6*1*1
592,1512.09,542,0,0,0.921704,0.960852,116,25*6*1,96*1*3
593,362.42,90,1,0,0.956073,0.978037,19,25*1*1,48*1*1
594,2963.62,1627,0,0,0.870624,0.935312,189,25*6*2,96*3*3
595,654.439,180,0,0,0.987258,0.993629,44,25*3*1,96*1*1
596,9451.85,8677,0,0,0.966922,0.983461,317,25*6*8,96*12*4
597,1692,542,0,0,0.8237,0.91185,116,25*6*1,96*1*3
598,19757.8,15181,0,0,0.853698,0.926849,353,25*6*16,96*12*7
599,20075.5,15181,1,0,0.840188,0.920094,353,25*6*16,96*12*7
600,13675.4,10845,0,0,0.985244,0.992622,347,25*6*12,96*12*5
601,1730.13,542,0,0,0.805546,0.902773,116,25*6*1,96*1*3
602,7966.08,6508,0,0,0.997266,0.998633,314,25*6*7,96*6*6
603,15825.7,10845,0,0,0.918917,0.959458,351,25*6*13,96*12*5
604,15897.7,10846,1,0,0.914755,0.957377,351,25*6*13,96*12*5
605,19911.7,15181,0,0,0.8471,0.92355,353,25*6*16,96*12*7
606,12652.9,10845,0,0,0.979056,0.989528,340,25*6*11,96*12*5
607,1601.94,542,0,0,0.870008,0.935004,116,25*6*1,96*1*3
608,94.5331,0,0,0,0,0,0,1*1*1,1*1*1
609,0,0,0,0,0,0,0,1*1*1,1*1*1
610,0,0,0,0,0,0,0,1*1*1,1*1*1
611,1455.12,543,1,0,0.95779,0.978895,116,25*6*1,96*1*3
612,284.364,60,1,0,0.992038,0.996019,9,25*1*1,32*1*1
613,0.402026,0,0,0,0,0,0,1*1*1,1*1*1
614,182.042,7,0,0,0.949781,0.97489,3,1*1*1,4*1*1
615,0,0,0,0,0,0,0,1*1*1,1*1*1
616,0,0,0,0,0,0,0,1*1*1,1*1*1
617,964.654,180,0,0,0.997041,0.998521,70,25*2*2,96*1*1
618,1602.58,542,0,0,0.86966,0.93483,116,25*6*1,96*1*3
619,1240.22,362,1,0,0.999581,0.99979,94,25*6*1,96*1*2
620,197.512,15,0,0,0.960448,0.980224,5,5*1*1,8*1*1
621,150.032,0,0,0,0,0,0,1*1*1,1*1*1
622,358.37,90,0,0,0.966878,0.983439,19,25*1*1,48*1*1
623,0,0,0,0,0,0,0,1*1*1,1*1*1
624,244.596,45,0,0,0.912934,0.956467,8,5*1*1,24*1*1
625,0,0,0,0,0,0,0,1*1*1,1*1*1
626,0,0,0,0,0,0,0,1*1*1,1*1*1
627,0,0,0,0,0,0,0,1*1*1,1*1*1
628,168.898,3,0,0,0.998828,0.999414,1,1*1*1,2*1*1
629,76.5802,1,1,0,0,0,0,1*1*1,1*1*1
630,0,0,0,0,0,0,0,1*1*1,1*1*1
631,148.98,1,1,0,0,0,0,1*1*1,1*1*1
632,108.68,1,1,0,0,0,0,1*1*1,1*1*1
633,19.0098,0,0,0,0,0,0,1*1*1,1*1*1
634,43.5193,1,1,0,0,0,0,1*1*1,1*1*1
635,0,0,0,0,0,0,0,1*1*1,1*1*1
636,73.7673,1,1,0,0,0,0,1*1*1,1*1*1
637,116.811,1,1,0,0,0,0,1*1*1,1*1*1
638,199.403,22,0,0,0.993465,0.996733,6,5*1*1,12*1*1
639,176.24,7,0,0,0.981049,0.990524,3,1*1*1,4*1*1
640,60.9284,1,1,0,0,0,0,1*1*1,1*1*1
641,169.895,4,1,0,0.992966,0.996483,1,1*1*1,2*1*1
642,29.8969,0,0,0,0,0,0,1*1*1,1*1*1
643,93.2587,1,1,0,0,0,0,1*1*1,1*1*1
644,118.256,1,1,0,0,0,0,1*1*1,1*1*1
645,1.29984,0,0,0,0,0,0,1*1*1,1*1*1
646,113.373,1,1,0,0,0,0,1*1*1,1*1*1
647,208.895,30,0,0,0.988535,0.994267,7,5*1*1,16*1*1
648,0,0,0,0,0,0,0,1*1*1,1*1*1
649,226.01,45,1,0,0.988009,0.994005,8,5*1*1,24*1*1
650,235.647,45,1,0,0.947604,0.973802,8,5*1*1,24*1*1
651,79.5698,0,0,0,0,0,0,1*1*1,1*1*1
652,249.776,45,1,0,0.894001,0.947001,8,5*1*1,24*1*1
653,60.4658,0,0,0,0,0,0,1*1*1,1*1*1
654,28.3402,0,0,0,0,0,0,1*1*1,1*1*1
655,173.473,7,0,0,0.996697,0.998348,3,1*1*1,4*1*1
656,158.42,1,1,0,0,0,0,1*1*1,1*1*1
657,0,0,0,0,0,0,0,1*1*1,1*1*1
658,330.18,90,0,0,0.998546,0.999273,18,25*1*1,48*1*1
659,1141.57,362,1,0,0.996435,0.998217,80,25*6*1,96*1*2
660,2981.89,1627,0,0,0.86529,0.932645,189,25*6*2,96*3*3
661,4985.45,3616,0,0,0.960956,0.980478,269,25*6*4,96*4*5
662,15888.1,10845,0,0,0.915308,0.957654,351,25*6*13,96*12*5
663,6252.5,4339,0,0,0.947477,0.973739,289,25*6*5,96*6*4
664,15789.3,10845,0,0,0.921035,0.960518,351,25*6*13,96*12*5
665,862.421,180,0,0,0.838454,0.919227,52,25*3*1,96*1*1
666,9816.08,8677,0,0,0.999717,0.999858,323,25*6*9,96*12*4
667,7903.1,5424,0,0,0.998836,0.999418,312,25*6*7,96*6*5
668,1482.76,542,0,0,0.939936,0.969968,116,25*6*1,96*1*3
669,15823.3,10845,0,0,0.919056,0.959528,351,25*6*13,96*12*5
670,2424.04,1627,0,0,0.999736,0.999868,172,25*6*2,96*3*3
671,20082.1,15181,0,0,0.839912,0.919956,353,25*6*16,96*12*7
672,12638.2,10845,0,0,0.980195,0.990097,340,25*6*11,96*12*5
673,3195.19,1627,0,0,0.97556,0.98778,197,25*2*7,96*3*3
674,3290.58,1627,0,0,0.998335,0.999167,202,25*6*3,96*3*3
675,3997.32,2170,1,0,0.921993,0.960996,237,25*6*3,96*3*4
676,2387.39,813,0,0,0.999837,0.999918,166,25*6*2,48*3*3
677,3368.22,1627,0,0,0.995689,0.997845,209,25*6*3,96*3*3
678,1200.01,361,0,0,0.998075,0.999038,87,25*6*1,96*1*2
679,1046.65,180,0,0,0.924282,0.962141,71,25*2*2,96*1*1
680,1486.37,542,0,0,0.937653,0.968827,116,25*6*1,96*1*3
681,2434.63,1627,0,0,0.997688,0.998844,173,25*6*2,96*3*3
682,3314.32,1627,0,0,0.99752,0.99876,203,25*6*3,96*3*3
683,3937.85,2170,1,0,0.935917,0.967958,237,25*6*3,96*3*4
684,12419.9,10845,0,0,0.997423,0.998712,340,25*6*11,96*12*5
685,1176.33,361,0,0,0.991984,0.995992,83,25*6*1,96*1*2
686,1919.2,542,0,0,0.996822,0.998411,137,25*3*3,96*1*3
687,2573.45,1627,0,0,0.998271,0.999135,187,25*6*2,96*3*3
688,6364.72,4339,0,0,0.930772,0.965386,289,25*6*5,96*6*4
689,2471.67,1627,0,0,0.997463,0.998732,177,25*6*2,96*3*3
690,1104.14,271,0,0,0.998515,0.999257,74,25*6*1,48*1*3
691,319.199,90,1,0,0.989038,0.994519,16,25*1*1,48*1*1
692,1037.42,180,0,0,0.932506,0.966253,71,25*2*2,96*1*1
693,547.898,180,0,0,0.928823,0.964411,33,25*2*1,96*1*1
694,1174.43,362,1,0,0.993588,0.996794,83,25*6*1,96*1*2
695,1262.27,362,1,0,0.995429,0.997714,95,25*6*1,96*1*2
696,674.577,181,1,0,0.995142,0.997571,47,25*3*1,96*1*1
697,330.972,90,1,0,0.996157,0.998078,18,25*1*1,48*1*1
698,2519.65,1627,0,0,0.997361,0.99868,180,25*6*2,96*3*3
699,2140.06,813,0,0,0.912264,0.956132,143,25*3*3,48*3*3
700,2026.26,814,1,0,0.963499,0.98175,143,25*3*3,48*3*3
701,2054.4,814,1,0,0.950302,0.975151,143,25*3*3,48*3*3
702,3324.25,1627,1,0,0.999173,0.999586,205,25*6*3,96*3*3
703,3167.55,1627,0,0,0.984073,0.992036,197,25*2*7,96*3*3
704,2616.71,1627,0,0,0.986047,0.993024,189,25*6*2,96*3*3
705,15833.2,10845,0,0,0.918481,0.959241,351,25*6*13,96*12*5
706,15879.1,10846,1,0,0.915826,0.957913,351,25*6*13,96*12*5
707,20154.4,15181,0,0,0.836899,0.91845,353,25*6*16,96*12*7
708,5018.05,3616,0,0,0.954713,0.977357,269,25*6*4,96*4*5
709,5044.12,3616,1,0,0.949779,0.97489,269,25*6*4,96*4*5
710,15842.3,10845,0,0,0.917954,0.958977,351,25*6*13,96*12*5
711,6576.75,4339,0,0,0.998153,0.999076,290,25*6*6,96*6*4
712,6255.81,4339,0,0,0.946976,0.973488,289,25*6*5,96*6*4
713,6270.46,4339,1,0,0.944763,0.972382,289,25*6*5,96*6*4
714,15771.3,10845,0,0,0.922086,0.961043,351,25*6*13,96*12*5
715,15812.3,10846,1,0,0.919695,0.959848,351,25*6*13,96*12*5
716,9994.66,8677,0,0,0.998663,0.999332,326,25*6*9,96*12*4
717,8208.64,6508,0,0,0.98417,0.992085,315,25*6*7,96*6*6
718,16078.5,10845,0,0,0.904469,0.952234,351,25*6*13,96*12*5
719,8083.73,6508,0,0,0.999378,0.999689,315,25*6*7,96*6*6
720,12506.1,10845,0,0,0.990549,0.995274,340,25*6*11,96*12*5
721,7985.94,6508,0,0,0.994786,0.997393,314,25*6*7,96*6*6
722,8014.42,6509,1,0,0.991251,0.995625,314,25*6*7,96*6*6
723,8008.94,6508,1,0,0.991929,0.995965,314,25*6*7,96*6*6
724,7876.69,5424,1,0,0.991521,0.99576,310,25*6*7,96*6*5
725,8053.17,6509,1,0,0.986481,0.993241,314,25*6*7,96*6*6
726,9974.44,8677,0,0,0.992266,0.996133,325,25*6*9,96*12*4
727,6312.95,4339,0,0,0.938404,0.969202,289,25*6*5,96*6*4
728,7777.71,5424,0,0,0.999819,0.999909,309,25*6*7,96*6*5
729,6161.58,4339,0,0,0.961458,0.980729,289,25*6*5,96*6*4
730,5136.83,3616,0,0,0.932637,0.966319,269,25*6*4,96*4*5
731,2113.76,813,0,0,0.923615,0.961807,143,25*3*3,48*3*3
732,1594.4,542,0,0,0.874122,0.937061,116,25*6*1,96*1*3
733,1864.1,542,0,0,0.979722,0.989861,125,25*3*3,96*1*3
734,2516.39,1627,0,0,0.998653,0.999326,180,25*6*2,96*3*3
735,4923.73,3616,0,0,0.973002,0.986501,269,25*6*4,96*4*5
736,5058.23,3616,1,0,0.94713,0.973565,269,25*6*4,96*4*5
737,20170.1,15181,0,0,0.836248,0.918124,353,25*6*16,96*12*7
738,3072.11,1627,0,0,0.998239,0.999119,193,25*2*7,96*3*3
739,6290.58,4339,0,0,0.941741,0.970871,289,25*6*5,96*6*4
740,19905.8,15181,0,0,0.847351,0.923676,353,25*6*16,96*12*7
741,12458.8,10845,0,0,0.994309,0.997155,340,25*6*11,96*12*5
742,12699,10846,1,0,0.975502,0.987751,340,25*6*11,96*12*5
743,6385.66,4339,0,0,0.927719,0.96386,289,25*6*5,96*6*4
744,12653.9,10845,0,0,0.978979,0.989489,340,25*6*11,96*12*5
745,12466.8,10846,1,0,0.993671,0.996836,340,25*6*11,96*12*5
746,7966.91,6508,0,0,0.997162,0.998581,314,25*6*7,96*6*6
747,1872.64,542,0,0,0.999178,0.999589,130,25*3*3,96*1*3
748,525.316,180,0,0,0.96875,0.984375,33,25*2*1,96*1*1
749,295.597,61,1,0,0.95434,0.97717,9,25*1*1,32*1*1
750,28.1773,0,0,0,0,0,0,1*1*1,1*1*1
751,94.7315,0,0,0,0,0,0,1*1*1,1*1*1
752,21.8409,0,0,0,0,0,0,1*1*1,1*1*1
753,154.618,0,0,0,0,0,0,1*1*1,1*1*1
754,390.051,90,1,0,0.888345,0.944173,19,25*1*1,48*1*1
755,467.502,90,1,0,0.998712,0.999356,24,25*2*1,48*1*1
756,195.26,15,0,0,0.971525,0.985763,5,5*1*1,8*1*1
757,359.103,90,0,0,0.964904,0.982452,19,25*1*1,48*1*1
758,707.896,181,1,0,0.975991,0.987995,49,25*3*1,96*1*1
759,1676.77,542,1,0,0.831181,0.915591,116,25*6*1,96*1*3
760,1966.02,813,0,0,0.993021,0.996511,143,25*3*3,48*3*3
761,3914.92,2170,1,0,0.941399,0.970699,237,25*6*3,96*3*4
762,5062.74,3616,0,0,0.946286,0.973143,269,25*6*4,96*4*5
763,6270.93,4339,0,0,0.944692,0.972346,289,25*6*5,96*6*4
764,4052.3,2169,0,0,0.909484,0.954742,237,25*6*3,96*3*4
765,1476.35,542,0,0,0.944017,0.972009,116,25*6*1,96*1*3
766,2111.54,813,0,0,0.924586,0.962293,143,25*3*3,48*3*3
767,888.873,180,0,0,0.987543,0.993771,55,25*2*2,96*1*1
768,1650.01,542,0,0,0.844662,0.922331,116,25*6*1,96*1*3
769,106.119,0,0,0,0,0,0,1*1*1,1*1*1
770,0,0,0,0,0,0,0,1*1*1,1*1*1
771,1030.25,180,0,0,0.938995,0.969498,71,25*2*2,96*1*1
772,0,0,0,0,0,0,0,1*1*1,1*1*1
773,0,0,0,0,0,0,0,1*1*1,1*1*1
774,164.472,0,0,0,0,0,0,1*1*1,1*1*1
775,0,0,0,0,0,0,0,1*1*1,1*1*1
776,0,0,0,0,0,0,0,1*1*1,1*1*1
777,0,0,0,0,0,0,0,1*1*1,1*1*1
778,460.927,90,0,0,0.999291,0.999645,21,25*2*1,48*1*1
779,145.717,0,0,0,0,0,0,1*1*1,1*1*1
780,194.733,15,0,0,0.974154,0.987077,5,5*1*1,8*1*1
781,33.4861,0,0,0,0,0,0,1*1*1,1*1*1
782,149.261,0,0,0,0,0,0,1*1*1,1*1*1
783,940.684,180,0,0,0.994914,0.997457,65,25*2*2,96*1*1
784,3200.52,1627,0,0,0.973935,0.986968,197,25*2*7,96*3*3
785,5010.15,3616,0,0,0.956219,0.978109,269,25*6*4,96*4*5
786,5012.04,3616,1,0,0.955858,0.977929,269,25*6*4,96*4*5
787,1217.72,361,0,0,0.997356,0.998678,90,25*6*1,96*1*2
788,15851.6,10845,0,0,0.917415,0.958708,351,25*6*13,96*12*5
789,1847.6,542,0,0,0.988472,0.994236,125,25*3*3,96*1*3
790,19945.3,15181,0,0,0.845673,0.922836,353,25*6*16,96*12*7
791,2714.48,1627,0,0,0.950532,0.975266,189,25*6*2,96*3*3
792,2582.84,1627,1,0,0.998978,0.999489,189,25*6*2,96*3*3
793,3084.11,1627,0,0,0.999802,0.999901,195,25*2*7,96*3*3
794,4002.9,2169,0,0,0.920707,0.960354,237,25*6*3,96*3*4
795,3112.42,1627,0,0,0.999704,0.999852,196,25*2*7,96*3*3
796,3123.8,1627,1,0,0.997855,0.998928,197,25*2*7,96*3*3
797,1993.76,813,0,0,0.979205,0.989603,143,25*3*3,48*3*3
798,4014.26,2170,1,0,0.918102,0.959051,237,25*6*3,96*3*4
799,4024.65,2170,1,0,0.915732,0.957866,237,25*6*3,96*3*4
800,3110.1,1627,0,0,0.991447,0.995724,195,25*2*7,96*3*3
801,2618.46,1627,0,0,0.985388,0.992694,189,25*6*2,96*3*3
802,5142.58,3616,0,0,0.931595,0.965797,269,25*6*4,96*4*5
803,3915.31,2169,0,0,0.941305,0.970652,237,25*6*3,96*3*4
804,3970.77,2170,1,0,0.928158,0.964079,237,25*6*3,96*3*4
805,2482.38,1627,0,0,0.9988,0.9994,178,25*6*2,96*3*3
806,2044.11,813,0,0,0.955086,0.977543,143,25*3*3,48*3*3
807,3070.79,1627,0,0,0.998668,0.999334,193,25*2*7,96*3*3
808,3971.41,2169,0,0,0.928008,0.964004,237,25*6*3,96*3*4
809,3780.26,2170,1,0,0.974933,0.987466,237,25*6*3,96*3*4
810,2515.98,1627,0,0,0.998816,0.999408,180,25*6*2,96*3*3
811,4080.67,2169,0,0,0.903161,0.95158,237,25*6*3,96*3*4
812,6231.37,4339,0,0,0.95069,0.975345,289,25*6*5,96*6*4
813,5040.03,3616,0,0,0.95055,0.975275,269,25*6*4,96*4*5
814,5167.74,3616,1,0,0.927059,0.96353,269,25*6*4,96*4*5
815,2545.65,1627,0,0,0.995974,0.997987,181,25*6*2,96*3*3
816,1457.1,542,0,0,0.956489,0.978244,116,25*6*1,96*1*3
817,248.02,45,0,0,0.900331,0.950165,8,5*1*1,24*1*1
818,1908.92,542,0,0,0.995589,0.997795,136,25*3*3,96*1*3
819,175.88,7,0,0,0.983057,0.991528,3,1*1*1,4*1*1
820,122.757,1,1,0,0,0,0,1*1*1,1*1*1
821,94.124,1,1,0,0,0,0,1*1*1,1*1*1
822,214.304,30,0,0,0.963584,0.981792,7,5*1*1,16*1*1
823,818.962,180,0,0,0.882947,0.941473,52,25*3*1,96*1*1
824,1401.85,543,1,0,0.994186,0.997093,116,25*6*1,96*1*3
825,654.483,181,1,0,0.987191,0.993596,44,25*3*1,96*1*1
826,2105.7,813,0,0,0.92715,0.963575,143,25*3*3,48*3*3
827,1215.54,361,0,0,0.999144,0.999572,90,25*6*1,96*1*2
828,942.425,180,0,0,0.999761,0.999881,66,25*2*2,96*1*1
829,331.023,90,0,0,0.996003,0.998002,18,25*1*1,48*1*1
830,439.089,90,1,0,0.789134,0.894567,19,25*1*1,48*1*1
831,766.623,181,1,0,0.943228,0.971614,52,25*3*1,96*1*1
832,15.4767,0,0,0,0,0,0,1*1*1,1*1*1
833,556.273,181,1,0,0.914839,0.957419,33,25*2*1,96*1*1
834,67.0633,0,0,0,0,0,0,1*1*1,1*1*1
835,390.07,90,1,0,0.888302,0.944151,19,25*1*1,48*1*1
836,77.9217,0,0,0,0,0,0,1*1*1,1*1*1
837,0,0,0,0,0,0,0,1*1*1,1*1*1
838,97.4795,0,0,0,0,0,0,1*1*1,1*1*1
839,32.8934,0,0,0,0,0,0,1*1*1,1*1*1
840,0,0,0,0,0,0,0,1*1*1,1*1*1
841,0,0,0,0,0,0,0,1*1*1,1*1*1
842,89.3188,0,0,0,0,0,0,1*1*1,1*1*1
843,67.7659,0,0,0,0,0,0,1*1*1,1*1*1
844,968.147,180,0,0,0.999228,0.999614,71,25*2*2,96*1*1
845,425.6,90,0,0,0.814145,0.907072,19,25*1*1,48*1*1
846,2.36164,0,0,0,0,0,0,1*1*1,1*1*1
847,906.169,180,0,0,0.991868,0.995934,57,25*2*2,96*1*1
848,2502.52,1628,1,0,0.996356,0.998178,179,25*6*2,96*3*3
849,1692.48,542,0,0,0.823466,0.911733,116,25*6*1,96*1*3
850,3114.04,1627,0,0,0.999184,0.999592,196,25*2*7,96*3*3
851,15827.6,10845,0,0,0.918806,0.959403,351,25*6*13,96*12*5
852,20025.5,15181,0,0,0.842286,0.921143,353,25*6*16,96*12*7
853,15686.9,10845,0,0,0.927047,0.963524,351,25*6*13,96*12*5
854,15776.6,10846,1,0,0.921777,0.960888,351,25*6*13,96*12*5
855,19814.1,15181,0,0,0.851273,0.925636,353,25*6*16,96*12*7
856,12412.2,10845,0,0,0.998042,0.999021,340,25*6*11,96*12*5
857,15864.7,10845,0,0,0.916658,0.958329,351,25*6*13,96*12*5
858,25208.8,15181,0,0,0.6691,0.83455,353,25*6*16,96*12*7
859,20132.6,15181,1,0,0.837805,0.918903,353,25*6*16,96*12*7
860,15862.7,10845,0,0,0.916773,0.958387,351,25*6*13,96*12*5
861,15804.5,10846,1,0,0.920149,0.960075,351,25*6*13,96*12*5
862,15841,10846,1,0,0.918029,0.959015,351,25*6*13,96*12*5
863,19976.8,15181,0,0,0.844339,0.92217,353,25*6*16,96*12*7
864,9825.35,8677,0,0,0.998774,0.999387,323,25*6*9,96*12*4
865,19889.8,15181,0,0,0.848033,0.924016,353,25*6*16,96*12*7
866,25063.8,15181,1,0,0.672971,0.836485,353,25*6*16,96*12*7
867,15713.4,10845,0,0,0.925484,0.962742,351,25*6*13,96*12*5
868,12747.8,10845,0,0,0.971768,0.985884,340,25*6*11,96*12*5
869,15760.8,10845,0,0,0.922701,0.96135,351,25*6*13,96*12*5
870,24917.5,15181,0,0,0.676922,0.838461,353,25*6*16,96*12*7
871,20204.4,15181,1,0,0.834828,0.917414,353,25*6*16,96*12*7
872,25118.5,15181,1,0,0.671505,0.835753,353,25*6*16,96*12*7
873,12521.5,10845,0,0,0.98933,0.994665,340,25*6*11,96*12*5
874,12504.5,10846,1,0,0.990675,0.995338,340,25*6*11,96*12*5
875,12603.5,10846,1,0,0.982894,0.991447,340,25*6*11,96*12*5
876,15813.8,10845,0,0,0.919608,0.959804,351,25*6*13,96*12*5
877,12686.7,10845,0,0,0.976448,0.988224,340,25*6*11,96*12*5
878,12541.5,10846,1,0,0.987753,0.993876,340,25*6*11,96*12*5
879,15851,10845,0,0,0.91745,0.958725,351,25*6*13,96*12*5
880,12591.9,10845,0,0,0.983799,0.9919,340,25*6*11,96*12*5
881,10071.4,8677,0,0,0.999394,0.999697,327,25*6*9,96*12*4
882,12672.7,10845,0,0,0.977526,0.988763,340,25*6*11,96*12*5
883,16055.1,10845,0,0,0.905787,0.952893,351,25*6*13,96*12*5
884,15675.6,10846,1,0,0.927716,0.963858,351,25*6*13,96*12*5
885,4975.34,3616,0,0,0.962909,0.981455,269,25*6*4,96*4*5
886,16012.6,10845,0,0,0.908191,0.954096,351,25*6*13,96*12*5
887,3930.27,2169,0,0,0.937722,0.968861,237,25*6*3,96*3*4
888,0,0,0,0,0,0,0,1*1*1,1*1*1
889,39.6493,0,0,0,0,0,0,1*1*1,1*1*1
890,323.676,90,0,0,0.992659,0.99633,17,25*1*1,48*1*1
891,286.116,60,1,0,0.985964,0.992982,9,25*1*1,32*1*1
892,137.294,0,0,0,0,0,0,1*1*1,1*1*1
893,374.106,91,1,0,0.926208,0.963104,19,25*1*1,48*1*1
894,1946.18,813,0,0,0.99739,0.998695,142,25*3*3,48*3*3
895,786.344,180,0,0,0.919572,0.959786,52,25*3*1,96*1*1
896,9996.24,8677,0,0,0.998505,0.999253,326,25*6*9,96*12*4
897,1604.53,542,0,0,0.868603,0.934302,116,25*6*1,96*1*3
898,19903,15181,0,0,0.84747,0.923735,353,25*6*16,96*12*7
899,19903.1,15181,1,0,0.847466,0.923733,353,25*6*16,96*12*7
900,12648.7,10845,0,0,0.979381,0.989691,340,25*6*11,96*12*5
901,2009.44,813,0,0,0.971564,0.985782,143,25*3*3,48*3*3
902,8550.78,6508,0,0,0.944791,0.972396,315,25*6*7,96*6*6
903,15960.2,10845,0,0,0.911173,0.955586,351,25*6*13,96*12*5
904,16035.6,10846,1,0,0.906888,0.953444,351,25*6*13,96*12*5
905,20384.8,15181,0,0,0.82744,0.91372,353,25*6*16,96*12*7
906,12818.2,10845,0,0,0.966431,0.983215,340,25*6*11,96*12*5
907,1988.5,813,0,0,0.981795,0.990898,143,25*3*3,48*3*3
908,0,0,0,0,0,0,0,1*1*1,1*1*1
909,220.302,30,0,0,0.93735,0.968675,7,5*1*1,16*1*1
910,258.668,45,1,0,0.863269,0.931634,8,5*1*1,24*1*1
911,1919.11,542,0,0,0.996868,0.998434,137,25*3*3,96*1*3
912,0,0,0,0,0,0,0,1*1*1,1*1*1
913,410.292,90,0,0,0.84452,0.92226,19,25*1*1,48*1*1
914,268.432,45,0,0,0.831868,0.915934,8,5*1*1,24*1*1
915,250.284,45,1,0,0.892186,0.946093,8,5*1*1,24*1*1
916,211.863,30,1,0,0.974686,0.987343,7,5*1*1,16*1*1
917,1252.69,361,0,0,0.98963,0.994815,94,25*6*1,96*1*2
918,1394.47,543,1,0,0.999448,0.999724,116,25*6*1,96*1*3
919,1340.18,361,1,0,0.991882,0.995941,107,25*6*1,96*1*2
920,420.786,91,1,0,0.823459,0.911729,19,25*1*1,48*1*1
921,37.7889,0,0,0,0,0,0,1*1*1,1*1*1
922,838.96,181,1,0,0.8619,0.93095,52,25*3*1,96*1*1
923,0,0,0,0,0,0,0,1*1*1,1*1*1
924,619.971,180,1,0,0.992466,0.996233,36,25*3*1,96*1*1
925,133.837,0,0,0,0,0,0,1*1*1,1*1*1
926,159.273,0,0,0,0,0,0,1*1*1,1*1*1
927,133.972,0,0,0,0,0,0,1*1*1,1*1*1
928,0,0,0,0,0,0,0,1*1*1,1*1*1
929,0,0,0,0,0,0,0,1*1*1,1*1*1
930,0,0,0,0,0,0,0,1*1*1,1*1*1
931,179.938,7,0,0,0.960887,0.980443,3,1*1*1,4*1*1
932,0,0,0,0,0,0,0,1*1*1,1*1*1
933,287.714,60,0,0,0.980488,0.990244,9,25*1*1,32*1*1
934,0,0,0,0,0,0,0,1*1*1,1*1*1
935,112.788,0,0,0,0,0,0,1*1*1,1*1*1
936,511.939,181,1,0,0.994064,0.997032,33,25*2*1,96*1*1
937,516.596,180,1,0,0.985102,0.992551,33,25*2*1,96*1*1
938,0,0,0,0,0,0,0,1*1*1,1*1*1
939,525.734,181,1,0,0.96798,0.98399,33,25*2*1,96*1*1
940,444.004,91,1,0,0.780398,0.890199,19,25*1*1,48*1*1
941,256.307,45,0,0,0.871221,0.93561,8,5*1*1,24*1*1
942,199.133,22,1,0,0.994813,0.997406,6,5*1*1,12*1*1
943,399.806,90,0,0,0.86667,0.933335,19,25*1*1,48*1*1
944,202.294,22,0,0,0.979268,0.989634,6,5*1*1,12*1*1
945,160.39,0,0,0,0,0,0,1*1*1,1*1*1
946,0,0,0,0,0,0,0,1*1*1,1*1*1
947,39.7743,0,0,0,0,0,0,1*1*1,1*1*1
948,383.87,90,0,0,0.902649,0.951325,19,25*1*1,48*1*1
949,334.73,90,1,0,0.984973,0.992486,18,25*1*1,48*1*1
950,184.398,7,0,0,0.937646,0.968823,3,1*1*1,4*1*1
951,477.221,90,0,0,0.995975,0.997987,26,25*2*1,48*1*1
952,380.29,90,1,0,0.911147,0.955573,19,25*1*1,48*1*1
953,114.606,0,0,0,0,0,0,1*1*1,1*1*1
954,455.777,91,1,0,0.975258,0.987629,20,25*2*1,48*1*1
955,0,0,0,0,0,0,0,1*1*1,1*1*1
956,194.659,15,0,0,0.974525,0.987262,5,5*1*1,8*1*1
957,642.644,180,0,0,0.996664,0.998332,43,25*3*1,96*1*1
958,569.736,181,1,0,0.893221,0.94661,33,25*2*1,96*1*1
959,933.013,180,0,0,0.996342,0.998171,63,25*2*2,96*1*1
960,3270.48,1627,0,0,0.998049,0.999025,199,25*6*3,96*3*3
961,5267.75,3616,0,0,0.909458,0.954729,269,25*6*4,96*4*5
962,16064.1,10845,0,0,0.905279,0.95264,351,25*6*13,96*12*5
963,6099.28,4339,0,0,0.971279,0.985639,289,25*6*5,96*6*4
964,15922,10845,0,0,0.913359,0.956679,351,25*6*13,96*12*5
965,635.949,180,0,0,0.996149,0.998075,41,25*3*1,96*1*1
966,10255.7,8677,0,0,0.997816,0.998908,328,25*6*9,96*12*4
967,8178.02,6508,0,0,0.987855,0.993928,315,25*6*7,96*6*6
968,1405.63,542,0,0,0.991513,0.995756,116,25*6*1,96*1*3
969,16225,10845,0,0,0.896302,0.948151,351,25*6*13,96*12*5
970,2462.33,1627,0,0,0.997835,0.998918,176,25*6*2,96*3*3
971,20207.4,15181,0,0,0.834704,0.917352,353,25*6*16,96*12*7
972,12753.8,10845,0,0,0.971311,0.985655,340,25*6*11,96*12*5
973,3348.91,1627,0,0,0.997668,0.998834,208,25*6*3,96*3*3
974,3195.33,1627,0,0,0.975517,0.987759,197,25*2*7,96*3*3
975,4101.85,2169,0,0,0.898497,0.949249,237,25*6*3,96*3*4
976,2781.98,1627,0,0,0.927469,0.963734,189,25*6*2,96*3*3
977,3406.06,2169,0,0,0.998191,0.999096,213,25*6*3,96*3*4
978,1731.23,542,0,0,0.805035,0.902517,116,25*6*1,96*1*3
979,1395.09,543,1,0,0.999004,0.999502,116,25*6*1,96*1*3
980,1915.88,542,0,0,0.998549,0.999274,137,25*3*3,96*1*3
981,2506.04,1627,0,0,0.994956,0.997478,179,25*6*2,96*3*3
982,3609.8,2169,0,0,0.998864,0.999432,231,25*6*3,96*3*4
983,4171.75,2169,0,0,0.996201,0.9981,238,25*3*7,96*3*4
984,12876.6,10845,0,0,0.962047,0.981024,340,25*6*11,96*12*5
985,1224.9,361,0,0,0.998367,0.999184,91,25*6*1,96*1*2
986,2154.42,813,0,0,0.997809,0.998905,144,25*2*5,48*3*3
987,2801.71,1627,0,0,0.920938,0.960469,189,25*6*2,96*3*3
988,6306.45,4339,0,0,0.939372,0.969686,289,25*6*5,96*6*4
989,2393.03,813,0,0,0.99982,0.99991,167,25*6*2,48*3*3
990,926.941,181,1,0,0.998338,0.999169,62,25*2*2,96*1*1
991,786.117,180,0,0,0.919838,0.959919,52,25*3*1,96*1*1
992,620.397,181,1,0,0.991784,0.995892,36,25*3*1,96*1*1
993,479.538,91,1,0,0.997001,0.998501,28,25*2*1,48*1*1
994,772.404,180,1,0,0.936168,0.968084,52,25*3*1,96*1*1
995,1354.52,362,1,0,0.993784,0.996892,109,25*6*1,96*1*2
996,785.664,181,1,0,0.920368,0.960184,52,25*3*1,96*1*1
997,775.993,181,1,0,0.931838,0.965919,52,25*3*1,96*1*1
998,2702.1,1627,0,0,0.954887,0.977443,189,25*6*2,96*3*3
999,1786.88,542,0,0,0.998556,0.999278,120,25*3*3,96*1*3
1000,2377.59,813,0,0,0.99277,0.996385,164,25*6*2,48*3*3
1001,2133.84,813,0,0,0.914923,0.957462,143,25*3*3,48*3*3
1002,3306.5,1628,1,0,0.999879,0.99994,203,25*6*3,96*3*3
1003,3370.86,1627,1,0,0.999478,0.999739,211,25*6*3,96*3*3
1004,2744.73,1627,0,0,0.940056,0.970028,189,25*6*2,96*3*3
1005,15955.2,10845,0,0,0.911458,0.955729,351,25*6*13,96*12*5
1006,15959.7,10846,1,0,0.911201,0.955601,351,25*6*13,96*12*5
1007,20655,15181,0,0,0.816616,0.908308,353,25*6*16,96*12*7
1008,5425.21,3616,0,0,0.986671,0.993336,271,25*3*9,96*4*5
1009,5342.3,3616,1,0,0.998839,0.99942,270,25*3*9,96*4*5
1010,15888.2,10845,0,0,0.915302,0.957651,351,25*6*13,96*12*5
1011,6130.27,4339,0,0,0.966369,0.983184,289,25*6*5,96*6*4
1012,6214.67,4339,1,0,0.953245,0.976622,289,25*6*5,96*6*4
1013,6138.53,4340,1,0,0.965068,0.982534,289,25*6*5,96*6*4
1014,15960.9,10845,0,0,0.911133,0.955566,351,25*6*13,96*12*5
1015,16004.3,10846,1,0,0.908662,0.954331,351,25*6*13,96*12*5
1016,9976.83,8677,0,0,0.992029,0.996014,325,25*6*9,96*12*4
1017,7753.92,5424,0,0,0.998553,0.999276,308,25*6*7,96*6*5
1018,16528.8,15181,0,0,0.987821,0.993911,352,25*6*15,96*12*7
1019,7954,6508,0,0,0.99878,0.99939,314,25*6*7,96*6*6
1020,13009.8,10845,0,0,0.952198,0.976099,340,25*6*11,96*12*5
1021,7965.84,6508,0,0,0.997296,0.998648,314,25*6*7,96*6*6
1022,8230.74,6509,1,0,0.981528,0.990764,315,25*6*7,96*6*6
1023,8016.68,6508,1,0,0.990971,0.995486,314,25*6*7,96*6*6
1024,7595.88,5424,0,0,0.921737,0.960868,301,25*6*6,96*6*5
1025,7886.1,5424,0,0,0.998859,0.999429,311,25*6*7,96*6*5
1026,10368.9,8677,0,0,0.986922,0.993461,328,25*6*9,96*12*4
1027,6671.46,4339,0,0,0.998777,0.999388,291,25*6*6,96*6*4
1028,8184.97,6508,0,0,0.987016,0.993508,315,25*6*7,96*6*6
1029,6364.07,4339,0,0,0.930867,0.965433,289,25*6*5,96*6*4
1030,5420.74,3616,0,0,0.987485,0.993743,271,25*3*9,96*4*5
1031,2013.1,813,0,0,0.969798,0.984899,143,25*3*3,48*3*3
1032,1615.65,542,0,0,0.862625,0.931312,116,25*6*1,96*1*3
1033,2156.01,813,0,0,0.997073,0.998537,144,25*2*5,48*3*3
1034,2706.48,1627,0,0,0.953342,0.976671,189,25*6*2,96*3*3
1035,5334.62,3616,0,0,0.898058,0.949029,269,25*6*4,96*4*5
1036,5601.31,4339,0,0,0.976647,0.988323,274,25*6*5,96*6*4
1037,19868.8,15181,0,0,0.848929,0.924464,353,25*6*16,96*12*7
1038,3333.67,1627,0,0,0.998029,0.999015,206,25*6*3,96*3*3
1039,6387.88,4339,0,0,0.927397,0.963698,289,25*6*5,96*6*4
1040,19760.4,15181,0,0,0.853586,0.926793,353,25*6*16,96*12*7
1041,12568.3,10845,0,0,0.985646,0.992823,340,25*6*11,96*12*5
1042,13024.6,10846,1,0,0.951116,0.975558,340,25*6*11,96*12*5
1043,6430.29,4339,0,0,0.92128,0.96064,289,25*6*5,96*6*4
1044,12683.8,10845,0,0,0.976671,0.988336,340,25*6*11,96*12*5
1045,12626.6,10846,1,0,0.981095,0.990548,340,25*6*11,96*12*5
1046,8119.78,6508,0,0,0.994941,0.99747,315,25*6*7,96*6*6
1047,2205.53,813,0,0,0.99976,0.99988,147,25*6*2,48*3*3
1048,724.299,180,0,0,0.998345,0.999172,52,25*3*1,96*1*1
1049,0,0,0,0,0,0,0,1*1*1,1*1*1
1050,25.1509,0,0,0,0,0,0,1*1*1,1*1*1
1051,0,0,0,0,0,0,0,1*1*1,1*1*1
1052,246.955,45,0,0,0.904213,0.952107,8,5*1*1,24*1*1
1053,426.72,90,0,0,0.812008,0.906004,19,25*1*1,48*1*1
1054,863.721,181,1,0,0.837192,0.918596,52,25*3*1,96*1*1
1055,899.918,180,0,0,0.998758,0.999379,57,25*2*2,96*1*1
1056,247.535,45,0,0,0.902095,0.951047,8,5*1*1,24*1*1
1057,278.249,45,1,0,0.802519,0.901259,8,5*1*1,24*1*1
1058,1194.92,361,0,0,0.998812,0.999406,85,25*6*1,96*1*2
1059,1681.84,543,1,0,0.828676,0.914338,116,25*6*1,96*1*3
1060,2331.17,813,0,0,0.999026,0.999513,159,25*6*2,48*3*3
1061,3737.62,2169,0,0,0.986055,0.993028,237,25*6*3,96*3*4
1062,5099.09,3616,0,0,0.93954,0.96977,269,25*6*4,96*4*5
1063,6418.42,4339,0,0,0.922984,0.961492,289,25*6*5,96*6*4
1064,4401.39,2893,0,0,0.996231,0.998115,246,25*6*4,96*4*4
1065,1635.25,542,0,0,0.852286,0.926143,116,25*6*1,96*1*3
1066,2003.8,813,0,0,0.974299,0.987149,143,25*3*3,48*3*3
1067,750.34,180,0,0,0.963696,0.981848,52,25*3*1,96*1*1
1068,1773.28,542,0,0,0.982135,0.991067,118,25*2*4,96*1*3
1069,156.401,0,0,0,0,0,0,1*1*1,1*1*1
1070,156.04,0,0,0,0,0,0,1*1*1,1*1*1
1071,1197.18,361,0,0,0.999265,0.999632,86,25*6*1,96*1*2
1072,326.605,91,1,0,0.983757,0.991879,17,25*1*1,48*1*1
1073,0,0,0,0,0,0,0,1*1*1,1*1*1
1074,364.721,90,1,0,0.950041,0.975021,19,25*1*1,48*1*1
1075,0,0,0,0,0,0,0,1*1*1,1*1*1
1076,67.8955,0,0,0,0,0,0,1*1*1,1*1*1
1077,788.052,181,1,0,0.917579,0.95879,52,25*3*1,96*1*1
1078,550.291,181,1,0,0.924783,0.962392,33,25*2*1,96*1*1
1079,308.581,60,1,0,0.986775,0.993387,13,25*1*1,32*1*1
1080,820.76,181,1,0,0.881013,0.940506,52,25*3*1,96*1*1
1081,398.31,90,1,0,0.869925,0.934963,19,25*1*1,48*1*1
1082,428.809,91,1,0,0.808052,0.904026,19,25*1*1,48*1*1
1083,651.546,181,1,0,0.991641,0.995821,44,25*3*1,96*1*1
1084,3172.24,1627,0,0,0.982618,0.991309,197,25*2*7,96*3*3
1085,4962.98,3616,0,0,0.965307,0.982654,269,25*6*4,96*4*5
1086,5568.25,4339,0,0,0.982445,0.991223,274,25*6*5,96*6*4
1087,1590.81,542,0,0,0.876095,0.938047,116,25*6*1,96*1*3
1088,16159.7,10845,0,0,0.899924,0.949962,351,25*6*13,96*12*5
1089,1950.3,813,0,0,0.995283,0.997641,142,25*3*3,48*3*3
1090,19838.6,15181,0,0,0.850221,0.925111,353,25*6*16,96*12*7
1091,2630.83,1627,0,0,0.980755,0.990378,189,25*6*2,96*3*3
1092,2528.28,1627,1,0,0.993956,0.996978,180,25*6*2,96*3*3
1093,3054.01,1627,0,0,0.995904,0.997952,191,25*2*7,96*3*3
1094,4199.5,2893,1,0,0.994952,0.997476,240,25*3*7,96*4*4
1095,3302.78,1627,0,0,0.994647,0.997323,202,25*6*3,96*3*3
1096,3281.65,1627,1,0,0.997852,0.998926,200,25*6*3,96*3*3
1097,2165.35,813,0,0,0.992773,0.996386,144,25*2*5,48*3*3
1098,3821.95,2169,0,0,0.964298,0.982149,237,25*6*3,96*3*4
1099,4569.44,2893,0,0,0.995746,0.997873,254,25*6*4,96*4*4
1100,3668.78,2169,0,0,0.999978,0.999989,235,25*6*3,96*3*4
1101,2887.04,1627,0,0,0.893718,0.946859,189,25*6*2,96*3*3
1102,4901.31,3616,0,0,0.977453,0.988726,269,25*6*4,96*4*5
1103,4510.21,2893,1,0,0.995785,0.997893,251,25*6*4,96*4*4
1104,4370.18,2893,1,0,0.993735,0.996867,244,25*6*4,96*4*4
1105,2902.86,1627,0,0,0.888848,0.944424,189,25*6*2,96*3*3
1106,1819.17,542,0,0,0.994684,0.997342,123,25*3*3,96*1*3
1107,3435.4,2170,1,0,0.993334,0.996667,215,25*6*3,96*3*4
1108,3967.11,2170,1,0,0.929014,0.964507,237,25*6*3,96*3*4
1109,3914.97,2170,1,0,0.941387,0.970693,237,25*6*3,96*3*4
1110,2827.38,1627,0,0,0.912576,0.956288,189,25*6*2,96*3*3
1111,3907.26,2169,0,0,0.943244,0.971622,237,25*6*3,96*3*4
1112,6775.53,5424,0,0,0.998623,0.999311,297,25*6*6,96*6*5
1113,5443.63,3616,0,0,0.999792,0.999896,272,25*6*5,96*4*5
1114,5467.13,4339,1,0,0.997544,0.998772,273,25*6*5,96*6*4
1115,2498.17,1627,0,0,0.998091,0.999045,179,25*6*2,96*3*3
1116,1894.11,542,0,0,0.996721,0.998361,134,25*3*3,96*1*3
1117,290.829,60,0,0,0.969986,0.984993,9,25*1*1,32*1*1
1118,1952.92,813,0,0,0.999683,0.999841,143,25*3*3,48*3*3
1119,96.1519,0,0,0,0,0,0,1*1*1,1*1*1
1120,368.004,90,0,0,0.941566,0.970783,19,25*1*1,48*1*1
1121,440.451,90,1,0,0.786694,0.893347,19,25*1*1,48*1*1
1122,296.632,61,1,0,0.95101,0.975505,9,25*1*1,32*1*1
1123,970.644,180,0,0,0.996658,0.998329,71,25*2*2,96*1*1
1124,1209.3,361,0,0,0.997354,0.998677,89,25*6*1,96*1*2
1125,564.389,181,1,0,0.901683,0.950842,33,25*2*1,96*1*1
1126,2357.33,813,0,0,0.999521,0.99976,163,25*6*2,48*3*3
1127,1510.92,542,0,0,0.922418,0.961209,116,25*6*1,96*1*3
1128,1329.15,362,1,0,0.9959,0.99795,106,25*6*1,96*1*2
1129,203.793,22,0,0,0.972065,0.986032,6,5*1*1,12*1*1
1130,385.012,90,0,0,0.899972,0.949986,19,25*1*1,48*1*1
1131,957.99,180,0,0,0.998132,0.999066,69,25*2*2,96*1*1
1132,0,0,0,0,0,0,0,1*1*1,1*1*1
1133,638.217,180,0,0,0.99919,0.999595,42,25*3*1,96*1*1
1134,0,0,0,0,0,0,0,1*1*1,1*1*1
1135,656.224,181,1,0,0.997373,0.998686,45,25*3*1,96*1*1
1136,222.293,30,0,0,0.928954,0.964477,7,5*1*1,16*1*1
1137,315.798,90,0,0,0.99969,0.999845,16,25*1*1,48*1*1
1138,7.51072,0,0,0,0,0,0,1*1*1,1*1*1
1139,168.618,0,0,0,0,0,0,1*1*1,1*1*1
1140,71.0135,0,0,0,0,0,0,1*1*1,1*1*1
1141,178.865,7,0,0,0.966651,0.983325,3,1*1*1,4*1*1
1142,360.485,90,0,0,0.961205,0.980603,19,25*1*1,48*1*1
1143,34.11,0,0,0,0,0,0,1*1*1,1*1*1
1144,1061.97,180,0,0,0.910949,0.955474,71,25*2*2,96*1*1
1145,629.909,180,0,0,0.999033,0.999517,40,25*3*1,96*1*1
1146,264.813,45,0,0,0.843237,0.921618,8,5*1*1,24*1*1
1147,1557.56,542,0,0,0.894797,0.947398,116,25*6*1,96*1*3
1148,2404.24,813,0,0,0.999817,0.999908,169,25*6*2,48*3*3
1149,2062.99,813,0,0,0.946345,0.973172,143,25*3*3,48*3*3
1150,3109.99,1627,0,0,0.991482,0.995741,195,25*2*7,96*3*3
1151,15910.2,10845,0,0,0.914036,0.957018,351,25*6*13,96*12*5
1152,20172.3,15181,0,0,0.836157,0.918078,353,25*6*16,96*12*7
1153,15983.5,10845,0,0,0.909845,0.954922,351,25*6*13,96*12*5
1154,15664.6,10846,1,0,0.928367,0.964184,351,25*6*13,96*12*5
1155,20214.3,15181,0,0,0.834419,0.91721,353,25*6*16,96*12*7
1156,12884.5,10845,0,0,0.961458,0.980729,340,25*6*11,96*12*5
1157,16423.4,15181,0,0,0.994161,0.99708,352,25*6*15,96*12*7
1158,24982.2,15181,0,0,0.675169,0.837584,353,25*6*16,96*12*7
1159,19674.5,15181,1,0,0.857313,0.928656,353,25*6*16,96*12*7
1160,16063,10845,0,0,0.905341,0.952671,351,25*6*13,96*12*5
1161,16146.7,10846,1,0,0.900648,0.950324,351,25*6*13,96*12*5
1162,16246.1,10846,1,0,0.895138,0.947569,351,25*6*13,96*12*5
1163,19988.8,15181,0,0,0.843833,0.921916,353,25*6*16,96*12*7
1164,10249.2,8677,0,0,0.998449,0.999224,328,25*6*9,96*12*4
1165,20291.2,15181,0,0,0.831257,0.915628,353,25*6*16,96*12*7
1166,25090.2,15181,1,0,0.672262,0.836131,353,25*6*16,96*12*7
1167,15580.9,10845,0,0,0.933354,0.966677,351,25*6*13,96*12*5
1168,12581.9,10845,0,0,0.984581,0.992291,340,25*6*11,96*12*5
1169,15933.2,10845,0,0,0.912717,0.956358,351,25*6*13,96*12*5
1170,25353,15181,0,0,0.665294,0.832647,353,25*6*16,96*12*7
1171,20369.1,15181,1,0,0.828078,0.914039,353,25*6*16,96*12*7
1172,25287.9,15181,1,0,0.667007,0.833503,353,25*6*16,96*12*7
1173,12482.2,10845,0,0,0.992445,0.996223,340,25*6*11,96*12*5
1174,12813.4,10846,1,0,0.966793,0.983396,340,25*6*11,96*12*5
1175,12682.1,10846,1,0,0.976802,0.988401,340,25*6*11,96*12*5
1176,16263.9,10845,0,0,0.894158,0.947079,351,25*6*13,96*12*5
1177,12351.7,10845,0,0,0.986609,0.993305,339,25*6*11,96*12*5
1178,12396.3,10846,1,0,0.999322,0.999661,340,25*6*11,96*12*5
1179,16038.6,10845,0,0,0.906719,0.953359,351,25*6*13,96*12*5
1180,12756.1,10845,0,0,0.971135,0.985568,340,25*6*11,96*12*5
1181,10539.9,8677,0,0,0.970911,0.985455,328,25*6*9,96*12*4
1182,12904.9,10845,0,0,0.959938,0.979969,340,25*6*11,96*12*5
1183,15769.7,10845,0,0,0.92218,0.96109,351,25*6*13,96*12*5
1184,16219.7,10846,1,0,0.896595,0.948297,351,25*6*13,96*12*5
1185,5168.01,3616,0,0,0.927011,0.963505,269,25*6*4,96*4*5
1186,16291.9,10845,0,0,0.892621,0.946311,351,25*6*13,96*12*5
1187,3660.29,2169,0,0,0.995413,0.997706,234,25*6*3,96*3*4
1188,0,0,0,0,0,0,0,1*1*1,1*1*1
1189,446.643,90,0,0,0.995202,0.997601,20,25*2*1,48*1*1
1190,132.942,0,0,0,0,0,0,1*1*1,1*1*1
1191,252.873,45,0,0,0.883052,0.941526,8,5*1*1,24*1*1
1192,139.665,0,0,0,0,0,0,1*1*1,1*1*1
1193,609.431,180,0,0,0.995847,0.997923,35,25*3*1,96*1*1
1194,2219.08,813,0,0,0.996179,0.998089,148,25*6*2,48*3*3
1195,1083.48,181,1,0,0.892864,0.946432,71,25*2*2,96*1*1
1196,10164.8,8677,0,0,0.990211,0.995106,327,25*6*9,96*12*4
1197,1574.6,542,0,0,0.885114,0.942557,116,25*6*1,96*1*3
1198,19668.5,15181,0,0,0.857574,0.928787,353,25*6*16,96*12*7
1199,20107.9,15181,1,0,0.838834,0.919417,353,25*6*16,96*12*7
1200,12873.6,10845,0,0,0.962272,0.981136,340,25*6*11,96*12*5
1201,1749.48,542,0,0,0.995496,0.997748,118,25*2*4,96*1*3
1202,7907.71,5424,0,0,0.998254,0.999127,312,25*6*7,96*6*5
1203,15741.3,10845,0,0,0.923844,0.961922,351,25*6*13,96*12*5
1204,15797.1,10846,1,0,0.92058,0.96029,351,25*6*13,96*12*5
1205,20412.9,15181,0,0,0.826301,0.913151,353,25*6*16,96*12*7
1206,12576.5,10845,0,0,0.985004,0.992502,340,25*6*11,96*12*5
1207,1604.29,542,0,0,0.868733,0.934367,116,25*6*1,96*1*3
1208,0,0,0,0,0,0,0,1*1*1,1*1*1
1209,0,0,0,0,0,0,0,1*1*1,1*1*1
1210,117.469,0,0,0,0,0,0,1*1*1,1*1*1
1211,1984.46,813,0,0,0.983794,0.991897,143,25*3*3,48*3*3
1212,730.274,180,0,0,0.990176,0.995088,52,25*3*1,96*1*1
1213,0,0,0,0,0,0,0,1*1*1,1*1*1
1214,629.57,181,1,0,0.999571,0.999786,40,25*3*1,96*1*1
1215,499.701,181,1,0,0.995996,0.997998,32,25*2*1,96*1*1
1216,293.91,60,1,0,0.959818,0.979909,9,25*1*1,32*1*1
1217,1159.71,362,1,0,0.993524,0.996762,81,25*6*1,96*1*2
1218,1855.64,542,0,0,0.984189,0.992094,125,25*3*3,96*1*3
1219,1319.5,361,0,0,0.991512,0.995756,104,25*6*1,96*1*2
1220,229.153,45,0,0,0.974458,0.987229,8,5*1*1,24*1*1
1221,700.68,180,0,0,0.986042,0.993021,49,25*3*1,96*1*1
1222,821.165,181,1,0,0.880578,0.940289,52,25*3*1,96*1*1
1223,250.186,45,0,0,0.892536,0.946268,8,5*1*1,24*1*1
1224,376.987,90,0,0,0.91913,0.959565,19,25*1*1,48*1*1
1225,53.2052,0,0,0,0,0,0,1*1*1,1*1*1
1226,0,0,0,0,0,0,0,1*1*1,1*1*1
1227,341.432,90,1,0,0.965639,0.982819,18,25*1*1,48*1*1
1228,365.757,91,1,0,0.94735,0.973675,19,25*1*1,48*1*1
1229,390.202,90,1,0,0.888002,0.944001,19,25*1*1,48*1*1
1230,0,0,0,0,0,0,0,1*1*1,1*1*1
1231,0,0,0,0,0,0,0,1*1*1,1*1*1
1232,676.427,181,1,0,0.99242,0.99621,47,25*3*1,96*1*1
1233,211.906,30,0,0,0.974489,0.987244,7,5*1*1,16*1*1
1234,122.434,0,0,0,0,0,0,1*1*1,1*1*1
1235,220.302,30,1,0,0.93735,0.968675,7,5*1*1,16*1*1
1236,409.156,90,0,0,0.846865,0.923433,19,25*1*1,48*1*1
1237,365.359,90,1,0,0.948382,0.974191,19,25*1*1,48*1*1
1238,177.602,7,0,0,0.973525,0.986763,3,1*1*1,4*1*1
1239,169.182,4,1,0,0.997151,0.998575,1,1*1*1,2*1*1
1240,197.452,15,0,0,0.96074,0.98037,5,5*1*1,8*1*1
1241,0,0,0,0,0,0,0,1*1*1,1*1*1
1242,479.775,90,0,0,0.996509,0.998254,28,25*2*1,48*1*1
1243,448.027,90,1,0,0.992128,0.996064,20,25*2*1,48*1*1
1244,330.691,91,1,0,0.997003,0.998502,18,25*1*1,48*1*1
1245,357.704,90,1,0,0.968678,0.984339,19,25*1*1,48*1*1
1246,555.876,181,1,0,0.915492,0.957746,33,25*2*1,96*1*1
1247,547.3,181,1,0,0.929837,0.964919,33,25*2*1,96*1*1
1248,336.133,90,1,0,0.980862,0.990431,18,25*1*1,48*1*1
1249,12.3406,0,0,0,0,0,0,1*1*1,1*1*1
1250,94.4406,0,0,0,0,0,0,1*1*1,1*1*1
1251,461.186,91,1,0,0.998729,0.999365,21,25*2*1,48*1*1
1252,0,0,0,0,0,0,0,1*1*1,1*1*1
1253,225.233,45,0,0,0.991418,0.995709,8,5*1*1,24*1*1
1254,94.3636,0,0,0,0,0,0,1*1*1,1*1*1
1255,343.261,90,0,0,0.960494,0.980247,18,25*1*1,48*1*1
1256,606.955,181,1,0,0.999909,0.999955,35,25*3*1,96*1*1
1257,196.357,15,0,0,0.966097,0.983049,5,5*1*1,8*1*1
1258,393.63,90,0,0,0.880268,0.940134,19,25*1*1,48*1*1
1259,1167.01,362,1,0,0.999906,0.999953,83,25*6*1,96*1*2
1260,2856.76,1627,0,0,0.903191,0.951596,189,25*6*2,96*3*3
1261,5307.31,3616,0,0,0.90268,0.95134,269,25*6*4,96*4*5
1262,16083.4,10845,0,0,0.904193,0.952097,351,25*6*13,96*12*5
1263,6452.81,4339,0,0,0.918065,0.959033,289,25*6*5,96*6*4
1264,16334.4,15181,0,0,0.999578,0.999789,352,25*6*15,96*12*7
1265,788.606,180,0,0,0.916934,0.958467,52,25*3*1,96*1*1
1266,10570.4,8677,0,0,0.968109,0.984055,328,25*6*9,96*12*4
1267,7903.32,5424,0,0,0.998808,0.999404,312,25*6*7,96*6*5
1268,1585.11,542,0,0,0.879245,0.939622,116,25*6*1,96*1*3
1269,16082.3,10845,0,0,0.904255,0.952127,351,25*6*13,96*12*5
1270,2484.51,1627,0,0,0.997943,0.998972,178,25*6*2,96*3*3
1271,20410.6,15181,0,0,0.826394,0.913197,353,25*6*16,96*12*7
1272,12841.2,10845,0,0,0.9647,0.98235,340,25*6*11,96*12*5
1273,3096.52,1627,0,0,0.995795,0.997898,195,25*2*7,96*3*3
1274,3468.91,2169,0,0,0.997864,0.998932,218,25*6*3,96*3*4
1275,3898.94,2170,1,0,0.945257,0.972628,237,25*6*3,96*3*4
1276,2693.85,1627,0,0,0.957811,0.978906,189,25*6*2,96*3*3
1277,3249.73,1627,0,0,0.959187,0.979594,197,25*2*7,96*3*3
1278,1329.07,361,0,0,0.99596,0.99798,106,25*6*1,96*1*2
1279,1230.67,362,1,0,0.998237,0.999118,93,25*6*1,96*1*2
1280,1989.65,813,0,0,0.981228,0.990614,143,25*3*3,48*3*3
1281,2858.78,1627,0,0,0.902553,0.951276,189,25*6*2,96*3*3
1282,3875.38,2169,0,0,0.951004,0.975502,237,25*6*3,96*3*4
1283,4334.48,2893,0,0,0.999982,0.999991,243,25*6*4,96*4*4
1284,12595.5,10845,0,0,0.983518,0.991759,340,25*6*11,96*12*5
1285,1221.06,361,0,0,0.994628,0.997314,90,25*6*1,96*1*2
1286,2057.81,813,0,0,0.948727,0.974364,143,25*3*3,48*3*3
1287,2546.61,1627,0,0,0.995598,0.997799,181,25*6*2,96*3*3
1288,6811.99,5424,0,0,0.993278,0.996639,297,25*6*6,96*6*5
1289,2946.38,1627,0,0,0.875719,0.937859,189,25*6*2,96*3*3
1290,1447.18,542,0,0,0.963045,0.981523,116,25*6*1,96*1*3
1291,334.69,90,1,0,0.985091,0.992545,18,25*1*1,48*1*1
1292,1385.94,362,1,0,0.998023,0.999012,113,25*6*1,96*1*2
1293,795.325,181,1,0,0.909188,0.954594,52,25*3*1,96*1*1
1294,878.578,180,0,0,0.999114,0.999557,55,25*2*2,96*1*1
1295,1488.51,542,0,0,0.936305,0.968153,116,25*6*1,96*1*3
1296,841.806,181,1,0,0.858987,0.929493,52,25*3*1,96*1*1
1297,744.788,181,1,0,0.97088,0.98544,52,25*3*1,96*1*1
1298,2529.38,1627,0,0,0.993524,0.996762,180,25*6*2,96*3*3
1299,2437.81,1627,1,0,0.996386,0.998193,173,25*6*2,96*3*3
1300,2235.11,814,1,0,0.998116,0.999058,150,25*6*2,48*3*3
1301,2138.39,813,0,0,0.912977,0.956488,143,25*3*3,48*3*3
1302,3218.19,1627,0,0,0.968588,0.984294,197,25*2*7,96*3*3
1303,3108.55,1627,1,0,0.991942,0.995971,195,25*2*7,96*3*3
1304,2690.69,1627,0,0,0.958936,0.979468,189,25*6*2,96*3*3
1305,15963,10845,0,0,0.911013,0.955506,351,25*6*13,96*12*5
1306,16317.8,10846,1,0,0.891205,0.945602,351,25*6*13,96*12*5
1307,20157,15181,0,0,0.836791,0.918396,353,25*6*16,96*12*7
1308,5101.56,3616,0,0,0.939085,0.969543,269,25*6*4,96*4*5
1309,4844.47,3616,1,0,0.988921,0.994461,269,25*6*4,96*4*5
1310,16292.9,10845,0,0,0.892567,0.946283,351,25*6*13,96*12*5
1311,6272.56,4339,0,0,0.944447,0.972223,289,25*6*5,96*6*4
1312,6696.27,5424,0,0,0.999467,0.999733,294,25*6*6,96*6*5
1313,6429.27,4339,0,0,0.921427,0.960713,289,25*6*5,96*6*4
1314,16146.6,10845,0,0,0.900654,0.950327,351,25*6*13,96*12*5
1315,16208.6,10846,1,0,0.897209,0.948604,351,25*6*13,96*12*5
1316,10514.6,8677,0,0,0.973247,0.986623,328,25*6*9,96*12*4
1317,7880.82,5424,0,0,0.999528,0.999764,311,25*6*7,96*6*5
1318,15982.9,10845,0,0,0.909879,0.954939,351,25*6*13,96*12*5
1319,8189.28,6508,0,0,0.986497,0.993248,315,25*6*7,96*6*6
1320,12786.9,10845,0,0,0.968796,0.984398,340,25*6*11,96*12*5
1321,8064.45,6508,0,0,0.985101,0.992551,314,25*6*7,96*6*6
1322,8084.63,6509,1,0,0.999267,0.999633,315,25*6*7,96*6*6
1323,7951.48,6508,1,0,0.999097,0.999549,314,25*6*7,96*6*6
1324,8123.31,6509,1,0,0.994508,0.997254,315,25*6*7,96*6*6
1325,7786.76,5424,1,0,0.998657,0.999328,309,25*6*7,96*6*5
1326,10294.7,8677,0,0,0.994036,0.997018,328,25*6*9,96*12*4
1327,6505.01,4339,0,0,0.910698,0.955349,289,25*6*5,96*6*4
1328,8232.59,6508,0,0,0.981307,0.990654,315,25*6*7,96*6*6
1329,6471.99,4339,0,0,0.915344,0.957672,289,25*6*5,96*6*4
1330,5101.35,3616,0,0,0.939124,0.969562,269,25*6*4,96*4*5
1331,1839.91,542,0,0,0.992603,0.996301,125,25*3*3,96*1*3
1332,1647.47,542,0,0,0.845964,0.922982,116,25*6*1,96*1*3
1333,1923.75,813,0,0,0.99883,0.999415,138,25*3*3,48*3*3
1334,2628.16,1627,0,0,0.981751,0.990876,189,25*6*2,96*3*3
1335,5339.56,3616,0,0,0.999352,0.999676,270,25*3*9,96*4*5
1336,5355.11,3616,1,0,0.999587,0.999794,271,25*3*9,96*4*5
1337,20476.9,15181,0,0,0.823718,0.911859,353,25*6*16,96*12*7
1338,3169.64,1627,0,0,0.983424,0.991712,197,25*2*7,96*3*3
1339,6038.78,4339,0,0,0.981009,0.990505,289,25*6*5,96*6*4
1340,20322.5,15181,0,0,0.829977,0.914988,353,25*6*16,96*12*7
1341,12668.6,10845,0,0,0.977843,0.988921,340,25*6*11,96*12*5
1342,12924.9,10846,1,0,0.958452,0.979226,340,25*6*11,96*12*5
1343,6479.19,4339,0,0,0.914327,0.957164,289,25*6*5,96*6*4
1344,12349.7,10845,0,0,0.986769,0.993384,339,25*6*11,96*12*5
1345,12571,10846,1,0,0.985435,0.992717,340,25*6*11,96*12*5
1346,8145.81,6508,0,0,0.991761,0.995881,315,25*6*7,96*6*6
1347,2241.64,813,0,0,0.995209,0.997604,150,25*6*2,48*3*3
1348,917.595,181,1,0,0.979517,0.989759,57,25*2*2,96*1*1
1349,514.316,180,0,0,0.98947,0.994735,33,25*2*1,96*1*1
1350,279.225,45,0,0,0.799713,0.899857,8,5*1*1,24*1*1
1351,251.448,45,1,0,0.888056,0.944028,8,5*1*1,24*1*1
1352,490.149,90,0,0,0.986843,0.993421,29,25*2*1,48*1*1
1353,0,0,0,0,0,0,0,1*1*1,1*1*1
1354,477.558,90,1,0,0.999669,0.999835,27,25*2*1,48*1*1
1355,727.753,181,1,0,0.993606,0.996803,52,25*3*1,96*1*1
1356,454.081,91,1,0,0.9789,0.98945,20,25*2*1,48*1*1
1357,269.201,45,0,0,0.829492,0.914746,8,5*1*1,24*1*1
1358,1138.53,361,0,0,0.999095,0.999548,80,25*6*1,96*1*2
1359,1868.01,542,0,0,0.999406,0.999703,127,25*3*3,96*1*3
1360,1878.69,543,1,0,0.998196,0.999098,131,25*3*3,96*1*3
1361,4351.87,2893,0,0,0.997916,0.998958,244,25*6*4,96*4*4
1362,5137.31,3616,1,0,0.93255,0.966275,269,25*6*4,96*4*5
1363,6516.58,4339,0,0,0.909081,0.954541,289,25*6*5,96*6*4
1364,4148.49,2169,0,0,0.888396,0.944198,237,25*6*3,96*3*4
1365,1919.16,543,1,0,0.996842,0.998421,137,25*3*3,96*1*3
1366,2291.86,813,0,0,0.992644,0.996322,154,25*6*2,48*3*3
1367,635.905,180,0,0,0.996218,0.998109,41,25*3*1,96*1*1
1368,1605.99,543,1,0,0.867814,0.933907,116,25*6*1,96*1*3
1369,0,0,0,0,0,0,0,1*1*1,1*1*1
1370,394.356,90,1,0,0.878648,0.939324,19,25*1*1,48*1*1
1371,764.364,181,1,0,0.946015,0.973008,52,25*3*1,96*1*1
1372,97.7432,0,0,0,0,0,0,1*1*1,1*1*1
1373,284.984,60,1,0,0.98988,0.99494,9,25*1*1,32*1*1
1374,405.341,91,1,0,0.854836,0.927418,19,25*1*1,48*1*1
1375,351.245,90,1,0,0.986491,0.993245,19,25*1*1,48*1*1
1376,612.627,181,1,0,0.990652,0.995326,35,25*3*1,96*1*1
1377,465.018,91,1,0,0.999531,0.999766,23,25*2*1,48*1*1
1378,774.529,180,1,0,0.9336,0.9668,52,25*3*1,96*1*1
1379,491.655,91,1,0,0.98382,0.99191,29,25*2*1,48*1*1
1380,331.673,90,1,0,0.994051,0.997026,18,25*1*1,48*1*1
1381,335.808,91,1,0,0.981811,0.990906,18,25*1*1,48*1*1
1382,528.931,180,1,0,0.962129,0.981065,33,25*2*1,96*1*1
1383,1103.69,272,1,0,0.998922,0.999461,74,25*6*1,48*1*3
1384,3039.98,1627,0,0,0.99221,0.996105,190,25*2*7,96*3*3
1385,4830.47,3616,0,0,0.991788,0.995894,269,25*6*4,96*4*5
1386,5047.86,3616,1,0,0.949075,0.974538,269,25*6*4,96*4*5
1387,919.927,180,0,0,0.999862,0.999931,59,25*2*2,96*1*1
1388,16353,15181,0,0,0.998441,0.99922,352,25*6*15,96*12*7
1389,1969.53,813,0,0,0.991252,0.995626,143,25*3*3,48*3*3
1390,19922,15181,0,0,0.846662,0.923331,353,25*6*16,96*12*7
1391,2572.53,1627,0,0,0.998628,0.999314,187,25*6*2,96*3*3
1392,2368.15,814,1,0,0.996727,0.998364,164,25*6*2,48*3*3
1393,3029.44,1627,0,0,0.995663,0.997831,190,25*2*7,96*3*3
1394,4245.58,2893,1,0,0.994705,0.997353,242,25*3*7,96*4*4
1395,3524.73,2169,0,0,0.993182,0.996591,221,25*6*3,96*3*4
1396,3717.95,2170,1,0,0.991272,0.995636,237,25*6*3,96*3*4
1397,1866.6,543,1,0,0.999036,0.999518,126,25*3*3,96*1*3
1398,4196.62,2893,0,0,0.995635,0.997817,240,25*3*7,96*4*4
1399,4252.37,2893,1,0,0.993117,0.996558,242,25*3*7,96*4*4
1400,3258.97,1627,0,0,0.998352,0.999176,198,25*6*3,96*3*3
1401,2545.55,1627,0,0,0.996013,0.998006,181,25*6*2,96*3*3
1402,5198.27,3616,0,0,0.921614,0.960807,269,25*6*4,96*4*5
1403,4229.66,2893,0,0,0.998449,0.999225,242,25*3*7,96*4*4
1404,3882.95,2169,0,0,0.949149,0.974575,237,25*6*3,96*3*4
1405,2558.77,1627,0,0,0.997979,0.99899,184,25*6*2,96*3*3
1406,2098.34,813,0,0,0.930402,0.965201,143,25*3*3,48*3*3
1407,3593.33,2170,1,0,0.999936,0.999968,228,25*6*3,96*3*4
1408,4118.84,2170,1,0,0.894791,0.947395,237,25*6*3,96*3*4
1409,3963.86,2170,1,0,0.929776,0.964888,237,25*6*3,96*3*4
1410,2757.55,1627,0,0,0.935686,0.967843,189,25*6*2,96*3*3
1411,4291.01,2893,0,0,0.984174,0.992087,242,25*3*7,96*4*4
1412,6400.3,4339,0,0,0.925597,0.962799,289,25*6*5,96*6*4
1413,5004.05,3616,0,0,0.957385,0.978692,269,25*6*4,96*4*5
1414,5372.82,3616,0,0,0.996292,0.998146,271,25*3*9,96*4*5
1415,2660.59,1627,0,0,0.969785,0.984892,189,25*6*2,96*3*3
1416,1851.78,542,0,0,0.98624,0.99312,125,25*3*3,96*1*3
1417,481.371,90,0,0,0.993205,0.996602,28,25*2*1,48*1*1
1418,2237.11,813,0,0,0.997224,0.998612,150,25*6*2,48*3*3
1419,419.941,90,0,0,0.825116,0.912558,19,25*1*1,48*1*1
1420,298.642,60,1,0,0.99852,0.99926,10,25*1*1,32*1*1
1421,148.33,0,0,0,0,0,0,1*1*1,1*1*1
1422,330.182,91,1,0,0.99854,0.99927,18,25*1*1,48*1*1
1423,869.077,180,0,0,0.997955,0.998978,53,25*2*2,96*1*1
1424,1314.08,361,0,0,0.995601,0.997801,104,25*6*1,96*1*2
1425,937.923,180,0,0,0.997843,0.998922,65,25*2*2,96*1*1
1426,2193.99,814,1,0,0.997361,0.99868,146,25*6*2,48*3*3
1427,1137.68,361,0,0,0.999842,0.999921,80,25*6*1,96*1*2
1428,1822.16,542,0,0,0.999199,0.999599,124,25*3*3,96*1*3
1429,195.297,15,0,0,0.971341,0.985671,5,5*1*1,8*1*1
1430,287.654,60,0,0,0.980692,0.990346,9,25*1*1,32*1*1
1431,528.144,181,1,0,0.963563,0.981781,33,25*2*1,96*1*1
1432,0,0,0,0,0,0,0,1*1*1,1*1*1
1433,512.231,180,1,0,0.993497,0.996749,33,25*2*1,96*1*1
1434,0,0,0,0,0,0,0,1*1*1,1*1*1
1435,198.026,15,0,0,0.957955,0.978978,5,5*1*1,8*1*1
1436,367.489,90,0,0,0.942885,0.971443,19,25*1*1,48*1*1
1437,145.351,0,0,0,0,0,0,1*1*1,1*1*1
1438,299.787,60,1,0,0.994706,0.997353,10,25*1*1,32*1*1
1439,141.483,0,0,0,0,0,0,1*1*1,1*1*1
1440,471.944,91,1,0,0.998212,0.999106,25,25*2*1,48*1*1
1441,433.542,90,1,0,0.799231,0.899615,19,25*1*1,48*1*1
1442,34.5325,0,0,0,0,0,0,1*1*1,1*1*1
1443,541.878,181,1,0,0.939141,0.969571,33,25*2*1,96*1*1
1444,1378.08,362,1,0,0.996096,0.998048,112,25*6*1,96*1*2
1445,661.479,180,1,0,0.997915,0.998958,46,25*3*1,96*1*1
1446,70.2251,0,0,0,0,0,0,1*1*1,1*1*1
1447,1372.53,362,1,0,0.999104,0.999552,111,25*6*1,96*1*2
1448,2763.21,1627,0,0,0.933769,0.966885,189,25*6*2,96*3*3
1449,1565.86,542,0,0,0.890054,0.945027,116,25*6*1,96*1*3
1450,3412.79,2169,0,0,0.999915,0.999958,215,25*6*3,96*3*4
1451,15778.1,10845,0,0,0.921689,0.960844,351,25*6*13,96*12*5
1452,20407.9,15181,0,0,0.826503,0.913252,353,25*6*16,96*12*7
1453,16097.4,10845,0,0,0.903407,0.951703,351,25*6*13,96*12*5
1454,15842.8,10846,1,0,0.917925,0.958962,351,25*6*13,96*12*5
1455,20135.9,15181,0,0,0.837668,0.918834,353,25*6*16,96*12*7
1456,12913.9,10845,0,0,0.959269,0.979634,340,25*6*11,96*12*5
1457,16002,10845,0,0,0.908793,0.954396,351,25*6*13,96*12*5
1458,25152.1,15181,0,0,0.670608,0.835304,353,25*6*16,96*12*7
1459,20220.9,15181,1,0,0.834147,0.917073,353,25*6*16,96*12*7
1460,16137.7,10845,0,0,0.901151,0.950575,351,25*6*13,96*12*5
1461,16046.1,10846,1,0,0.906295,0.953147,351,25*6*13,96*12*5
1462,15309.3,10846,1,0,0.949913,0.974956,351,25*6*13,96*12*5
1463,20018.8,15181,0,0,0.842568,0.921284,353,25*6*16,96*12*7
1464,10464.9,8677,0,0,0.977869,0.988934,328,25*6*9,96*12*4
1465,20209.7,15181,0,0,0.834609,0.917305,353,25*6*16,96*12*7
1466,25351.4,15181,1,0,0.665336,0.832668,353,25*6*16,96*12*7
1467,16058.4,10845,0,0,0.905601,0.9528,351,25*6*13,96*12*5
1468,12734,10845,0,0,0.972821,0.98641,340,25*6*11,96*12*5
1469,16410.2,15181,0,0,0.99496,0.99748,352,25*6*15,96*12*7
1470,25758.4,15181,0,0,0.654823,0.827412,353,25*6*16,96*12*7
1471,20025.1,15181,1,0,0.842303,0.921151,353,25*6*16,96*12*7
1472,25345.6,15181,1,0,0.665488,0.832744,353,25*6*16,96*12*7
1473,13080.6,10845,0,0,0.947044,0.973522,340,25*6*11,96*12*5
1474,12908.2,10846,1,0,0.959692,0.979846,340,25*6*11,96*12*5
1475,12888.1,10846,1,0,0.961189,0.980595,340,25*6*11,96*12*5
1476,15714.6,10845,0,0,0.925413,0.962707,351,25*6*13,96*12*5
1477,12460.4,10845,0,0,0.994182,0.997091,340,25*6*11,96*12*5
1478,12863.5,10846,1,0,0.963027,0.981514,340,25*6*11,96*12*5
1479,16175.5,10845,0,0,0.899045,0.949522,351,25*6*13,96*12*5
1480,12478.1,10845,0,0,0.992771,0.996386,340,25*6*11,96*12*5
1481,10013,8677,0,0,0.996834,0.998417,326,25*6*9,96*12*4
1482,12825.4,10845,0,0,0.965888,0.982944,340,25*6*11,96*12*5
1483,16405.3,15181,0,0,0.995258,0.997629,352,25*6*15,96*12*7
1484,15700.7,10845,0,0,0.926233,0.963116,351,25*6*13,96*12*5
1485,5212.19,3616,0,0,0.919153,0.959576,269,25*6*4,96*4*5
1486,16065.2,10845,0,0,0.905217,0.952609,351,25*6*13,96*12*5
1487,3982.07,2169,0,0,0.925524,0.962762,237,25*6*3,96*3*4
1488,71.3969,0,0,0,0,0,0,1*1*1,1*1*1
1489,404.066,90,0,0,0.857533,0.928767,19,25*1*1,48*1*1
1490,483.953,90,1,0,0.999477,0.999739,29,25*2*1,48*1*1
1491,484.355,91,1,0,0.998648,0.999324,29,25*2*1,48*1*1
1492,423.791,90,1,0,0.81762,0.90881,19,25*1*1,48*1*1
1493,623.869,181,1,0,0.998607,0.999304,37,25*3*1,96*1*1
1494,2267.57,813,0,0,0.996794,0.998397,153,25*6*2,48*3*3
1495,774.219,180,0,0,0.933973,0.966987,52,25*3*1,96*1*1
1496,10293.6,8677,0,0,0.994142,0.997071,328,25*6*9,96*12*4
1497,1729.51,542,0,0,0.805835,0.902918,116,25*6*1,96*1*3
1498,20213.3,15181,0,0,0.83446,0.91723,353,25*6*16,96*12*7
1499,20175.6,15181,1,0,0.83602,0.91801,353,25*6*16,96*12*7
1500,12976.8,10845,0,0,0.954619,0.97731,340,25*6*11,96*12*5
1501,1531.85,542,0,0,0.909815,0.954907,116,25*6*1,96*1*3
1502,7453.11,5424,0,0,0.939393,0.969697,301,25*6*6,96*6*5
1503,15652,10845,0,0,0.929114,0.964557,351,25*6*13,96*12*5
1504,15838.5,10846,1,0,0.918174,0.959087,351,25*6*13,96*12*5
1505,19061.9,15181,0,0,0.884865,0.942432,353,25*6*16,96*12*7
1506,12755.6,10845,0,0,0.971173,0.985587,340,25*6*11,96*12*5
1507,1574.17,542,0,0,0.885355,0.942678,116,25*6*1,96*1*3
1508,0,0,0,0,0,0,0,1*1*1,1*1*1
1509,101.877,0,0,0,0,0,0,1*1*1,1*1*1
1510,238.555,45,0,0,0.936052,0.968026,8,5*1*1,24*1*1
1511,1738.6,542,0,0,0.997699,0.99885,117,25*2*4,96*1*3
1512,372.136,90,0,0,0.931111,0.965556,19,25*1*1,48*1*1
1513,245.24,45,0,0,0.910537,0.955268,8,5*1*1,24*1*1
1514,683.274,180,0,0,0.982476,0.991238,47,25*3*1,96*1*1
1515,0,0,0,0,0,0,0,1*1*1,1*1*1
1516,0,0,0,0,0,0,0,1*1*1,1*1*1
1517,1613.39,543,1,0,0.863833,0.931917,116,25*6*1,96*1*3
1518,2021.13,813,0,0,0.965945,0.982972,143,25*3*3,48*3*3
1519,1740.61,542,0,0,0.996547,0.998274,117,25*2*4,96*1*3
1520,0,0,0,0,0,0,0,1*1*1,1*1*1
1521,116.768,0,0,0,0,0,0,1*1*1,1*1*1
1522,166.356,0,0,0,0,0,0,1*1*1,1*1*1
1523,0,0,0,0,0,0,0,1*1*1,1*1*1
1524,620.212,180,0,0,0.99208,0.99604,36,25*3*1,96*1*1
1525,177.327,7,0,0,0.975035,0.987517,3,1*1*1,4*1*1
1526,253.856,45,0,0,0.879633,0.939816,8,5*1*1,24*1*1
1527,438.13,90,0,0,0.790861,0.895431,19,25*1*1,48*1*1
1528,0,0,0,0,0,0,0,1*1*1,1*1*1
1529,45.4251,0,0,0,0,0,0,1*1*1,1*1*1
1530,0,0,0,0,0,0,0,1*1*1,1*1*1
1531,0,0,0,0,0,0,0,1*1*1,1*1*1
1532,0,0,0,0,0,0,0,1*1*1,1*1*1
1533,150.62,0,0,0,0,0,0,1*1*1,1*1*1
1534,41.4484,0,0,0,0,0,0,1*1*1,1*1*1
1535,0,0,0,0,0,0,0,1*1*1,1*1*1
1536,0,0,0,0,0,0,0,1*1*1,1*1*1
1537,0,0,0,0,0,0,0,1*1*1,1*1*1
1538,0,0,0,0,0,0,0,1*1*1,1*1*1
1539,262.83,45,0,0,0.849599,0.924799,8,5*1*1,24*1*1
1540,667.122,180,0,0,0.989474,0.994737,46,25*3*1,96*1*1
1541,144.978,0,0,0,0,0,0,1*1*1,1*1*1
1542,265.562,45,0,0,0.840858,0.920429,8,5*1*1,24*1*1
1543,410.506,90,0,0,0.84408,0.92204,19,25*1*1,48*1*1
1544,248.833,45,0,0,0.897389,0.948695,8,5*1*1,24*1*1
1545,681.083,180,0,0,0.985636,0.992818,47,25*3*1,96*1*1
1546,117.126,0,0,0,0,0,0,1*1*1,1*1*1
1547,199.762,22,0,0,0.99168,0.99584,6,5*1*1,12*1*1
1548,119.357,0,0,0,0,0,0,1*1*1,1*1*1
1549,0,0,0,0,0,0,0,1*1*1,1*1*1
1550,0,0,0,0,0,0,0,1*1*1,1*1*1
1551,577.567,180,0,0,0.88111,0.940555,33,25*2*1,96*1*1
1552,0,0,0,0,0,0,0,1*1*1,1*1*1
1553,556.684,181,1,0,0.914163,0.957082,33,25*2*1,96*1*1
1554,0,0,0,0,0,0,0,1*1*1,1*1*1
1555,436.79,91,1,0,0.793287,0.896644,19,25*1*1,48*1*1
1556,0,0,0,0,0,0,0,1*1*1,1*1*1
1557,0,0,0,0,0,0,0,1*1*1,1*1*1
1558,624.484,180,1,0,0.997624,0.998812,37,25*3*1,96*1*1
1559,1050.5,180,0,0,0.920895,0.960447,71,25*2*2,96*1*1
1560,3103.54,1627,0,0,0.993543,0.996771,195,25*2*7,96*3*3
1561,4718.09,2893,0,0,0.998794,0.999397,265,25*6*4,96*4*4
1562,15259.5,10845,0,0,0.953013,0.976506,351,25*6*13,96*12*5
1563,6724.39,5424,0,0,0.997473,0.998737,295,25*6*6,96*6*5
1564,15977.7,10845,0,0,0.910175,0.955087,351,25*6*13,96*12*5
1565,1209,361,0,0,0.997601,0.998801,89,25*6*1,96*1*2
1566,9686.95,8677,0,0,0.943455,0.971727,317,25*6*8,96*12*4
1567,8720.5,6508,0,0,0.926403,0.963202,315,25*6*7,96*6*6
1568,1935.59,813,0,0,0.99706,0.99853,140,25*3*3,48*3*3
1569,15180,10845,0,0,0.958004,0.979002,351,25*6*13,96*12*5
1570,2816.13,1627,0,0,0.916222,0.958111,189,25*6*2,96*3*3
1571,20602.6,15181,0,0,0.818693,0.909346,353,25*6*16,96*12*7
1572,12179.6,10845,0,0,0.992274,0.996137,338,25*6*11,96*12*5
1573,3541.96,2169,0,0,0.988351,0.994176,221,25*6*3,96*3*4
1574,3363.31,1628,1,0,0.997143,0.998571,209,25*6*3,96*3*3
1575,3974.24,2170,1,0,0.927347,0.963674,237,25*6*3,96*3*4
1576,2473.81,1627,0,0,0.9966,0.9983,177,25*6*2,96*3*3
1577,3353.67,1627,0,0,0.996252,0.998126,208,25*6*3,96*3*3
1578,1980.91,814,1,0,0.985557,0.992779,143,25*3*3,48*3*3
1579,1435.45,542,0,0,0.970915,0.985458,116,25*6*1,96*1*3
1580,1884.18,542,0,0,0.998631,0.999315,133,25*3*3,96*1*3
1581,3087.63,1627,0,0,0.998662,0.999331,195,25*2*7,96*3*3
1582,3378.55,1627,0,0,0.997203,0.998601,211,25*6*3,96*3*3
1583,4301.24,2893,0,0,0.981833,0.990917,242,25*3*7,96*4*4
1584,12049.5,10845,0,0,0.994622,0.997311,337,25*6*11,96*12*5
1585,625.071,180,0,0,0.996687,0.998343,37,25*3*1,96*1*1
1586,2173.02,813,0,0,0.999254,0.999627,145,25*6*2,48*3*3
1587,3307.09,1627,0,0,0.999701,0.99985,203,25*6*3,96*3*3
1588,6469.68,4339,0,0,0.915671,0.957836,289,25*6*5,96*6*4
1589,2152.94,814,1,0,0.998495,0.999248,144,25*2*5,48*3*3
1590,1033.12,180,0,0,0.936387,0.968193,71,25*2*2,96*1*1
1591,546.8,180,0,0,0.930688,0.965344,33,25*2*1,96*1*1
1592,760.848,181,1,0,0.950387,0.975193,52,25*3*1,96*1*1
1593,1150.71,362,1,0,0.98852,0.99426,80,25*6*1,96*1*2
1594,1483.41,542,1,0,0.939524,0.969762,116,25*6*1,96*1*3
1595,1846.34,542,0,0,0.989146,0.994573,125,25*3*3,96*1*3
1596,792.485,180,0,0,0.912446,0.956223,52,25*3*1,96*1*1
1597,43.7316,0,0,0,0,0,0,1*1*1,1*1*1
1598,2518.01,1627,0,0,0.99801,0.999005,180,25*6*2,96*3*3
1599,2244.93,814,1,0,0.99375,0.996875,150,25*6*2,48*3*3
1600,2313.23,814,1,0,0.997696,0.998848,156,25*6*2,48*3*3
1601,2978.58,1627,1,0,0.866252,0.933126,189,25*6*2,96*3*3
1602,3704.18,2169,0,0,0.994957,0.997479,237,25*6*3,96*3*4
1603,3842.7,2170,1,0,0.959091,0.979546,237,25*6*3,96*3*4
1604,1907.48,543,1,0,0.996341,0.99817,136,25*3*3,96*1*3
1605,16435.6,15181,0,0,0.993423,0.996711,352,25*6*15,96*12*7
1606,16234.8,10845,0,0,0.895761,0.94788,351,25*6*13,96*12*5
1607,19615.5,15181,0,0,0.859891,0.929946,353,25*6*16,96*12*7
1608,4847.39,3616,0,0,0.988326,0.994163,269,25*6*4,96*4*5
1609,4579.71,2893,1,0,0.997792,0.998896,255,25*6*4,96*4*4
1610,15894.4,10845,0,0,0.914945,0.957472,351,25*6*13,96*12*5
1611,6120.98,4339,0,0,0.967835,0.983918,289,25*6*5,96*6*4
1612,6659.26,4339,0,0,0.985785,0.992893,290,25*6*6,96*6*4
1613,6120.95,4339,0,0,0.96784,0.98392,289,25*6*5,96*6*4
1614,15882.8,10845,0,0,0.915613,0.957807,351,25*6*13,96*12*5
1615,16472.4,15181,0,0,0.991203,0.995602,352,25*6*15,96*12*7
1616,10227.3,8677,0,0,0.98416,0.99208,327,25*6*9,96*12*4
1617,8120.05,6508,0,0,0.994908,0.997454,315,25*6*7,96*6*6
1618,16244.8,10845,0,0,0.89521,0.947605,351,25*6*13,96*12*5
1619,7789.32,5424,0,0,0.998328,0.999164,309,25*6*7,96*6*5
1620,12516.3,10845,0,0,0.989741,0.994871,340,25*6*11,96*12*5
1621,7930.32,6508,0,0,0.997526,0.998763,313,25*6*7,96*6*6
1622,8152.17,6509,1,0,0.990988,0.995494,315,25*6*7,96*6*6
1623,7957.25,6508,1,0,0.998373,0.999186,314,25*6*7,96*6*6
1624,7757.67,5424,1,0,0.99807,0.999035,308,25*6*7,96*6*5
1625,8241.72,6509,1,0,0.98022,0.99011,315,25*6*7,96*6*6
1626,9771.85,8677,0,0,0.999944,0.999972,321,25*6*9,96*12*4
1627,7142.14,5424,0,0,0.980294,0.990147,301,25*6*6,96*6*5
1628,7792.92,5424,0,0,0.997867,0.998934,309,25*6*7,96*6*5
1629,5741.6,4339,0,0,0.996673,0.998337,284,25*6*5,96*6*4
1630,4141.92,2169,0,0,0.889805,0.944902,237,25*6*3,96*3*4
1631,2887.05,1627,0,0,0.893715,0.946858,189,25*6*2,96*3*3
1632,1582.09,542,0,0,0.880923,0.940462,116,25*6*1,96*1*3
1633,2635.4,1627,0,0,0.979054,0.989527,189,25*6*2,96*3*3
1634,2757.91,1627,1,0,0.935564,0.967782,189,25*6*2,96*3*3
1635,4802.37,3616,0,0,0.997591,0.998795,269,25*6*4,96*4*5
1636,5347.52,3616,0,0,0.997864,0.998932,270,25*3*9,96*4*5
1637,20385.6,15181,0,0,0.827408,0.913704,353,25*6*16,96*12*7
1638,3083.11,1627,0,0,0.996494,0.998247,194,25*2*7,96*3*3
1639,6336.67,4339,0,0,0.934892,0.967446,289,25*6*5,96*6*4
1640,19514.3,15181,0,0,0.864351,0.932175,353,25*6*16,96*12*7
1641,13003.9,10845,0,0,0.95263,0.976315,340,25*6*11,96*12*5
1642,12352.1,10846,1,0,0.986577,0.993289,339,25*6*11,96*12*5
1643,6289.46,4339,0,0,0.941909,0.970955,289,25*6*5,96*6*4
1644,12510.3,10845,0,0,0.990216,0.995108,340,25*6*11,96*12*5
1645,12352.9,10846,1,0,0.986513,0.993257,339,25*6*11,96*12*5
1646,8239.32,6508,0,0,0.980506,0.990253,315,25*6*7,96*6*6
1647,2231.93,813,0,0,0.999539,0.999769,150,25*6*2,48*3*3
1648,921.417,181,1,0,0.999764,0.999882,60,25*2*2,96*1*1
1649,765.947,180,0,0,0.94406,0.97203,52,25*3*1,96*1*1
1650,720.232,181,1,0,0.989403,0.994702,50,25*3*1,96*1*1
1651,73.5151,0,0,0,0,0,0,1*1*1,1*1*1
1652,958.976,180,0,0,0.997105,0.998553,69,25*2*2,96*1*1
1653,0,0,0,0,0,0,0,1*1*1,1*1*1
1654,0,0,0,0,0,0,0,1*1*1,1*1*1
1655,222.894,30,0,0,0.926449,0.963225,7,5*1*1,16*1*1
1656,631.732,180,0,0,0.99615,0.998075,40,25*3*1,96*1*1
1657,0,0,0,0,0,0,0,1*1*1,1*1*1
1658,1760.12,542,0,0,0.989478,0.994739,118,25*2*4,96*1*3
1659,1175.46,361,0,0,0.992718,0.996359,83,25*6*1,96*1*2
1660,1585.97,543,1,0,0.878768,0.939384,116,25*6*1,96*1*3
1661,3581.65,2169,0,0,0.999679,0.999839,226,25*6*3,96*3*4
1662,6187.04,4339,0,0,0.957501,0.978751,289,25*6*5,96*6*4
1663,7019.61,5424,0,0,0.997406,0.998703,301,25*6*6,96*6*5
1664,4577.22,2893,0,0,0.998335,0.999168,255,25*6*4,96*4*4
1665,1295.19,361,0,0,0.99607,0.998035,102,25*6*1,96*1*2
1666,1409.96,543,1,0,0.988468,0.994234,116,25*6*1,96*1*3
1667,1044.02,180,0,0,0.926611,0.963305,71,25*2*2,96*1*1
1668,1531.39,542,0,0,0.910088,0.955044,116,25*6*1,96*1*3
1669,256.774,45,0,0,0.869636,0.934818,8,5*1*1,24*1*1
1670,482.945,90,0,0,0.989968,0.994984,28,25*2*1,48*1*1
1671,578.295,181,1,0,0.880001,0.94,33,25*2*1,96*1*1
1672,51.7029,0,0,0,0,0,0,1*1*1,1*1*1
1673,0,0,0,0,0,0,0,1*1*1,1*1*1
1674,0,0,0,0,0,0,0,1*1*1,1*1*1
1675,0,0,0,0,0,0,0,1*1*1,1*1*1
1676,105.832,0,0,0,0,0,0,1*1*1,1*1*1
1677,8.59027,0,0,0,0,0,0,1*1*1,1*1*1
1678,493.265,90,1,0,0.997638,0.998819,30,25*2*1,48*1*1
1679,409.315,91,1,0,0.846536,0.923268,19,25*1*1,48*1*1
1680,330.409,90,1,0,0.997854,0.998927,18,25*1*1,48*1*1
1681,0,0,0,0,0,0,0,1*1*1,1*1*1
1682,766.88,181,1,0,0.942912,0.971456,52,25*3*1,96*1*1
1683,822.826,181,1,0,0.878801,0.9394,52,25*3*1,96*1*1
1684,2671.81,1627,0,0,0.965712,0.982856,189,25*6*2,96*3*3
1685,6022.47,4339,0,0,0.983666,0.991833,289,25*6*5,96*6*4
1686,4226.78,2893,0,0,0.999129,0.999565,242,25*3*7,96*4*4
1687,1276.51,361,0,0,0.993098,0.996549,96,25*6*1,96*1*2
1688,15514.2,10845,0,0,0.937367,0.968684,351,25*6*13,96*12*5
1689,2543.19,1627,0,0,0.996937,0.998468,181,25*6*2,96*3*3
1690,20169.8,15181,0,0,0.83626,0.91813,353,25*6*16,96*12*7
1691,2165.56,813,0,0,0.992676,0.996338,144,25*2*5,48*3*3
1692,2361.7,813,0,0,0.99945,0.999725,164,25*6*2,48*3*3
1693,3875.52,2169,0,0,0.950969,0.975485,237,25*6*3,96*3*4
1694,3898.64,2170,1,0,0.94533,0.972665,237,25*6*3,96*3*4
1695,3513.31,2170,1,0,0.996411,0.998205,221,25*6*3,96*3*4
1696,2378.39,813,0,0,0.992436,0.996218,164,25*6*2,48*3*3
1697,2055.81,813,0,0,0.94965,0.974825,143,25*3*3,48*3*3
1698,4116.2,2170,1,0,0.895365,0.947682,237,25*6*3,96*3*4
1699,4674.41,2893,0,0,0.998543,0.999272,262,25*6*4,96*4*4
1700,3014.58,1627,0,0,0.855907,0.927953,189,25*6*2,96*3*3
1701,2611.23,1627,1,0,0.988117,0.994058,189,25*6*2,96*3*3
1702,4819.27,3616,0,0,0.994092,0.997046,269,25*6*4,96*4*5
1703,4366.1,2893,1,0,0.994663,0.997332,244,25*6*4,96*4*4
1704,4510.11,2893,1,0,0.995807,0.997904,251,25*6*4,96*4*4
1705,3317.31,1627,0,0,0.999575,0.999787,204,25*6*3,96*3*3
1706,1554.08,542,0,0,0.896801,0.9484,116,25*6*1,96*1*3
1707,2393.84,813,0,0,0.999482,0.999741,167,25*6*2,48*3*3
1708,3734.29,2169,0,0,0.986935,0.993467,237,25*6*3,96*3*4
1709,4442.39,2893,0,0,0.992709,0.996354,247,25*6*4,96*4*4
1710,1848.69,542,0,0,0.987889,0.993944,125,25*3*3,96*1*3
1711,3520.24,2170,1,0,0.994449,0.997225,221,25*6*3,96*3*4
1712,6800.41,5424,0,0,0.994969,0.997485,297,25*6*6,96*6*5
1713,5594.8,4339,0,0,0.977783,0.988891,274,25*6*5,96*6*4
1714,5400.78,3616,0,0,0.991135,0.995567,271,25*3*9,96*4*5
1715,2006.34,813,0,0,0.973065,0.986533,143,25*3*3,48*3*3
1716,1131.81,361,0,0,0.996369,0.998184,78,25*6*1,96*1*2
1717,975.545,180,0,0,0.991651,0.995825,71,25*2*2,96*1*1
1718,1747.99,542,0,0,0.996344,0.998172,118,25*2*4,96*1*3
1719,0,0,0,0,0,0,0,1*1*1,1*1*1
1720,0,0,0,0,0,0,0,1*1*1,1*1*1
1721,529.581,180,0,0,0.960948,0.980474,33,25*2*1,96*1*1
1722,1090.02,272,1,0,0.996037,0.998018,72,25*6*1,48*1*3
1723,1046.11,180,0,0,0.924759,0.96238,71,25*2*2,96*1*1
1724,941.979,181,1,0,0.993547,0.996773,65,25*2*2,96*1*1
1725,977.604,181,1,0,0.989562,0.994781,71,25*2*2,96*1*1
1726,2358.43,814,1,0,0.999054,0.999527,163,25*6*2,48*3*3
1727,1051.51,181,1,0,0.92001,0.960005,71,25*2*2,96*1*1
1728,137.689,0,0,0,0,0,0,1*1*1,1*1*1
1729,462.848,90,0,0,0.99968,0.99984,22,25*2*1,48*1*1
1730,533.268,181,1,0,0.954304,0.977152,33,25*2*1,96*1*1
1731,1068.44,180,0,0,0.905432,0.952716,71,25*2*2,96*1*1
1732,153.007,0,0,0,0,0,0,1*1*1,1*1*1
1733,398.196,90,0,0,0.870174,0.935087,19,25*1*1,48*1*1
1734,497.162,90,1,0,0.998266,0.999133,31,25*2*1,48*1*1
1735,958.045,180,0,0,0.998074,0.999037,69,25*2*2,96*1*1
1736,0,0,0,0,0,0,0,1*1*1,1*1*1
1737,0,0,0,0,0,0,0,1*1*1,1*1*1
1738,0,0,0,0,0,0,0,1*1*1,1*1*1
1739,0,0,0,0,0,0,0,1*1*1,1*1*1
1740,334.165,90,0,0,0.986638,0.993319,18,25*1*1,48*1*1
1741,1049.62,180,0,0,0.921667,0.960833,71,25*2*2,96*1*1
1742,318.693,90,0,0,0.990609,0.995304,16,25*1*1,48*1*1
1743,768.928,181,1,0,0.9404,0.9702,52,25*3*1,96*1*1
1744,1180.7,361,1,0,0.997798,0.998899,84,25*6*1,96*1*2
1745,1124.7,362,1,0,0.998311,0.999155,77,25*6*1,96*1*2
1746,0,0,0,0,0,0,0,1*1*1,1*1*1
1747,1001.89,180,0,0,0.965575,0.982788,71,25*2*2,96*1*1
1748,2060.01,813,0,0,0.947714,0.973857,143,25*3*3,48*3*3
1749,1685.63,542,0,0,0.826813,0.913406,116,25*6*1,96*1*3
1750,2796.95,1627,0,0,0.922505,0.961252,189,25*6*2,96*3*3
1751,15838.1,10845,0,0,0.918197,0.959099,351,25*6*13,96*12*5
1752,20275.8,15181,0,0,0.831888,0.915944,353,25*6*16,96*12*7
1753,15508.9,10845,0,0,0.937687,0.968844,351,25*6*13,96*12*5
1754,16593.7,15181,0,0,0.983958,0.991979,352,25*6*15,96*12*7
1755,19486.7,15181,0,0,0.865575,0.932787,353,25*6*16,96*12*7
1756,12161.4,10845,0,0,0.993759,0.996879,338,25*6*11,96*12*5
1757,15271.9,10845,0,0,0.952239,0.97612,351,25*6*13,96*12*5
1758,25193.5,15181,0,0,0.669506,0.834753,353,25*6*16,96*12*7
1759,19616.1,15181,1,0,0.859865,0.929933,353,25*6*16,96*12*7
1760,15185,10845,0,0,0.957689,0.978844,351,25*6*13,96*12*5
1761,16321.9,10846,1,0,0.890981,0.94549,351,25*6*13,96*12*5
1762,15704.8,10846,1,0,0.925991,0.962995,351,25*6*13,96*12*5
1763,19740.3,15181,0,0,0.854455,0.927228,353,25*6*16,96*12*7
1764,10009.5,8677,0,0,0.997183,0.998591,326,25*6*9,96*12*4
1765,20506.9,15181,0,0,0.822513,0.911257,353,25*6*16,96*12*7
1766,25139.9,15181,1,0,0.670933,0.835467,353,25*6*16,96*12*7
1767,15834.1,10845,0,0,0.918429,0.959215,351,25*6*13,96*12*5
1768,12361.5,10845,0,0,0.985827,0.992913,339,25*6*11,96*12*5
1769,16285.1,10845,0,0,0.892994,0.946497,351,25*6*13,96*12*5
1770,25436.6,15181,0,0,0.663107,0.831554,353,25*6*16,96*12*7
1771,19915.9,15181,1,0,0.846921,0.923461,353,25*6*16,96*12*7
1772,24709.5,15181,1,0,0.68262,0.84131,353,25*6*16,96*12*7
1773,13508.4,10845,0,0,0.997424,0.998712,347,25*6*12,96*12*5
1774,13114.9,10845,0,0,0.944567,0.972283,340,25*6*11,96*12*5
1775,13001.4,10846,1,0,0.952813,0.976406,340,25*6*11,96*12*5
1776,15278.2,10845,0,0,0.951846,0.975923,351,25*6*13,96*12*5
1777,12030.9,10845,0,0,0.99616,0.99808,337,25*6*11,96*12*5
1778,13240.2,10846,1,0,0.935628,0.967814,340,25*6*11,96*12*5
1779,16112.6,10845,0,0,0.902555,0.951277,351,25*6*13,96*12*5
1780,12868.8,10845,0,0,0.962631,0.981315,340,25*6*11,96*12*5
1781,9997.93,8677,0,0,0.998337,0.999168,326,25*6*9,96*12*4
1782,13547.2,10845,0,0,0.994567,0.997284,347,25*6*12,96*12*5
1783,15422.9,10845,0,0,0.942916,0.971458,351,25*6*13,96*12*5
1784,15684.7,10846,1,0,0.927177,0.963589,351,25*6*13,96*12*5
1785,4670.52,2893,0,0,0.999375,0.999687,262,25*6*4,96*4*4
1786,15525.1,10845,0,0,0.936709,0.968354,351,25*6*13,96*12*5
1787,4052.45,2169,0,0,0.90945,0.954725,237,25*6*3,96*3*4
1788,597.703,180,0,0,0.991964,0.995982,34,25*3*1,96*1*1
1789,345.714,91,1,0,0.953678,0.976839,18,25*1*1,48*1*1
1790,140.798,0,0,0,0,0,0,1*1*1,1*1*1
1791,128.156,0,0,0,0,0,0,1*1*1,1*1*1
1792,0,0,0,0,0,0,0,1*1*1,1*1*1
1793,293.243,60,1,0,0.962001,0.981,9,25*1*1,32*1*1
1794,1587.39,543,1,0,0.877982,0.938991,116,25*6*1,96*1*3
1795,1304.62,361,1,0,0.993163,0.996581,103,25*6*1,96*1*2
1796,9835.32,8677,0,0,0.997761,0.998881,323,25*6*9,96*12*4
1797,1655.42,542,0,0,0.841901,0.920951,116,25*6*1,96*1*3
1798,20195.9,15181,0,0,0.835179,0.91759,353,25*6*16,96*12*7
1799,20402.4,15181,1,0,0.826726,0.913363,353,25*6*16,96*12*7
1800,13189.4,10845,0,0,0.939232,0.969616,340,25*6*11,96*12*5
