1,1585,723,0,0,0.877539,0.93877,94,25*6*1,96*2*2
2,7943,6508,0,0,0.987738,0.993869,159,25*6*8,96*12*3
3,15849,6508,0,0,0.529074,0.764537,160,25*6*9,96*12*3
4,15849,6509,1,0,0.529074,0.764537,160,25*6*9,96*12*3
5,19953,6508,1,0,0.420253,0.710126,160,25*6*9,96*12*3
6,12589,6509,1,0,0.666081,0.833041,160,25*6*9,96*12*3
7,1585,723,0,0,0.877539,0.93877,94,25*6*1,96*2*2
8,40,0,0,0,0,0,0,1*1*1,1*1*1
9,79,0,0,0,0,0,0,1*1*1,1*1*1
10,20,0,0,0,0,0,0,1*1*1,1*1*1
11,1585,723,1,0,0.877539,0.93877,94,25*6*1,96*2*2
12,316,91,1,0,0.999051,0.999525,16,25*1*1,48*1*1
13,20,0,0,0,0,0,0,1*1*1,1*1*1
14,200,22,0,0,0.9905,0.99525,6,5*1*1,12*1*1
15,126,0,0,0,0,0,0,1*1*1,1*1*1
16,50,0,0,0,0,0,0,1*1*1,1*1*1
17,1000,361,0,0,0.9674,0.9837,64,25*2*2,48*2*2
18,1585,723,0,0,0.877539,0.93877,94,25*6*1,96*2*2
19,1000,361,0,0,0.9674,0.9837,64,25*2*2,48*2*2
20,200,22,0,0,0.9905,0.99525,6,5*1*1,12*1*1
21,16,0,0,0,0,0,0,1*1*1,1*1*1
22,316,90,0,0,0.999051,0.999525,16,25*1*1,48*1*1
23,50,0,0,0,0,0,0,1*1*1,1*1*1
24,200,22,0,0,0.9905,0.99525,6,5*1*1,12*1*1
25,50,0,0,0,0,0,0,1*1*1,1*1*1
26,32,0,0,0,0,0,0,1*1*1,1*1*1
27,63,0,0,0,0,0,0,1*1*1,1*1*1
28,50,0,0,0,0,0,0,1*1*1,1*1*1
29,40,0,0,0,0,0,0,1*1*1,1*1*1
30,40,0,0,0,0,0,0,1*1*1,1*1*1
31,40,0,0,0,0,0,0,1*1*1,1*1*1
32,50,0,0,0,0,0,0,1*1*1,1*1*1
33,50,0,0,0,0,0,0,1*1*1,1*1*1
34,50,0,0,0,0,0,0,1*1*1,1*1*1
35,40,0,0,0,0,0,0,1*1*1,1*1*1
36,63,0,0,0,0,0,0,1*1*1,1*1*1
37,50,0,0,0,0,0,0,1*1*1,1*1*1
38,40,0,0,0,0,0,0,1*1*1,1*1*1
39,50,0,0,0,0,0,0,1*1*1,1*1*1
40,40,0,0,0,0,0,0,1*1*1,1*1*1
41,63,0,0,0,0,0,0,1*1*1,1*1*1
42,50,0,0,0,0,0,0,1*1*1,1*1*1
43,50,0,0,0,0,0,0,1*1*1,1*1*1
44,63,0,0,0,0,0,0,1*1*1,1*1*1
45,79,0,0,0,0,0,0,1*1*1,1*1*1
46,100,0,0,0,0,0,0,1*1*1,1*1*1
47,100,0,0,0,0,0,0,1*1*1,1*1*1
48,79,0,0,0,0,0,0,1*1*1,1*1*1
49,126,0,0,0,0,0,0,1*1*1,1*1*1
50,79,0,0,0,0,0,0,1*1*1,1*1*1
51,79,0,0,0,0,0,0,1*1*1,1*1*1
52,79,0,0,0,0,0,0,1*1*1,1*1*1
53,40,0,0,0,0,0,0,1*1*1,1*1*1
54,40,0,0,0,0,0,0,1*1*1,1*1*1
55,63,0,0,0,0,0,0,1*1*1,1*1*1
56,79,0,0,0,0,0,0,1*1*1,1*1*1
57,158,0,0,0,0,0,0,1*1*1,1*1*1
58,316,90,0,0,0.999051,0.999525,16,25*1*1,48*1*1
59,1000,361,0,0,0.9674,0.9837,64,25*2*2,48*2*2
60,3162,2169,0,0,0.9858,0.9929,130,25*2*7,96*6*2
61,5012,4339,0,0,0.9,0.95,145,25*6*4,96*12*2
62,15849,6508,0,0,0.529074,0.764537,160,25*6*9,96*12*3
63,6310,4339,0,0,0.938843,0.969422,156,25*6*5,96*12*2
64,15849,6508,0,0,0.529074,0.764537,160,25*6*9,96*12*3
65,794,180,0,0,0.908942,0.954471,50,25*3*1,96*1*1
66,10000,6508,0,0,0.83853,0.919265,160,25*6*9,96*12*3
67,7943,6508,0,0,0.987738,0.993869,159,25*6*8,96*12*3
68,1585,723,0,0,0.877539,0.93877,94,25*6*1,96*2*2
69,15849,6508,0,0,0.529074,0.764537,160,25*6*9,96*12*3
70,2512,2169,0,0,0.978105,0.989053,120,25*6*2,96*6*2
71,19953,6508,0,0,0.420253,0.710126,160,25*6*9,96*12*3
72,12589,6509,1,0,0.666081,0.833041,160,25*6*9,96*12*3
73,3162,2169,0,0,0.9858,0.9929,130,25*2*7,96*6*2
74,3162,2170,1,0,0.9858,0.9929,130,25*2*7,96*6*2
75,3981,3254,0,0,0.925772,0.962886,142,25*6*3,96*6*3
76,2512,2169,0,0,0.978105,0.989053,120,25*6*2,96*6*2
77,3162,2169,0,0,0.9858,0.9929,130,25*2*7,96*6*2
78,1259,361,0,0,0.998014,0.999007,80,25*6*1,48*2*2
79,1000,361,0,0,0.9674,0.9837,64,25*2*2,48*2*2
80,1585,723,0,0,0.877539,0.93877,94,25*6*1,96*2*2
81,2512,2169,0,0,0.978105,0.989053,120,25*6*2,96*6*2
82,3162,2169,0,0,0.9858,0.9929,130,25*2*7,96*6*2
83,3981,3254,0,0,0.925772,0.962886,142,25*6*3,96*6*3
84,12589,6508,0,0,0.666081,0.833041,160,25*6*9,96*12*3
85,1000,361,0,0,0.9674,0.9837,64,25*2*2,48*2*2
86,1995,1446,0,0,0.972982,0.986491,112,25*3*3,96*4*2
87,2512,2169,0,0,0.978105,0.989053,120,25*6*2,96*6*2
88,6310,4339,0,0,0.938843,0.969422,156,25*6*5,96*12*2
89,2512,2169,0,0,0.978105,0.989053,120,25*6*2,96*6*2
90,1000,362,1,0,0.9674,0.9837,64,25*2*2,48*2*2
91,316,90,0,0,0.999051,0.999525,16,25*1*1,48*1*1
92,1000,361,0,0,0.9674,0.9837,64,25*2*2,48*2*2
93,398,90,0,0,0.870603,0.935302,19,25*1*1,48*1*1
94,1000,361,0,0,0.9674,0.9837,64,25*2*2,48*2*2
95,1259,361,0,0,0.998014,0.999007,80,25*6*1,48*2*2
96,631,181,1,0,0.997306,0.998653,40,25*3*1,96*1*1
97,501,181,1,0,0.993413,0.996707,32,25*2*1,96*1*1
98,2512,2169,0,0,0.978105,0.989053,120,25*6*2,96*6*2
99,1995,1446,0,0,0.972982,0.986491,112,25*3*3,96*4*2
100,1995,1447,1,0,0.972982,0.986491,112,25*3*3,96*4*2
101,1995,1447,1,0,0.972982,0.986491,112,25*3*3,96*4*2
102,3162,2169,0,0,0.9858,0.9929,130,25*2*7,96*6*2
103,3162,2170,1,0,0.9858,0.9929,130,25*2*7,96*6*2
104,2512,2169,0,0,0.978105,0.989053,120,25*6*2,96*6*2
105,15849,6508,0,0,0.529074,0.764537,160,25*6*9,96*12*3
106,15849,6509,1,0,0.529074,0.764537,160,25*6*9,96*12*3
107,19953,6508,1,0,0.420253,0.710126,160,25*6*9,96*12*3
108,5012,4339,0,0,0.9,0.95,145,25*6*4,96*12*2
109,5012,4339,1,0,0.9,0.95,145,25*6*4,96*12*2
110,15849,6508,0,0,0.529074,0.764537,160,25*6*9,96*12*3
111,6310,4339,0,0,0.938843,0.969422,156,25*6*5,96*12*2
112,6310,4339,1,0,0.938843,0.969422,156,25*6*5,96*12*2
113,6310,4340,1,0,0.938843,0.969422,156,25*6*5,96*12*2
114,15849,6508,0,0,0.529074,0.764537,160,25*6*9,96*12*3
115,15849,6509,1,0,0.529074,0.764537,160,25*6*9,96*12*3
116,10000,6508,1,0,0.83853,0.919265,160,25*6*9,96*12*3
117,7943,6508,0,0,0.987738,0.993869,159,25*6*8,96*12*3
118,15849,6508,0,0,0.529074,0.764537,160,25*6*9,96*12*3
119,7943,6508,0,0,0.987738,0.993869,159,25*6*8,96*12*3
120,12589,6508,0,0,0.666081,0.833041,160,25*6*9,96*12*3
121,7943,6508,0,0,0.987738,0.993869,159,25*6*8,96*12*3
122,7943,6509,1,0,0.987738,0.993869,159,25*6*8,96*12*3
123,7943,6508,1,0,0.987738,0.993869,159,25*6*8,96*12*3
124,7943,6509,1,0,0.987738,0.993869,159,25*6*8,96*12*3
125,7943,6509,1,0,0.987738,0.993869,159,25*6*8,96*12*3
126,10000,6508,0,0,0.83853,0.919265,160,25*6*9,96*12*3
127,6310,4339,0,0,0.938843,0.969422,156,25*6*5,96*12*2
128,7943,6508,0,0,0.987738,0.993869,159,25*6*8,96*12*3
129,6310,4339,0,0,0.938843,0.969422,156,25*6*5,96*12*2
130,5012,4339,0,0,0.9,0.95,145,25*6*4,96*12*2
131,1995,1446,0,0,0.972982,0.986491,112,25*3*3,96*4*2
132,1585,723,0,0,0.877539,0.93877,94,25*6*1,96*2*2
133,1995,1446,0,0,0.972982,0.986491,112,25*3*3,96*4*2
134,2512,2169,0,0,0.978105,0.989053,120,25*6*2,96*6*2
135,5012,4339,0,0,0.9,0.95,145,25*6*4,96*12*2
136,5012,4339,1,0,0.9,0.95,145,25*6*4,96*12*2
137,19953,6508,0,0,0.420253,0.710126,160,25*6*9,96*12*3
138,3162,2169,0,0,0.9858,0.9929,130,25*2*7,96*6*2
139,6310,4339,0,0,0.938843,0.969422,156,25*6*5,96*12*2
140,19953,6508,0,0,0.420253,0.710126,160,25*6*9,96*12*3
141,12589,6509,1,0,0.666081,0.833041,160,25*6*9,96*12*3
142,12589,6508,1,0,0.666081,0.833041,160,25*6*9,96*12*3
143,6310,4339,0,0,0.938843,0.969422,156,25*6*5,96*12*2
144,12589,6508,0,0,0.666081,0.833041,160,25*6*9,96*12*3
145,12589,6509,1,0,0.666081,0.833041,160,25*6*9,96*12*3
146,7943,6508,0,0,0.987738,0.993869,159,25*6*8,96*12*3
147,1995,1446,0,0,0.972982,0.986491,112,25*3*3,96*4*2
148,501,180,0,0,0.993413,0.996707,32,25*2*1,96*1*1
149,251,45,0,0,0.889641,0.944821,8,5*1*1,24*1*1
150,13,0,0,0,0,0,0,1*1*1,1*1*1
151,126,0,0,0,0,0,0,1*1*1,1*1*1
152,126,0,0,0,0,0,0,1*1*1,1*1*1
153,158,0,0,0,0,0,0,1*1*1,1*1*1
154,251,45,1,0,0.889641,0.944821,8,5*1*1,24*1*1
155,398,90,0,0,0.870603,0.935302,19,25*1*1,48*1*1
156,200,22,0,0,0.9905,0.99525,6,5*1*1,12*1*1
157,251,45,1,0,0.889641,0.944821,8,5*1*1,24*1*1
158,1000,361,0,0,0.9674,0.9837,64,25*2*2,48*2*2
159,1585,723,0,0,0.877539,0.93877,94,25*6*1,96*2*2
160,1995,1446,0,0,0.972982,0.986491,112,25*3*3,96*4*2
161,3981,3255,1,0,0.925772,0.962886,142,25*6*3,96*6*3
162,5012,4339,0,0,0.9,0.95,145,25*6*4,96*12*2
163,6310,4339,0,0,0.938843,0.969422,156,25*6*5,96*12*2
164,3981,3254,0,0,0.925772,0.962886,142,25*6*3,96*6*3
165,1585,723,0,0,0.877539,0.93877,94,25*6*1,96*2*2
166,1995,1446,0,0,0.972982,0.986491,112,25*3*3,96*4*2
167,631,180,0,0,0.997306,0.998653,40,25*3*1,96*1*1
168,1585,724,1,0,0.877539,0.93877,94,25*6*1,96*2*2
169,100,0,0,0,0,0,0,1*1*1,1*1*1
170,63,0,0,0,0,0,0,1*1*1,1*1*1
171,794,181,1,0,0.908942,0.954471,50,25*3*1,96*1*1
172,32,0,0,0,0,0,0,1*1*1,1*1*1
173,32,0,0,0,0,0,0,1*1*1,1*1*1
174,200,22,0,0,0.9905,0.99525,6,5*1*1,12*1*1
175,40,0,0,0,0,0,0,1*1*1,1*1*1
176,158,0,0,0,0,0,0,1*1*1,1*1*1
177,158,0,0,0,0,0,0,1*1*1,1*1*1
178,316,90,0,0,0.999051,0.999525,16,25*1*1,48*1*1
179,316,90,1,0,0.999051,0.999525,16,25*1*1,48*1*1
180,251,45,0,0,0.889641,0.944821,8,5*1*1,24*1*1
181,100,0,0,0,0,0,0,1*1*1,1*1*1
182,251,45,1,0,0.889641,0.944821,8,5*1*1,24*1*1
183,794,180,0,0,0.908942,0.954471,50,25*3*1,96*1*1
184,3162,2169,0,0,0.9858,0.9929,130,25*2*7,96*6*2
185,5012,4339,0,0,0.9,0.95,145,25*6*4,96*12*2
186,5012,4339,1,0,0.9,0.95,145,25*6*4,96*12*2
187,1259,361,0,0,0.998014,0.999007,80,25*6*1,48*2*2
188,15849,6508,0,0,0.529074,0.764537,160,25*6*9,96*12*3
189,1995,1446,0,0,0.972982,0.986491,112,25*3*3,96*4*2
190,19953,6508,0,0,0.420253,0.710126,160,25*6*9,96*12*3
191,2512,2169,0,0,0.978105,0.989053,120,25*6*2,96*6*2
192,2512,2170,1,0,0.978105,0.989053,120,25*6*2,96*6*2
193,3162,2169,0,0,0.9858,0.9929,130,25*2*7,96*6*2
194,3981,3254,0,0,0.925772,0.962886,142,25*6*3,96*6*3
195,3162,2169,0,0,0.9858,0.9929,130,25*2*7,96*6*2
196,3162,2170,1,0,0.9858,0.9929,130,25*2*7,96*6*2
197,1995,1446,0,0,0.972982,0.986491,112,25*3*3,96*4*2
198,3981,3255,1,0,0.925772,0.962886,142,25*6*3,96*6*3
199,3981,3255,1,0,0.925772,0.962886,142,25*6*3,96*6*3
200,3162,2169,0,0,0.9858,0.9929,130,25*2*7,96*6*2
201,2512,2169,0,0,0.978105,0.989053,120,25*6*2,96*6*2
202,5012,4339,0,0,0.9,0.95,145,25*6*4,96*12*2
203,3981,3254,0,0,0.925772,0.962886,142,25*6*3,96*6*3
204,3981,3255,1,0,0.925772,0.962886,142,25*6*3,96*6*3
205,2512,2169,0,0,0.978105,0.989053,120,25*6*2,96*6*2
206,1995,1446,0,0,0.972982,0.986491,112,25*3*3,96*4*2
207,3162,2169,0,0,0.9858,0.9929,130,25*2*7,96*6*2
208,3981,3254,0,0,0.925772,0.962886,142,25*6*3,96*6*3
209,3981,3255,1,0,0.925772,0.962886,142,25*6*3,96*6*3
210,2512,2169,0,0,0.978105,0.989053,120,25*6*2,96*6*2
211,3981,3254,0,0,0.925772,0.962886,142,25*6*3,96*6*3
212,6310,4339,0,0,0.938843,0.969422,156,25*6*5,96*12*2
213,5012,4339,0,0,0.9,0.95,145,25*6*4,96*12*2
214,5012,4339,1,0,0.9,0.95,145,25*6*4,96*12*2
215,2512,2169,0,0,0.978105,0.989053,120,25*6*2,96*6*2
216,1585,723,0,0,0.877539,0.93877,94,25*6*1,96*2*2
217,316,90,1,0,0.999051,0.999525,16,25*1*1,48*1*1
218,1995,1446,0,0,0.972982,0.986491,112,25*3*3,96*4*2
219,158,0,0,0,0,0,0,1*1*1,1*1*1
220,50,0,0,0,0,0,0,1*1*1,1*1*1
221,40,0,0,0,0,0,0,1*1*1,1*1*1
222,158,0,0,0,0,0,0,1*1*1,1*1*1
223,631,180,0,0,0.997306,0.998653,40,25*3*1,96*1*1
224,1259,362,1,0,0.998014,0.999007,80,25*6*1,48*2*2
225,631,181,1,0,0.997306,0.998653,40,25*3*1,96*1*1
226,1995,1446,0,0,0.972982,0.986491,112,25*3*3,96*4*2
227,1259,361,0,0,0.998014,0.999007,80,25*6*1,48*2*2
228,1000,361,0,0,0.9674,0.9837,64,25*2*2,48*2*2
229,200,22,0,0,0.9905,0.99525,6,5*1*1,12*1*1
230,398,90,0,0,0.870603,0.935302,19,25*1*1,48*1*1
231,794,181,1,0,0.908942,0.954471,50,25*3*1,96*1*1
232,126,0,0,0,0,0,0,1*1*1,1*1*1
233,501,181,1,0,0.993413,0.996707,32,25*2*1,96*1*1
234,63,0,0,0,0,0,0,1*1*1,1*1*1
235,316,90,1,0,0.999051,0.999525,16,25*1*1,48*1*1
236,32,0,0,0,0,0,0,1*1*1,1*1*1
237,25,0,0,0,0,0,0,1*1*1,1*1*1
238,32,0,0,0,0,0,0,1*1*1,1*1*1
239,40,0,0,0,0,0,0,1*1*1,1*1*1
240,50,0,0,0,0,0,0,1*1*1,1*1*1
241,40,0,0,0,0,0,0,1*1*1,1*1*1
242,79,0,0,0,0,0,0,1*1*1,1*1*1
243,100,0,0,0,0,0,0,1*1*1,1*1*1
244,1000,361,0,0,0.9674,0.9837,64,25*2*2,48*2*2
245,501,180,0,0,0.993413,0.996707,32,25*2*1,96*1*1
246,158,0,0,0,0,0,0,1*1*1,1*1*1
247,1000,361,0,0,0.9674,0.9837,64,25*2*2,48*2*2
248,2512,2170,1,0,0.978105,0.989053,120,25*6*2,96*6*2
249,1585,723,0,0,0.877539,0.93877,94,25*6*1,96*2*2
250,3162,2169,0,0,0.9858,0.9929,130,25*2*7,96*6*2
251,15849,6508,0,0,0.529074,0.764537,160,25*6*9,96*12*3
252,19953,6509,1,0,0.420253,0.710126,160,25*6*9,96*12*3
253,15849,6508,1,0,0.529074,0.764537,160,25*6*9,96*12*3
254,15849,6509,1,0,0.529074,0.764537,160,25*6*9,96*12*3
255,19953,6509,1,0,0.420253,0.710126,160,25*6*9,96*12*3
256,12589,6508,1,0,0.666081,0.833041,160,25*6*9,96*12*3
257,15849,6509,1,0,0.529074,0.764537,160,25*6*9,96*12*3
258,25119,6509,1,0,0.333823,0.666912,160,25*6*9,96*12*3
259,19953,6508,1,0,0.420253,0.710126,160,25*6*9,96*12*3
260,15849,6509,1,0,0.529074,0.764537,160,25*6*9,96*12*3
261,15849,6508,1,0,0.529074,0.764537,160,25*6*9,96*12*3
262,15849,6509,1,0,0.529074,0.764537,160,25*6*9,96*12*3
263,19953,6509,1,0,0.420253,0.710126,160,25*6*9,96*12*3
264,10000,6508,1,0,0.83853,0.919265,160,25*6*9,96*12*3
265,19953,6509,1,0,0.420253,0.710126,160,25*6*9,96*12*3
266,25119,6509,1,0,0.333823,0.666912,160,25*6*9,96*12*3
267,15849,6508,1,0,0.529074,0.764537,160,25*6*9,96*12*3
268,12589,6509,1,0,0.666081,0.833041,160,25*6*9,96*12*3
269,15849,6508,1,0,0.529074,0.764537,160,25*6*9,96*12*3
270,25119,6509,1,0,0.333823,0.666912,160,25*6*9,96*12*3
271,19953,6509,1,0,0.420253,0.710126,160,25*6*9,96*12*3
272,25119,6508,1,0,0.333823,0.666912,160,25*6*9,96*12*3
273,12589,6509,1,0,0.666081,0.833041,160,25*6*9,96*12*3
274,12589,6509,1,0,0.666081,0.833041,160,25*6*9,96*12*3
275,12589,6508,1,0,0.666081,0.833041,160,25*6*9,96*12*3
276,15849,6509,1,0,0.529074,0.764537,160,25*6*9,96*12*3
277,12589,6509,1,0,0.666081,0.833041,160,25*6*9,96*12*3
278,12589,6508,1,0,0.666081,0.833041,160,25*6*9,96*12*3
279,15849,6509,1,0,0.529074,0.764537,160,25*6*9,96*12*3
280,12589,6508,1,0,0.666081,0.833041,160,25*6*9,96*12*3
281,10000,6509,1,0,0.83853,0.919265,160,25*6*9,96*12*3
282,12589,6509,1,0,0.666081,0.833041,160,25*6*9,96*12*3
283,15849,6508,1,0,0.529074,0.764537,160,25*6*9,96*12*3
284,15849,6509,1,0,0.529074,0.764537,160,25*6*9,96*12*3
285,5012,4339,0,0,0.9,0.95,145,25*6*4,96*12*2
286,15849,6508,0,0,0.529074,0.764537,160,25*6*9,96*12*3
287,3981,3254,0,0,0.925772,0.962886,142,25*6*3,96*6*3
288,100,0,0,0,0,0,0,1*1*1,1*1*1
289,100,0,0,0,0,0,0,1*1*1,1*1*1
290,251,45,0,0,0.889641,0.944821,8,5*1*1,24*1*1
291,251,45,1,0,0.889641,0.944821,8,5*1*1,24*1*1
292,200,23,1,0,0.9905,0.99525,6,5*1*1,12*1*1
293,316,90,0,0,0.999051,0.999525,16,25*1*1,48*1*1
294,1995,1446,0,0,0.972982,0.986491,112,25*3*3,96*4*2
295,794,180,0,0,0.908942,0.954471,50,25*3*1,96*1*1
296,10000,6508,0,0,0.83853,0.919265,160,25*6*9,96*12*3
297,1585,723,0,0,0.877539,0.93877,94,25*6*1,96*2*2
298,19953,6508,0,0,0.420253,0.710126,160,25*6*9,96*12*3
299,19953,6509,1,0,0.420253,0.710126,160,25*6*9,96*12*3
300,12589,6508,1,0,0.666081,0.833041,160,25*6*9,96*12*3
301,2044.85,1446,0,0,0.949263,0.974631,112,25*3*3,96*4*2
302,7447.83,6508,0,0,0.980943,0.990472,158,25*6*7,96*12*3
303,16229.5,6508,0,0,0.51667,0.758335,160,25*6*9,96*12*3
304,16031,6509,1,0,0.523068,0.761534,160,25*6*9,96*12*3
305,19606.3,6508,1,0,0.427684,0.713842,160,25*6*9,96*12*3
306,11840.3,6509,1,0,0.7082,0.8541,160,25*6*9,96*12*3
307,1585.21,723,0,0,0.877423,0.938712,94,25*6*1,96*2*2
308,812.947,181,1,0,0.887758,0.943879,50,25*3*1,96*1*1
309,406.541,90,1,0,0.852313,0.926156,19,25*1*1,48*1*1
310,0,0,0,0,0,0,0,1*1*1,1*1*1
311,1090.61,362,1,0,0.995498,0.997749,65,25*6*1,48*2*2
312,0,0,0,0,0,0,0,1*1*1,1*1*1
313,23.8508,0,0,0,0,0,0,1*1*1,1*1*1
314,0,0,0,0,0,0,0,1*1*1,1*1*1
315,100.082,0,0,0,0,0,0,1*1*1,1*1*1
316,0,0,0,0,0,0,0,1*1*1,1*1*1
317,963.866,361,0,0,0.992047,0.996023,63,25*2*2,48*2*2
318,972.651,362,1,0,0.994601,0.997301,64,25*2*2,48*2*2
319,1043.4,362,1,0,0.927161,0.963581,64,25*2*2,48*2*2
320,110.425,0,0,0,0,0,0,1*1*1,1*1*1
321,108.095,0,0,0,0,0,0,1*1*1,1*1*1
322,653.238,180,0,0,0.989073,0.994536,44,25*3*1,96*1*1
323,0,0,0,0,0,0,0,1*1*1,1*1*1
324,735.417,181,1,0,0.981348,0.990674,50,25*3*1,96*1*1
325,0,0,0,0,0,0,0,1*1*1,1*1*1
326,463.023,91,1,0,0.999302,0.999651,22,25*2*1,48*1*1
327,184.966,7,0,0,0.934766,0.967383,3,1*1*1,4*1*1
328,0,0,0,0,0,0,0,1*1*1,1*1*1
329,0,0,0,0,0,0,0,1*1*1,1*1*1
330,188.049,11,0,0,0.986445,0.993223,4,5*1*1,6*1*1
331,347.586,90,0,0,0.996876,0.998438,19,25*1*1,48*1*1
332,0,0,0,0,0,0,0,1*1*1,1*1*1
333,232.819,45,0,0,0.959114,0.979557,8,5*1*1,24*1*1
334,0,0,0,0,0,0,0,1*1*1,1*1*1
335,0,0,0,0,0,0,0,1*1*1,1*1*1
336,373.985,90,0,0,0.926508,0.963254,19,25*1*1,48*1*1
337,0,0,0,0,0,0,0,1*1*1,1*1*1
338,0,0,0,0,0,0,0,1*1*1,1*1*1
339,0,0,0,0,0,0,0,1*1*1,1*1*1
340,246.768,45,0,0,0.904899,0.952449,8,5*1*1,24*1*1
341,70.5241,0,0,0,0,0,0,1*1*1,1*1*1
342,104.083,0,0,0,0,0,0,1*1*1,1*1*1
343,65.7229,0,0,0,0,0,0,1*1*1,1*1*1
344,0,0,0,0,0,0,0,1*1*1,1*1*1
345,24.8078,0,0,0,0,0,0,1*1*1,1*1*1
346,38.2118,0,0,0,0,0,0,1*1*1,1*1*1
347,0,0,0,0,0,0,0,1*1*1,1*1*1
348,0,0,0,0,0,0,0,1*1*1,1*1*1
349,0,0,0,0,0,0,0,1*1*1,1*1*1
350,1233.26,361,0,0,0.99614,0.99807,78,25*6*1,48*2*2
351,1162.73,362,1,0,0.99877,0.999385,70,25*6*1,48*2*2
352,175.803,7,0,0,0.983487,0.991744,3,1*1*1,4*1*1
353,0,0,0,0,0,0,0,1*1*1,1*1*1
354,0,0,0,0,0,0,0,1*1*1,1*1*1
355,745.338,180,0,0,0.968286,0.984143,50,25*3*1,96*1*1
356,0,0,0,0,0,0,0,1*1*1,1*1*1
357,0,0,0,0,0,0,0,1*1*1,1*1*1
358,733.242,181,1,0,0.984259,0.992129,50,25*3*1,96*1*1
359,813.3,181,1,0,0.887372,0.943686,50,25*3*1,96*1*1
360,2942.07,2169,0,0,0.876526,0.938263,125,25*6*2,96*6*2
361,5289.4,4339,0,0,0.8528,0.9264,145,25*6*4,96*12*2
362,15882.5,6508,0,0,0.527958,0.763979,160,25*6*9,96*12*3
363,6489.78,4339,0,0,0.912835,0.956418,156,25*6*5,96*12*2
364,15244.4,6508,0,0,0.550058,0.775029,160,25*6*9,96*12*3
365,520.352,180,0,0,0.977992,0.988996,33,25*2*1,96*1*1
366,9757.18,6508,0,0,0.859398,0.929699,160,25*6*9,96*12*3
367,7782.69,6508,0,0,0.938737,0.969369,158,25*6*7,96*12*3
368,2152.78,1446,0,0,0.998569,0.999285,113,25*2*5,96*4*2
369,15285.5,6508,0,0,0.548579,0.774289,160,25*6*9,96*12*3
370,2298.73,1446,0,0,0.98115,0.990575,117,25*6*2,96*4*2
371,19898.9,6508,0,0,0.421395,0.710698,160,25*6*9,96*12*3
372,13455.6,6509,1,0,0.623183,0.811591,160,25*6*9,96*12*3
373,3773.72,3254,0,0,0.976623,0.988311,142,25*6*3,96*6*3
374,3567.45,2170,1,0,0.948324,0.974162,132,25*6*3,96*6*2
375,3569.43,2170,1,0,0.947798,0.973899,132,25*6*3,96*6*2
376,2094.36,1447,1,0,0.926823,0.963411,112,25*3*3,96*4*2
377,3244.73,2169,0,0,0.960665,0.980333,130,25*2*7,96*6*2
378,970.046,361,0,0,0.997272,0.998636,64,25*2*2,48*2*2
379,606.424,180,0,0,0.977699,0.988849,34,25*3*1,96*1*1
380,1644.75,724,1,0,0.84566,0.92283,94,25*6*1,96*2*2
381,3080.19,2169,0,0,0.99562,0.99781,128,25*2*7,96*6*2
382,2843.89,2169,0,0,0.906786,0.953393,125,25*6*2,96*6*2
383,3857.48,3254,0,0,0.955416,0.977708,142,25*6*3,96*6*3
384,14006.3,6508,0,0,0.598681,0.79934,160,25*6*9,96*12*3
385,763.655,180,0,0,0.94506,0.97253,50,25*3*1,96*1*1
386,2161.55,1446,0,0,0.994518,0.997259,113,25*2*5,96*4*2
387,1655.09,723,0,0,0.840377,0.920189,94,25*6*1,96*2*2
388,5958.59,4339,0,0,0.994212,0.997106,156,25*6*5,96*12*2
389,2606.48,2169,0,0,0.98938,0.99469,125,25*6*2,96*6*2
390,848.815,180,0,0,0.850244,0.925122,50,25*3*1,96*1*1
391,0,0,0,0,0,0,0,1*1*1,1*1*1
392,657.127,181,1,0,0.996002,0.998001,45,25*3*1,96*1*1
393,617.724,181,1,0,0.996076,0.998038,36,25*3*1,96*1*1
394,1445.57,723,1,0,0.962181,0.981091,94,25*6*1,96*2*2
395,1794.68,1085,0,0,0.991096,0.995548,96,25*3*3,96*3*2
396,579.103,180,0,0,0.878773,0.939386,33,25*2*1,96*1*1
397,331.65,91,1,0,0.99412,0.99706,18,25*1*1,48*1*1
398,2779.05,2169,0,0,0.927943,0.963972,125,25*6*2,96*6*2
399,2819.65,2170,1,0,0.914582,0.957291,125,25*6*2,96*6*2
400,1231.87,361,0,0,0.997264,0.998632,78,25*6*1,48*2*2
401,1126.27,362,1,0,0.981381,0.990691,68,25*6*1,48*2*2
402,3151.52,2169,0,0,0.989078,0.994539,130,25*2*7,96*6*2
403,3593.87,2169,0,0,0.999786,0.999893,137,25*6*3,96*6*2
404,3199.29,2169,0,0,0.97431,0.987155,130,25*2*7,96*6*2
405,16034.8,6508,0,0,0.522944,0.761472,160,25*6*9,96*12*3
406,15651.2,6509,1,0,0.535761,0.76788,160,25*6*9,96*12*3
407,20882.6,6508,1,0,0.401545,0.700772,160,25*6*9,96*12*3
408,4874.17,4339,0,0,0.92545,0.962725,145,25*6*4,96*12*2
409,4816.72,4339,1,0,0.936488,0.968244,145,25*6*4,96*12*2
410,15871.8,6508,0,0,0.528314,0.764157,160,25*6*9,96*12*3
411,6490.76,4339,0,0,0.912697,0.956349,156,25*6*5,96*12*2
412,6071.56,4339,1,0,0.975713,0.987856,156,25*6*5,96*12*2
413,6969.86,6508,0,0,0.97078,0.98539,157,25*6*6,96*12*3
414,14799.6,6508,0,0,0.56659,0.783295,160,25*6*9,96*12*3
415,15587.7,6509,1,0,0.537943,0.768972,160,25*6*9,96*12*3
416,11302.9,6508,1,0,0.741872,0.870936,160,25*6*9,96*12*3
417,8356.07,6508,0,0,0.93891,0.969455,159,25*6*8,96*12*3
418,14989.2,6508,0,0,0.559423,0.779711,160,25*6*9,96*12*3
419,7215.16,6508,0,0,0.937775,0.968888,157,25*6*6,96*12*3
420,12681.5,6508,0,0,0.661223,0.830612,160,25*6*9,96*12*3
421,7904.85,6508,0,0,0.992505,0.996252,159,25*6*8,96*12*3
422,8218.82,6509,1,0,0.95459,0.977295,159,25*6*8,96*12*3
423,6785.64,6508,0,0,0.997135,0.998568,157,25*6*6,96*12*3
424,8958.65,6508,0,0,0.936,0.968,160,25*6*9,96*12*3
425,8079.77,6508,0,0,0.971018,0.985509,159,25*6*8,96*12*3
426,10357.1,6508,0,0,0.809619,0.904809,160,25*6*9,96*12*3
427,7140.9,6508,0,0,0.947528,0.973764,157,25*6*6,96*12*3
428,8168.07,6508,0,0,0.960521,0.98026,159,25*6*8,96*12*3
429,5820.2,4339,0,0,0.991873,0.995937,154,25*6*5,96*12*2
430,6095.89,4339,1,0,0.971819,0.985909,156,25*6*5,96*12*2
431,2588.72,2169,0,0,0.996168,0.998084,125,25*6*2,96*6*2
432,719.874,180,0,0,0.959751,0.979876,49,25*3*1,96*1*1
433,2220.3,1446,0,0,0.993109,0.996555,116,25*6*2,96*4*2
434,2488.53,2170,1,0,0.98733,0.993665,120,25*6*2,96*6*2
435,5105.92,4339,0,0,0.883445,0.941723,145,25*6*4,96*12*2
436,5092.5,4339,1,0,0.885773,0.942887,145,25*6*4,96*12*2
437,19461.8,6508,0,0,0.430859,0.71543,160,25*6*9,96*12*3
438,3547.38,2169,0,0,0.95369,0.976845,132,25*6*3,96*6*2
439,5710.76,4339,0,0,0.997643,0.998822,152,25*6*5,96*12*2
440,19978.5,6508,0,0,0.419716,0.709858,160,25*6*9,96*12*3
441,12516,6509,1,0,0.669966,0.834983,160,25*6*9,96*12*3
442,13833.3,6508,1,0,0.606168,0.803084,160,25*6*9,96*12*3
443,6493.1,4339,0,0,0.912369,0.956184,156,25*6*5,96*12*2
444,12746.5,6508,0,0,0.657851,0.828926,160,25*6*9,96*12*3
445,12118,6509,1,0,0.691971,0.845985,160,25*6*9,96*12*3
446,7530.64,6508,0,0,0.970157,0.985078,158,25*6*7,96*12*3
447,1941.34,1446,0,0,0.999876,0.999938,112,25*3*3,96*4*2
448,1030.02,361,0,0,0.939205,0.969603,64,25*2*2,48*2*2
449,0,0,0,0,0,0,0,1*1*1,1*1*1
450,0,0,0,0,0,0,0,1*1*1,1*1*1
451,0,0,0,0,0,0,0,1*1*1,1*1*1
452,819.263,180,0,0,0.880914,0.940457,50,25*3*1,96*1*1
453,111.896,0,0,0,0,0,0,1*1*1,1*1*1
454,879.064,180,0,0,0.995377,0.997688,51,25*2*2,96*1*1
455,863.991,180,0,0,0.83531,0.917655,50,25*3*1,96*1*1
456,403.186,91,1,0,0.859405,0.929702,19,25*1*1,48*1*1
457,0,0,0,0,0,0,0,1*1*1,1*1*1
458,717.659,181,1,0,0.962713,0.981357,49,25*3*1,96*1*1
459,1193.27,361,1,0,0.987287,0.993644,71,25*6*1,48*2*2
460,2375.02,1446,0,0,0.992076,0.996038,118,25*6*2,96*4*2
461,4532.79,4339,0,0,0.995149,0.997574,145,25*6*4,96*12*2
462,5264.37,4339,1,0,0.856855,0.928427,145,25*6*4,96*12*2
463,7623.02,6508,0,0,0.9584,0.9792,158,25*6*7,96*12*3
464,4279.81,3255,1,0,0.986749,0.993375,144,25*3*7,96*6*3
465,1883.51,1085,0,0,0.998986,0.999493,104,25*3*3,96*3*2
466,1952.12,1446,1,0,0.994355,0.997177,112,25*3*3,96*4*2
467,237.952,45,0,0,0.938425,0.969212,8,5*1*1,24*1*1
468,2153.32,1446,0,0,0.998319,0.999159,113,25*2*5,96*4*2
469,0,0,0,0,0,0,0,1*1*1,1*1*1
470,753,180,0,0,0.958433,0.979216,50,25*3*1,96*1*1
471,1403.91,724,1,0,0.990733,0.995367,94,25*6*1,96*2*2
472,372.158,90,1,0,0.931056,0.965528,19,25*1*1,48*1*1
473,0,0,0,0,0,0,0,1*1*1,1*1*1
474,0,0,0,0,0,0,0,1*1*1,1*1*1
475,993.313,361,0,0,0.973913,0.986956,64,25*2*2,48*2*2
476,0,0,0,0,0,0,0,1*1*1,1*1*1
477,261.629,45,0,0,0.853499,0.926749,8,5*1*1,24*1*1
478,0,0,0,0,0,0,0,1*1*1,1*1*1
479,113.347,0,0,0,0,0,0,1*1*1,1*1*1
480,0,0,0,0,0,0,0,1*1*1,1*1*1
481,0,0,0,0,0,0,0,1*1*1,1*1*1
482,0,0,0,0,0,0,0,1*1*1,1*1*1
483,141.167,0,0,0,0,0,0,1*1*1,1*1*1
484,3623.2,2169,0,0,0.998648,0.999324,139,25*6*3,96*6*2
485,5046.18,4339,0,0,0.893904,0.946952,145,25*6*4,96*12*2
486,4281.59,3254,0,0,0.986339,0.99317,144,25*3*7,96*6*3
487,2147.37,1446,0,0,0.903943,0.951971,112,25*3*3,96*4*2
488,16772.1,6508,0,0,0.499955,0.749978,160,25*6*9,96*12*3
489,1965.63,1446,0,0,0.987521,0.99376,112,25*3*3,96*4*2
490,20052.9,6508,0,0,0.418159,0.709079,160,25*6*9,96*12*3
491,2192.39,1446,0,0,0.998089,0.999044,115,25*6*2,96*4*2
492,2152.36,1446,0,0,0.998764,0.999382,113,25*2*5,96*4*2
493,3857.02,3254,0,0,0.95553,0.977765,142,25*6*3,96*6*3
494,3786.31,3255,1,0,0.973375,0.986688,142,25*6*3,96*6*3
495,3080.01,2169,0,0,0.995679,0.997839,128,25*2*7,96*6*2
496,2977.2,2169,0,0,0.866183,0.933091,125,25*6*2,96*6*2
497,1479.29,723,0,0,0.940248,0.970124,94,25*6*1,96*2*2
498,3155,2169,0,0,0.987987,0.993994,130,25*2*7,96*6*2
499,3516.86,2169,0,0,0.961966,0.980983,132,25*6*3,96*6*2
500,3120.8,2169,0,0,0.998814,0.999407,130,25*2*7,96*6*2
501,2223.46,1446,0,0,0.991698,0.995849,116,25*6*2,96*4*2
502,5856.81,4339,0,0,0.994278,0.997139,155,25*6*5,96*12*2
503,4095.87,3254,0,0,0.899809,0.949904,142,25*6*3,96*6*3
504,3793.35,3255,1,0,0.971569,0.985784,142,25*6*3,96*6*3
505,2562.19,2169,0,0,0.999106,0.999553,123,25*6*2,96*6*2
506,1155.36,361,0,0,0.976059,0.98803,69,25*6*1,48*2*2
507,3328.22,2169,0,0,0.986203,0.993101,131,25*6*3,96*6*2
508,3543.28,2170,1,0,0.954793,0.977397,132,25*6*3,96*6*2
509,3289.89,2170,1,0,0.997693,0.998846,131,25*6*3,96*6*2
510,1890.51,1085,1,0,0.998619,0.99931,105,25*3*3,96*3*2
511,3972.31,3255,1,0,0.927798,0.963899,142,25*6*3,96*6*3
512,7247.81,6508,0,0,0.933551,0.966775,157,25*6*6,96*12*3
513,4096.66,3254,0,0,0.899635,0.949818,142,25*6*3,96*6*3
514,5081.82,4339,0,0,0.887635,0.943817,145,25*6*4,96*12*2
515,2647.21,2169,0,0,0.974158,0.987079,125,25*6*2,96*6*2
516,1557.41,723,0,0,0.893085,0.946543,94,25*6*1,96*2*2
517,1009.16,361,0,0,0.958619,0.97931,64,25*2*2,48*2*2
518,2412.77,1447,1,0,0.976554,0.988277,118,25*6*2,96*4*2
519,93.3607,0,0,0,0,0,0,1*1*1,1*1*1
520,0,0,0,0,0,0,0,1*1*1,1*1*1
521,507.135,180,0,0,0.981395,0.990698,32,25*2*1,96*1*1
522,802.016,181,1,0,0.899857,0.949929,50,25*3*1,96*1*1
523,275.591,45,0,0,0.810259,0.905129,8,5*1*1,24*1*1
524,545.093,180,0,0,0.933602,0.966801,33,25*2*1,96*1*1
525,485.447,91,1,0,0.996401,0.998201,29,25*2*1,48*1*1
526,2505.42,2169,0,0,0.980674,0.990337,120,25*6*2,96*6*2
527,1150.4,361,0,0,0.980268,0.990134,69,25*6*1,48*2*2
528,1817.18,1085,0,0,0.978824,0.989412,96,25*3*3,96*3*2
529,623.922,180,0,0,0.998522,0.999261,37,25*3*1,96*1*1
530,745.277,181,1,0,0.968365,0.984182,50,25*3*1,96*1*1
531,1031.43,361,0,0,0.937921,0.968961,64,25*2*2,48*2*2
532,0,0,0,0,0,0,0,1*1*1,1*1*1
533,0,0,0,0,0,0,0,1*1*1,1*1*1
534,845.54,180,0,0,0.853537,0.926769,50,25*3*1,96*1*1
535,0,0,0,0,0,0,0,1*1*1,1*1*1
536,0,0,0,0,0,0,0,1*1*1,1*1*1
537,523.027,181,1,0,0.97299,0.986495,33,25*2*1,96*1*1
538,0,0,0,0,0,0,0,1*1*1,1*1*1
539,0,0,0,0,0,0,0,1*1*1,1*1*1
540,730.22,181,1,0,0.988332,0.994166,50,25*3*1,96*1*1
541,98.8366,0,0,0,0,0,0,1*1*1,1*1*1
542,454.655,90,1,0,0.977664,0.988832,20,25*2*1,48*1*1
543,0,0,0,0,0,0,0,1*1*1,1*1*1
544,992.296,361,0,0,0.974911,0.987455,64,25*2*2,48*2*2
545,561.466,180,0,0,0.906377,0.953189,33,25*2*1,96*1*1
546,147.639,0,0,0,0,0,0,1*1*1,1*1*1
547,721.382,181,1,0,0.957745,0.978872,49,25*3*1,96*1*1
548,2910.05,2169,0,0,0.88617,0.943085,125,25*6*2,96*6*2
549,2008.95,1446,0,0,0.966226,0.983113,112,25*3*3,96*4*2
550,3186.21,2169,0,0,0.97831,0.989155,130,25*2*7,96*6*2
551,14902.6,6508,0,0,0.562674,0.781337,160,25*6*9,96*12*3
552,18531.8,6509,1,0,0.452482,0.726241,160,25*6*9,96*12*3
553,15678,6508,1,0,0.534845,0.767423,160,25*6*9,96*12*3
554,15312.7,6509,1,0,0.547604,0.773802,160,25*6*9,96*12*3
555,19826,6509,1,0,0.422945,0.711472,160,25*6*9,96*12*3
556,12500.8,6508,1,0,0.670781,0.835391,160,25*6*9,96*12*3
557,16337.7,6509,1,0,0.513248,0.756624,160,25*6*9,96*12*3
558,25080.4,6509,1,0,0.334337,0.667168,160,25*6*9,96*12*3
559,19966.7,6508,1,0,0.419964,0.709982,160,25*6*9,96*12*3
560,16662.1,6509,1,0,0.503256,0.751628,160,25*6*9,96*12*3
561,15663.7,6508,1,0,0.535333,0.767667,160,25*6*9,96*12*3
562,15278.8,6509,1,0,0.548819,0.77441,160,25*6*9,96*12*3
563,20124.2,6509,1,0,0.416677,0.708339,160,25*6*9,96*12*3
564,9717.11,6508,1,0,0.862942,0.931471,160,25*6*9,96*12*3
565,20155.7,6509,1,0,0.416026,0.708013,160,25*6*9,96*12*3
566,25827.8,6509,1,0,0.324662,0.662331,160,25*6*9,96*12*3
567,15207.9,6508,1,0,0.551378,0.775689,160,25*6*9,96*12*3
568,12499.1,6509,1,0,0.670872,0.835436,160,25*6*9,96*12*3
569,16245.6,6508,1,0,0.516158,0.758079,160,25*6*9,96*12*3
570,25467.4,6509,1,0,0.329256,0.664628,160,25*6*9,96*12*3
571,20024.9,6509,1,0,0.418744,0.709372,160,25*6*9,96*12*3
572,24906.2,6508,1,0,0.336675,0.668338,160,25*6*9,96*12*3
573,11491.1,6509,1,0,0.729721,0.864861,160,25*6*9,96*12*3
574,12659.2,6509,1,0,0.662388,0.831194,160,25*6*9,96*12*3
575,11882.2,6508,1,0,0.705703,0.852851,160,25*6*9,96*12*3
576,16406.9,6509,1,0,0.511084,0.755542,160,25*6*9,96*12*3
577,12472.9,6509,1,0,0.672282,0.836141,160,25*6*9,96*12*3
578,12402.6,6508,1,0,0.676092,0.838046,160,25*6*9,96*12*3
579,15424,6509,1,0,0.543653,0.771826,160,25*6*9,96*12*3
580,12475.8,6508,1,0,0.672125,0.836063,160,25*6*9,96*12*3
581,10703.1,6509,1,0,0.783446,0.891723,160,25*6*9,96*12*3
582,12637.8,6509,1,0,0.663509,0.831755,160,25*6*9,96*12*3
583,14624.2,6508,1,0,0.573385,0.786693,160,25*6*9,96*12*3
584,15685.5,6509,1,0,0.534589,0.767295,160,25*6*9,96*12*3
585,5974.52,4339,0,0,0.991561,0.99578,156,25*6*5,96*12*2
586,15542.2,6508,0,0,0.539518,0.769759,160,25*6*9,96*12*3
587,3401.88,2169,0,0,0.99448,0.99724,132,25*6*3,96*6*2
588,980.995,361,0,0,0.986142,0.993071,64,25*2*2,48*2*2
589,1065.25,362,1,0,0.908144,0.954072,64,25*2*2,48*2*2
590,0,0,0,0,0,0,0,1*1*1,1*1*1
591,188.671,11,0,0,0.983193,0.991596,4,5*1*1,6*1*1
592,1512.09,723,0,0,0.919853,0.959926,94,25*6*1,96*2*2
593,362.42,90,1,0,0.956073,0.978037,19,25*1*1,48*1*1
594,2963.62,2169,0,0,0.870152,0.935076,125,25*6*2,96*6*2
595,654.439,180,0,0,0.987258,0.993629,44,25*3*1,96*1*1
596,9451.85,6508,0,0,0.88716,0.94358,160,25*6*9,96*12*3
597,1692,723,0,0,0.822045,0.911022,94,25*6*1,96*2*2
598,19757.8,6508,0,0,0.424405,0.712202,160,25*6*9,96*12*3
599,20075.5,6509,1,0,0.417688,0.708844,160,25*6*9,96*12*3
600,13675.4,6508,1,0,0.613167,0.806583,160,25*6*9,96*12*3
601,1730.13,723,0,0,0.803928,0.901964,94,25*6*1,96*2*2
602,7966.08,6508,0,0,0.984876,0.992438,159,25*6*8,96*12*3
603,15825.7,6508,0,0,0.529853,0.764927,160,25*6*9,96*12*3
604,15897.7,6509,1,0,0.527454,0.763727,160,25*6*9,96*12*3
605,19911.7,6508,1,0,0.421124,0.710562,160,25*6*9,96*12*3
606,12652.9,6509,1,0,0.662718,0.831359,160,25*6*9,96*12*3
607,1601.94,723,0,0,0.86826,0.93413,94,25*6*1,96*2*2
608,94.5331,0,0,0,0,0,0,1*1*1,1*1*1
609,0,0,0,0,0,0,0,1*1*1,1*1*1
610,0,0,0,0,0,0,0,1*1*1,1*1*1
611,1455.12,723,1,0,0.955866,0.977933,94,25*6*1,96*2*2
612,284.364,60,1,0,0.992038,0.996019,9,25*1*1,32*1*1
613,0.402026,0,0,0,0,0,0,1*1*1,1*1*1
614,182.042,7,0,0,0.949781,0.97489,3,1*1*1,4*1*1
615,0,0,0,0,0,0,0,1*1*1,1*1*1
616,0,0,0,0,0,0,0,1*1*1,1*1*1
617,964.654,361,0,0,0.991236,0.995618,63,25*2*2,48*2*2
618,1602.58,723,0,0,0.867913,0.933956,94,25*6*1,96*2*2
619,1240.22,362,1,0,0.999581,0.99979,79,25*6*1,48*2*2
620,197.512,15,0,0,0.960448,0.980224,5,5*1*1,8*1*1
621,150.032,0,0,0,0,0,0,1*1*1,1*1*1
622,358.37,90,0,0,0.966878,0.983439,19,25*1*1,48*1*1
623,0,0,0,0,0,0,0,1*1*1,1*1*1
624,244.596,45,0,0,0.912934,0.956467,8,5*1*1,24*1*1
625,0,0,0,0,0,0,0,1*1*1,1*1*1
626,0,0,0,0,0,0,0,1*1*1,1*1*1
627,0,0,0,0,0,0,0,1*1*1,1*1*1
628,168.898,3,0,0,0.998828,0.999414,1,1*1*1,2*1*1
629,76.5802,1,1,0,0,0,0,1*1*1,1*1*1
630,0,0,0,0,0,0,0,1*1*1,1*1*1
631,148.98,1,1,0,0,0,0,1*1*1,1*1*1
632,108.68,1,1,0,0,0,0,1*1*1,1*1*1
633,19.0098,0,0,0,0,0,0,1*1*1,1*1*1
634,43.5193,1,1,0,0,0,0,1*1*1,1*1*1
635,0,0,0,0,0,0,0,1*1*1,1*1*1
636,73.7673,1,1,0,0,0,0,1*1*1,1*1*1
637,116.811,1,1,0,0,0,0,1*1*1,1*1*1
638,199.403,22,0,0,0.993465,0.996733,6,5*1*1,12*1*1
639,176.24,7,0,0,0.981049,0.990524,3,1*1*1,4*1*1
640,60.9284,1,1,0,0,0,0,1*1*1,1*1*1
641,169.895,4,1,0,0.992966,0.996483,1,1*1*1,2*1*1
642,29.8969,0,0,0,0,0,0,1*1*1,1*1*1
643,93.2587,1,1,0,0,0,0,1*1*1,1*1*1
644,118.256,1,1,0,0,0,0,1*1*1,1*1*1
645,1.29984,0,0,0,0,0,0,1*1*1,1*1*1
646,113.373,1,1,0,0,0,0,1*1*1,1*1*1
647,208.895,30,0,0,0.988535,0.994267,7,5*1*1,16*1*1
648,0,0,0,0,0,0,0,1*1*1,1*1*1
649,226.01,45,1,0,0.988009,0.994005,8,5*1*1,24*1*1
650,235.647,45,1,0,0.947604,0.973802,8,5*1*1,24*1*1
651,79.5698,0,0,0,0,0,0,1*1*1,1*1*1
652,249.776,45,1,0,0.894001,0.947001,8,5*1*1,24*1*1
653,60.4658,0,0,0,0,0,0,1*1*1,1*1*1
654,28.3402,0,0,0,0,0,0,1*1*1,1*1*1
655,173.473,7,0,0,0.996697,0.998348,3,1*1*1,4*1*1
656,158.42,1,1,0,0,0,0,1*1*1,1*1*1
657,0,0,0,0,0,0,0,1*1*1,1*1*1
658,330.18,90,0,0,0.998546,0.999273,18,25*1*1,48*1*1
659,1141.57,362,1,0,0.98785,0.993925,69,25*6*1,48*2*2
660,2981.89,2169,0,0,0.864821,0.93241,125,25*6*2,96*6*2
661,4985.45,4339,0,0,0.904793,0.952396,145,25*6*4,96*12*2
662,15888.1,6508,0,0,0.527772,0.763886,160,25*6*9,96*12*3
663,6252.5,4339,0,0,0.947477,0.973739,156,25*6*5,96*12*2
664,15789.3,6508,0,0,0.531075,0.765537,160,25*6*9,96*12*3
665,862.421,180,0,0,0.83683,0.918415,50,25*3*1,96*1*1
666,9816.08,6508,0,0,0.854241,0.927121,160,25*6*9,96*12*3
667,7903.1,6508,0,0,0.992724,0.996362,159,25*6*8,96*12*3
668,1482.76,723,0,0,0.938048,0.969024,94,25*6*1,96*2*2
669,15823.3,6508,0,0,0.529934,0.764967,160,25*6*9,96*12*3
670,2424.04,1627,0,0,0.996271,0.998135,119,25*6*2,96*3*3
671,20082.1,6508,0,0,0.417551,0.708775,160,25*6*9,96*12*3
672,12638.2,6509,1,0,0.663488,0.831744,160,25*6*9,96*12*3
673,3195.19,2169,0,0,0.97556,0.98778,130,25*2*7,96*6*2
674,3290.58,2169,0,0,0.997484,0.998742,131,25*6*3,96*6*2
675,3997.32,3255,1,0,0.921993,0.960996,142,25*6*3,96*6*3
676,2387.39,1446,0,0,0.986936,0.993468,118,25*6*2,96*4*2
677,3368.22,2169,0,0,0.974491,0.987245,131,25*6*3,96*6*2
678,1200.01,361,0,0,0.998075,0.999038,73,25*6*1,48*2*2
679,1046.65,361,0,0,0.924282,0.962141,64,25*2*2,48*2*2
680,1486.37,723,0,0,0.93577,0.967885,94,25*6*1,96*2*2
681,2434.63,1627,0,0,0.991937,0.995969,119,25*6*2,96*3*3
682,3314.32,2169,0,0,0.990339,0.995169,131,25*6*3,96*6*2
683,3937.85,3255,1,0,0.935917,0.967958,142,25*6*3,96*6*3
684,12419.9,6508,0,0,0.67515,0.837575,160,25*6*9,96*12*3
685,1176.33,361,0,0,0.987223,0.993611,70,25*6*1,48*2*2
686,1919.2,1085,0,0,0.996822,0.998411,108,25*3*3,96*3*2
687,2573.45,2169,0,0,0.997183,0.998591,124,25*6*2,96*6*2
688,6364.72,4339,0,0,0.930772,0.965386,156,25*6*5,96*12*2
689,2471.67,2169,0,0,0.994065,0.997032,120,25*6*2,96*6*2
690,1104.14,361,0,0,0.998515,0.999257,67,25*6*1,48*2*2
691,319.199,91,1,0,0.989038,0.994519,16,25*1*1,48*1*1
692,1037.42,361,0,0,0.932506,0.966253,64,25*2*2,48*2*2
693,547.898,180,0,0,0.928823,0.964411,33,25*2*1,96*1*1
694,1174.43,362,1,0,0.98882,0.99441,70,25*6*1,48*2*2
695,1262.27,362,1,0,0.995429,0.997714,80,25*6*1,48*2*2
696,674.577,181,1,0,0.995142,0.997571,47,25*3*1,96*1*1
697,330.972,90,1,0,0.996157,0.998078,18,25*1*1,48*1*1
698,2519.65,2169,0,0,0.975135,0.987568,120,25*6*2,96*6*2
699,2140.06,1446,0,0,0.907031,0.953515,112,25*3*3,96*4*2
700,2026.26,1447,1,0,0.957972,0.978986,112,25*3*3,96*4*2
701,2054.4,1447,1,0,0.94485,0.972425,112,25*3*3,96*4*2
702,3324.25,2169,1,0,0.987381,0.99369,131,25*6*3,96*6*2
703,3167.55,2169,0,0,0.984073,0.992036,130,25*2*7,96*6*2
704,2616.71,2169,0,0,0.985512,0.992756,125,25*6*2,96*6*2
705,15833.2,6508,0,0,0.529602,0.764801,160,25*6*9,96*12*3
706,15879.1,6509,1,0,0.528071,0.764036,160,25*6*9,96*12*3
707,20154.4,6508,1,0,0.416053,0.708027,160,25*6*9,96*12*3
708,5018.05,4339,0,0,0.898915,0.949457,145,25*6*4,96*12*2
709,5044.12,4339,1,0,0.894269,0.947134,145,25*6*4,96*12*2
710,15842.3,6508,0,0,0.529298,0.764649,160,25*6*9,96*12*3
711,6576.75,4339,0,0,0.900764,0.950382,156,25*6*5,96*12*2
712,6255.81,4339,1,0,0.946976,0.973488,156,25*6*5,96*12*2
713,6270.46,4340,1,0,0.944763,0.972382,156,25*6*5,96*12*2
714,15771.3,6508,0,0,0.531681,0.76584,160,25*6*9,96*12*3
715,15812.3,6509,1,0,0.530302,0.765151,160,25*6*9,96*12*3
716,9994.66,6508,1,0,0.838978,0.919489,160,25*6*9,96*12*3
717,8208.64,6508,0,0,0.955773,0.977887,159,25*6*8,96*12*3
718,16078.5,6508,0,0,0.521523,0.760761,160,25*6*9,96*12*3
719,8083.73,6508,0,0,0.970542,0.985271,159,25*6*8,96*12*3
720,12506.1,6508,0,0,0.670497,0.835248,160,25*6*9,96*12*3
721,7985.94,6508,0,0,0.982427,0.991213,159,25*6*8,96*12*3
722,8014.42,6509,1,0,0.978935,0.989468,159,25*6*8,96*12*3
723,8008.94,6508,1,0,0.979605,0.989803,159,25*6*8,96*12*3
724,7876.69,6509,1,0,0.996053,0.998026,159,25*6*8,96*12*3
725,8053.17,6509,1,0,0.974225,0.987113,159,25*6*8,96*12*3
726,9974.44,6508,0,0,0.840679,0.920339,160,25*6*9,96*12*3
727,6312.95,4339,0,0,0.938404,0.969202,156,25*6*5,96*12*2
728,7777.71,6508,0,0,0.939338,0.969669,158,25*6*7,96*12*3
729,6161.58,4339,0,0,0.961458,0.980729,156,25*6*5,96*12*2
730,5136.83,4339,0,0,0.878129,0.939065,145,25*6*4,96*12*2
731,2113.76,1446,0,0,0.918316,0.959158,112,25*3*3,96*4*2
732,1594.4,723,0,0,0.872366,0.936183,94,25*6*1,96*2*2
733,1864.1,1085,0,0,0.976718,0.988359,97,25*3*3,96*3*2
734,2516.39,2169,0,0,0.976399,0.988199,120,25*6*2,96*6*2
735,4923.73,4339,0,0,0.916135,0.958067,145,25*6*4,96*12*2
736,5058.23,4339,1,0,0.891774,0.945887,145,25*6*4,96*12*2
737,20170.1,6508,0,0,0.415729,0.707865,160,25*6*9,96*12*3
738,3072.11,2169,0,0,0.998239,0.999119,128,25*2*7,96*6*2
739,6290.58,4339,0,0,0.941741,0.970871,156,25*6*5,96*12*2
740,19905.8,6508,0,0,0.421249,0.710625,160,25*6*9,96*12*3
741,12458.8,6509,1,0,0.673042,0.836521,160,25*6*9,96*12*3
742,12699,6508,1,0,0.660312,0.830156,160,25*6*9,96*12*3
743,6385.66,4339,0,0,0.927719,0.96386,156,25*6*5,96*12*2
744,12653.9,6508,0,0,0.662665,0.831333,160,25*6*9,96*12*3
745,12466.8,6509,1,0,0.67261,0.836305,160,25*6*9,96*12*3
746,7966.91,6508,0,0,0.984773,0.992387,159,25*6*8,96*12*3
747,1872.64,1085,0,0,0.999178,0.999589,101,25*3*3,96*3*2
748,525.316,180,0,0,0.96875,0.984375,33,25*2*1,96*1*1
749,295.597,61,1,0,0.95434,0.97717,9,25*1*1,32*1*1
750,28.1773,0,0,0,0,0,0,1*1*1,1*1*1
751,94.7315,0,0,0,0,0,0,1*1*1,1*1*1
752,21.8409,0,0,0,0,0,0,1*1*1,1*1*1
753,154.618,0,0,0,0,0,0,1*1*1,1*1*1
754,390.051,90,1,0,0.888345,0.944173,19,25*1*1,48*1*1
755,467.502,90,1,0,0.998712,0.999356,24,25*2*1,48*1*1
756,195.26,15,0,0,0.971525,0.985763,5,5*1*1,8*1*1
757,359.103,90,0,0,0.964904,0.982452,19,25*1*1,48*1*1
758,707.896,181,1,0,0.975991,0.987995,49,25*3*1,96*1*1
759,1676.77,723,1,0,0.829512,0.914756,94,25*6*1,96*2*2
760,1966.02,1446,0,0,0.987325,0.993662,112,25*3*3,96*4*2
761,3914.92,3255,1,0,0.941399,0.970699,142,25*6*3,96*6*3
762,5062.74,4339,0,0,0.89098,0.94549,145,25*6*4,96*12*2
763,6270.93,4339,0,0,0.944692,0.972346,156,25*6*5,96*12*2
764,4052.3,3254,0,0,0.909484,0.954742,142,25*6*3,96*6*3
765,1476.35,723,0,0,0.942121,0.97106,94,25*6*1,96*2*2
766,2111.54,1446,0,0,0.919282,0.959641,112,25*3*3,96*4*2
767,888.873,180,0,0,0.984393,0.992196,51,25*2*2,96*1*1
768,1650.01,723,0,0,0.842965,0.921482,94,25*6*1,96*2*2
769,106.119,0,0,0,0,0,0,1*1*1,1*1*1
770,0,0,0,0,0,0,0,1*1*1,1*1*1
771,1030.25,361,0,0,0.938995,0.969498,64,25*2*2,48*2*2
772,0,0,0,0,0,0,0,1*1*1,1*1*1
773,0,0,0,0,0,0,0,1*1*1,1*1*1
774,164.472,0,0,0,0,0,0,1*1*1,1*1*1
775,0,0,0,0,0,0,0,1*1*1,1*1*1
776,0,0,0,0,0,0,0,1*1*1,1*1*1
777,0,0,0,0,0,0,0,1*1*1,1*1*1
778,460.927,90,0,0,0.999291,0.999645,21,25*2*1,48*1*1
779,145.717,0,0,0,0,0,0,1*1*1,1*1*1
780,194.733,15,0,0,0.974154,0.987077,5,5*1*1,8*1*1
781,33.4861,0,0,0,0,0,0,1*1*1,1*1*1
782,149.261,0,0,0,0,0,0,1*1*1,1*1*1
783,940.684,241,0,0,0.994914,0.997457,59,25*2*2,32*2*2
784,3200.52,2169,0,0,0.973935,0.986968,130,25*2*7,96*6*2
785,5010.15,4339,0,0,0.900332,0.950166,145,25*6*4,96*12*2
786,5012.04,4339,1,0,0.899993,0.949996,145,25*6*4,96*12*2
787,1217.72,361,0,0,0.997356,0.998678,76,25*6*1,48*2*2
788,15851.6,6508,0,0,0.528988,0.764494,160,25*6*9,96*12*3
789,1847.6,1085,0,0,0.985441,0.99272,97,25*3*3,96*3*2
790,19945.3,6508,0,0,0.420415,0.710207,160,25*6*9,96*12*3
791,2714.48,2169,0,0,0.950016,0.975008,125,25*6*2,96*6*2
792,2582.84,2170,1,0,0.998436,0.999218,125,25*6*2,96*6*2
793,3084.11,2169,0,0,0.999802,0.999901,129,25*2*7,96*6*2
794,4002.9,3254,0,0,0.920707,0.960354,142,25*6*3,96*6*3
795,3112.42,2169,0,0,0.990708,0.995354,129,25*2*7,96*6*2
796,3123.8,2170,1,0,0.997855,0.998928,130,25*2*7,96*6*2
797,1993.76,1446,0,0,0.973588,0.986794,112,25*3*3,96*4*2
798,4014.26,3255,1,0,0.918102,0.959051,142,25*6*3,96*6*3
799,4024.65,3255,1,0,0.915732,0.957866,142,25*6*3,96*6*3
800,3110.1,2169,0,0,0.991447,0.995724,129,25*2*7,96*6*2
801,2618.46,2169,0,0,0.984854,0.992427,125,25*6*2,96*6*2
802,5142.58,4339,0,0,0.877147,0.938574,145,25*6*4,96*12*2
803,3915.31,3254,0,0,0.941305,0.970652,142,25*6*3,96*6*3
804,3970.77,3255,1,0,0.928158,0.964079,142,25*6*3,96*6*3
805,2482.38,2169,0,0,0.989776,0.994888,120,25*6*2,96*6*2
806,2044.11,1446,0,0,0.949606,0.974803,112,25*3*3,96*4*2
807,3070.79,2169,0,0,0.998668,0.999334,128,25*2*7,96*6*2
808,3971.41,3254,0,0,0.928008,0.964004,142,25*6*3,96*6*3
809,3780.26,3255,1,0,0.974933,0.987466,142,25*6*3,96*6*3
810,2515.98,2169,0,0,0.976558,0.988279,120,25*6*2,96*6*2
811,4080.67,3254,0,0,0.903161,0.95158,142,25*6*3,96*6*3
812,6231.37,4339,0,0,0.95069,0.975345,156,25*6*5,96*12*2
813,5040.03,4339,0,0,0.894995,0.947497,145,25*6*4,96*12*2
814,5167.74,4339,1,0,0.872877,0.936438,145,25*6*4,96*12*2
815,2545.65,2169,0,0,0.965176,0.982588,120,25*6*2,96*6*2
816,1457.1,723,0,0,0.954567,0.977284,94,25*6*1,96*2*2
817,248.02,45,0,0,0.900331,0.950165,8,5*1*1,24*1*1
818,1908.92,1085,0,0,0.995589,0.997795,107,25*3*3,96*3*2
819,175.88,7,0,0,0.983057,0.991528,3,1*1*1,4*1*1
820,122.757,1,1,0,0,0,0,1*1*1,1*1*1
821,94.124,1,1,0,0,0,0,1*1*1,1*1*1
822,214.304,30,0,0,0.963584,0.981792,7,5*1*1,16*1*1
823,818.962,180,0,0,0.881237,0.940619,50,25*3*1,96*1*1
824,1401.85,724,1,0,0.992189,0.996094,94,25*6*1,96*2*2
825,654.483,181,1,0,0.987191,0.993596,44,25*3*1,96*1*1
826,2105.7,1446,0,0,0.921831,0.960916,112,25*3*3,96*4*2
827,1215.54,361,0,0,0.999144,0.999572,76,25*6*1,48*2*2
828,942.425,241,0,0,0.999761,0.999881,60,25*2*2,32*2*2
829,331.023,90,0,0,0.996003,0.998002,18,25*1*1,48*1*1
830,439.089,90,1,0,0.789134,0.894567,19,25*1*1,48*1*1
831,766.623,181,1,0,0.941401,0.970701,50,25*3*1,96*1*1
832,15.4767,0,0,0,0,0,0,1*1*1,1*1*1
833,556.273,181,1,0,0.914839,0.957419,33,25*2*1,96*1*1
834,67.0633,0,0,0,0,0,0,1*1*1,1*1*1
835,390.07,90,1,0,0.888302,0.944151,19,25*1*1,48*1*1
836,77.9217,0,0,0,0,0,0,1*1*1,1*1*1
837,0,0,0,0,0,0,0,1*1*1,1*1*1
838,97.4795,0,0,0,0,0,0,1*1*1,1*1*1
839,32.8934,0,0,0,0,0,0,1*1*1,1*1*1
840,0,0,0,0,0,0,0,1*1*1,1*1*1
841,0,0,0,0,0,0,0,1*1*1,1*1*1
842,89.3188,0,0,0,0,0,0,1*1*1,1*1*1
843,67.7659,0,0,0,0,0,0,1*1*1,1*1*1
844,968.147,361,0,0,0.999228,0.999614,64,25*2*2,48*2*2
845,425.6,90,0,0,0.814145,0.907072,19,25*1*1,48*1*1
846,2.36164,0,0,0,0,0,0,1*1*1,1*1*1
847,906.169,241,0,0,0.981053,0.990527,52,25*2*2,32*2*2
848,2502.52,2170,1,0,0.98181,0.990905,120,25*6*2,96*6*2
849,1692.48,723,0,0,0.821812,0.910906,94,25*6*1,96*2*2
850,3114.04,2169,0,0,0.990193,0.995096,129,25*2*7,96*6*2
851,15827.6,6508,0,0,0.52979,0.764895,160,25*6*9,96*12*3
852,20025.5,6509,1,0,0.418731,0.709366,160,25*6*9,96*12*3
853,15686.9,6508,1,0,0.534542,0.767271,160,25*6*9,96*12*3
854,15776.6,6509,1,0,0.531502,0.765751,160,25*6*9,96*12*3
855,19814.1,6509,1,0,0.423199,0.711599,160,25*6*9,96*12*3
856,12412.2,6508,1,0,0.675569,0.837785,160,25*6*9,96*12*3
857,15864.7,6509,1,0,0.528551,0.764275,160,25*6*9,96*12*3
858,25208.8,6509,1,0,0.332634,0.666317,160,25*6*9,96*12*3
859,20132.6,6508,1,0,0.416504,0.708252,160,25*6*9,96*12*3
860,15862.7,6509,1,0,0.528617,0.764309,160,25*6*9,96*12*3
861,15804.5,6508,1,0,0.530564,0.765282,160,25*6*9,96*12*3
862,15841,6509,1,0,0.529342,0.764671,160,25*6*9,96*12*3
863,19976.8,6509,1,0,0.419752,0.709876,160,25*6*9,96*12*3
864,9825.35,6508,1,0,0.853435,0.926718,160,25*6*9,96*12*3
865,19889.8,6509,1,0,0.421588,0.710794,160,25*6*9,96*12*3
866,25063.8,6509,1,0,0.334558,0.667279,160,25*6*9,96*12*3
867,15713.4,6508,1,0,0.53364,0.76682,160,25*6*9,96*12*3
868,12747.8,6509,1,0,0.657784,0.828892,160,25*6*9,96*12*3
869,15760.8,6508,1,0,0.532035,0.766018,160,25*6*9,96*12*3
870,24917.5,6509,1,0,0.336523,0.668261,160,25*6*9,96*12*3
871,20204.4,6509,1,0,0.415023,0.707512,160,25*6*9,96*12*3
872,25118.5,6508,1,0,0.33383,0.666915,160,25*6*9,96*12*3
873,12521.5,6509,1,0,0.669672,0.834836,160,25*6*9,96*12*3
874,12504.5,6509,1,0,0.670583,0.835291,160,25*6*9,96*12*3
875,12603.5,6508,1,0,0.665315,0.832658,160,25*6*9,96*12*3
876,15813.8,6509,1,0,0.530252,0.765126,160,25*6*9,96*12*3
877,12686.7,6509,1,0,0.660952,0.830476,160,25*6*9,96*12*3
878,12541.5,6508,1,0,0.668604,0.834302,160,25*6*9,96*12*3
879,15851,6509,1,0,0.529008,0.764504,160,25*6*9,96*12*3
880,12591.9,6508,1,0,0.665928,0.832964,160,25*6*9,96*12*3
881,10071.4,6509,1,0,0.832585,0.916293,160,25*6*9,96*12*3
882,12672.7,6509,1,0,0.661682,0.830841,160,25*6*9,96*12*3
883,16055.1,6508,1,0,0.522283,0.761141,160,25*6*9,96*12*3
884,15675.6,6509,1,0,0.534927,0.767463,160,25*6*9,96*12*3
885,4975.34,4339,0,0,0.906632,0.953316,145,25*6*4,96*12*2
886,16012.6,6508,0,0,0.523669,0.761834,160,25*6*9,96*12*3
887,3930.27,3254,0,0,0.937722,0.968861,142,25*6*3,96*6*3
888,0,0,0,0,0,0,0,1*1*1,1*1*1
889,39.6493,0,0,0,0,0,0,1*1*1,1*1*1
890,323.676,90,0,0,0.992659,0.99633,17,25*1*1,48*1*1
891,286.116,60,1,0,0.985964,0.992982,9,25*1*1,32*1*1
892,137.294,0,0,0,0,0,0,1*1*1,1*1*1
893,374.106,91,1,0,0.926208,0.963104,19,25*1*1,48*1*1
894,1946.18,1446,0,0,0.99739,0.998695,112,25*3*3,96*4*2
895,786.344,180,0,0,0.917792,0.958896,50,25*3*1,96*1*1
896,9996.24,6508,0,0,0.838845,0.919423,160,25*6*9,96*12*3
897,1604.53,723,0,0,0.866858,0.933429,94,25*6*1,96*2*2
898,19903,6508,0,0,0.421308,0.710654,160,25*6*9,96*12*3
899,19903.1,6509,1,0,0.421306,0.710653,160,25*6*9,96*12*3
900,12648.7,6508,1,0,0.662938,0.831469,160,25*6*9,96*12*3
901,2009.44,1446,0,0,0.965991,0.982995,112,25*3*3,96*4*2
902,8550.78,6508,0,0,0.980647,0.990324,160,25*6*9,96*12*3
903,15960.2,6509,1,0,0.525388,0.762694,160,25*6*9,96*12*3
904,16035.6,6508,1,0,0.522918,0.761459,160,25*6*9,96*12*3
905,20384.8,6509,1,0,0.411351,0.705675,160,25*6*9,96*12*3
906,12818.2,6509,1,0,0.654171,0.827086,160,25*6*9,96*12*3
907,1988.5,1446,0,0,0.976163,0.988081,112,25*3*3,96*4*2
908,0,0,0,0,0,0,0,1*1*1,1*1*1
909,220.302,30,0,0,0.93735,0.968675,7,5*1*1,16*1*1
910,258.668,45,1,0,0.863269,0.931634,8,5*1*1,24*1*1
911,1919.11,1085,0,0,0.996868,0.998434,108,25*3*3,96*3*2
912,0,0,0,0,0,0,0,1*1*1,1*1*1
913,410.292,90,0,0,0.84452,0.92226,19,25*1*1,48*1*1
914,268.432,45,0,0,0.831868,0.915934,8,5*1*1,24*1*1
915,250.284,45,1,0,0.892186,0.946093,8,5*1*1,24*1*1
916,211.863,30,1,0,0.974686,0.987343,7,5*1*1,16*1*1
917,1252.69,361,0,0,0.98963,0.994815,79,25*6*1,48*2*2
918,1394.47,724,1,0,0.99744,0.99872,94,25*6*1,96*2*2
919,1340.18,723,1,0,0.991882,0.995941,90,25*6*1,96*2*2
920,420.786,90,1,0,0.823459,0.911729,19,25*1*1,48*1*1
921,37.7889,0,0,0,0,0,0,1*1*1,1*1*1
922,838.96,181,1,0,0.860232,0.930116,50,25*3*1,96*1*1
923,0,0,0,0,0,0,0,1*1*1,1*1*1
924,619.971,181,1,0,0.992466,0.996233,36,25*3*1,96*1*1
925,133.837,0,0,0,0,0,0,1*1*1,1*1*1
926,159.273,0,0,0,0,0,0,1*1*1,1*1*1
927,133.972,0,0,0,0,0,0,1*1*1,1*1*1
928,0,0,0,0,0,0,0,1*1*1,1*1*1
929,0,0,0,0,0,0,0,1*1*1,1*1*1
930,0,0,0,0,0,0,0,1*1*1,1*1*1
931,179.938,7,0,0,0.960887,0.980443,3,1*1*1,4*1*1
932,0,0,0,0,0,0,0,1*1*1,1*1*1
933,287.714,60,0,0,0.980488,0.990244,9,25*1*1,32*1*1
934,0,0,0,0,0,0,0,1*1*1,1*1*1
935,112.788,0,0,0,0,0,0,1*1*1,1*1*1
936,511.939,181,1,0,0.994064,0.997032,33,25*2*1,96*1*1
937,516.596,180,1,0,0.985102,0.992551,33,25*2*1,96*1*1
938,0,0,0,0,0,0,0,1*1*1,1*1*1
939,525.734,181,1,0,0.96798,0.98399,33,25*2*1,96*1*1
940,444.004,91,1,0,0.780398,0.890199,19,25*1*1,48*1*1
941,256.307,45,0,0,0.871221,0.93561,8,5*1*1,24*1*1
942,199.133,22,1,0,0.994813,0.997406,6,5*1*1,12*1*1
943,399.806,90,0,0,0.86667,0.933335,19,25*1*1,48*1*1
944,202.294,22,0,0,0.979268,0.989634,6,5*1*1,12*1*1
945,160.39,0,0,0,0,0,0,1*1*1,1*1*1
946,0,0,0,0,0,0,0,1*1*1,1*1*1
947,39.7743,0,0,0,0,0,0,1*1*1,1*1*1
948,383.87,90,0,0,0.902649,0.951325,19,25*1*1,48*1*1
949,334.73,90,1,0,0.984973,0.992486,18,25*1*1,48*1*1
950,184.398,7,0,0,0.937646,0.968823,3,1*1*1,4*1*1
951,477.221,90,0,0,0.995975,0.997987,26,25*2*1,48*1*1
952,380.29,90,1,0,0.911147,0.955573,19,25*1*1,48*1*1
953,114.606,0,0,0,0,0,0,1*1*1,1*1*1
954,455.777,91,1,0,0.975258,0.987629,20,25*2*1,48*1*1
955,0,0,0,0,0,0,0,1*1*1,1*1*1
956,194.659,15,0,0,0.974525,0.987262,5,5*1*1,8*1*1
957,642.644,180,0,0,0.996664,0.998332,43,25*3*1,96*1*1
958,569.736,181,1,0,0.893221,0.94661,33,25*2*1,96*1*1
959,933.013,241,0,0,0.996342,0.998171,57,25*2*2,32*2*2
960,3270.48,2169,0,0,0.953102,0.976551,130,25*2*7,96*6*2
961,5267.75,4339,0,0,0.856305,0.928152,145,25*6*4,96*12*2
962,16064.1,6508,0,0,0.52199,0.760995,160,25*6*9,96*12*3
963,6099.28,4339,0,0,0.971279,0.985639,156,25*6*5,96*12*2
964,15922,6508,0,0,0.526649,0.763324,160,25*6*9,96*12*3
965,635.949,180,0,0,0.996149,0.998075,41,25*3*1,96*1*1
966,10255.7,6508,0,0,0.817623,0.908812,160,25*6*9,96*12*3
967,8178.02,6508,0,0,0.959352,0.979676,159,25*6*8,96*12*3
968,1405.63,723,0,0,0.989521,0.99476,94,25*6*1,96*2*2
969,16225,6508,0,0,0.516814,0.758407,160,25*6*9,96*12*3
970,2462.33,2169,0,0,0.997835,0.998918,120,25*6*2,96*6*2
971,20207.4,6508,0,0,0.414962,0.707481,160,25*6*9,96*12*3
972,12753.8,6509,1,0,0.657475,0.828737,160,25*6*9,96*12*3
973,3348.91,2169,0,0,0.98011,0.990055,131,25*6*3,96*6*2
974,3195.33,2169,0,0,0.975517,0.987759,130,25*2*7,96*6*2
975,4101.85,3254,0,0,0.898497,0.949249,142,25*6*3,96*6*3
976,2781.98,2169,0,0,0.926966,0.963483,125,25*6*2,96*6*2
977,3406.06,2169,0,0,0.993259,0.99663,132,25*6*3,96*6*2
978,1731.23,723,0,0,0.803417,0.901709,94,25*6*1,96*2*2
979,1395.09,723,1,0,0.996997,0.998498,94,25*6*1,96*2*2
980,1915.88,1085,0,0,0.998549,0.999274,108,25*3*3,96*3*2
981,2506.04,2169,0,0,0.980431,0.990216,120,25*6*2,96*6*2
982,3609.8,2169,0,0,0.997701,0.99885,138,25*6*3,96*6*2
983,4171.75,3254,0,0,0.996201,0.9981,143,25*3*7,96*6*3
984,12876.6,6508,0,0,0.651205,0.825602,160,25*6*9,96*12*3
985,1224.9,361,0,0,0.998367,0.999184,77,25*6*1,48*2*2
986,2154.42,1446,0,0,0.997809,0.998905,113,25*2*5,96*4*2
987,2801.71,2169,0,0,0.920438,0.960219,125,25*6*2,96*6*2
988,6306.45,4339,0,0,0.939372,0.969686,156,25*6*5,96*12*2
989,2393.03,1446,0,0,0.984609,0.992305,118,25*6*2,96*4*2
990,926.941,241,1,0,0.998338,0.999169,56,25*2*2,32*2*2
991,786.117,180,0,0,0.918057,0.959028,50,25*3*1,96*1*1
992,620.397,181,1,0,0.991784,0.995892,36,25*3*1,96*1*1
993,479.538,91,1,0,0.997001,0.998501,28,25*2*1,48*1*1
994,772.404,180,1,0,0.934356,0.967178,50,25*3*1,96*1*1
995,1354.52,724,1,0,0.993784,0.996892,91,25*6*1,96*2*2
996,785.664,181,1,0,0.918586,0.959293,50,25*3*1,96*1*1
997,775.993,180,1,0,0.930034,0.965017,50,25*3*1,96*1*1
998,2702.1,2169,0,0,0.954369,0.977184,125,25*6*2,96*6*2
999,1786.88,1085,0,0,0.995422,0.997711,96,25*3*3,96*3*2
1000,2377.59,1446,0,0,0.991003,0.995502,118,25*6*2,96*4*2
1001,2133.84,1446,0,0,0.909675,0.954837,112,25*3*3,96*4*2
1002,3306.5,2170,1,0,0.992681,0.996341,131,25*6*3,96*6*2
1003,3370.86,2170,1,0,0.973728,0.986864,131,25*6*3,96*6*2
1004,2744.73,2169,0,0,0.939546,0.969773,125,25*6*2,96*6*2
1005,15955.2,6508,0,0,0.525553,0.762776,160,25*6*9,96*12*3
1006,15959.7,6509,1,0,0.525405,0.762702,160,25*6*9,96*12*3
1007,20655,6508,1,0,0.405969,0.702985,160,25*6*9,96*12*3
1008,5425.21,4339,0,0,0.831452,0.915726,145,25*6*4,96*12*2
1009,5342.3,4339,1,0,0.844355,0.922178,145,25*6*4,96*12*2
1010,15888.2,6508,0,0,0.527769,0.763885,160,25*6*9,96*12*3
1011,6130.27,4339,0,0,0.966369,0.983184,156,25*6*5,96*12*2
1012,6214.67,4339,1,0,0.953245,0.976622,156,25*6*5,96*12*2
1013,6138.53,4340,1,0,0.965068,0.982534,156,25*6*5,96*12*2
1014,15960.9,6508,0,0,0.525365,0.762683,160,25*6*9,96*12*3
1015,16004.3,6509,1,0,0.52394,0.76197,160,25*6*9,96*12*3
1016,9976.83,6508,1,0,0.840477,0.920239,160,25*6*9,96*12*3
1017,7753.92,6508,0,0,0.94222,0.97111,158,25*6*7,96*12*3
1018,16528.8,6508,0,0,0.507315,0.753657,160,25*6*9,96*12*3
1019,7954,6508,0,0,0.986372,0.993186,159,25*6*8,96*12*3
1020,13009.8,6508,0,0,0.644537,0.822269,160,25*6*9,96*12*3
1021,7965.84,6508,0,0,0.984906,0.992453,159,25*6*8,96*12*3
1022,8230.74,6509,1,0,0.953207,0.976604,159,25*6*8,96*12*3
1023,8016.68,6508,1,0,0.978659,0.98933,159,25*6*8,96*12*3
1024,7595.88,6508,0,0,0.961824,0.980912,158,25*6*7,96*12*3
1025,7886.1,6508,0,0,0.994864,0.997432,159,25*6*8,96*12*3
1026,10368.9,6508,0,0,0.808697,0.904349,160,25*6*9,96*12*3
1027,6671.46,4339,0,0,0.887977,0.943988,156,25*6*5,96*12*2
1028,8184.97,6508,0,0,0.958537,0.979269,159,25*6*8,96*12*3
1029,6364.07,4339,0,0,0.930867,0.965433,156,25*6*5,96*12*2
1030,5420.74,4339,0,0,0.832137,0.916069,145,25*6*4,96*12*2
1031,2013.1,1446,0,0,0.964234,0.982117,112,25*3*3,96*4*2
1032,1615.65,723,0,0,0.860892,0.930446,94,25*6*1,96*2*2
1033,2156.01,1446,0,0,0.997073,0.998537,113,25*2*5,96*4*2
1034,2706.48,2169,0,0,0.952824,0.976412,125,25*6*2,96*6*2
1035,5334.62,4339,0,0,0.845571,0.922786,145,25*6*4,96*12*2
1036,5601.31,4339,1,0,0.805312,0.902656,145,25*6*4,96*12*2
1037,19868.8,6508,0,0,0.422034,0.711017,160,25*6*9,96*12*3
1038,3333.67,2169,0,0,0.984591,0.992295,131,25*6*3,96*6*2
1039,6387.88,4339,0,0,0.927397,0.963698,156,25*6*5,96*12*2
1040,19760.4,6508,0,0,0.424349,0.712174,160,25*6*9,96*12*3
1041,12568.3,6509,1,0,0.667179,0.833589,160,25*6*9,96*12*3
1042,13024.6,6508,1,0,0.643805,0.821902,160,25*6*9,96*12*3
1043,6430.29,4339,0,0,0.92128,0.96064,156,25*6*5,96*12*2
1044,12683.8,6508,0,0,0.661103,0.830552,160,25*6*9,96*12*3
1045,12626.6,6509,1,0,0.664098,0.832049,160,25*6*9,96*12*3
1046,8119.78,6508,0,0,0.966233,0.983117,159,25*6*8,96*12*3
1047,2205.53,1446,0,0,0.99976,0.99988,116,25*6*2,96*4*2
1048,724.299,180,0,0,0.996412,0.998206,50,25*3*1,96*1*1
1049,0,0,0,0,0,0,0,1*1*1,1*1*1
1050,25.1509,0,0,0,0,0,0,1*1*1,1*1*1
1051,0,0,0,0,0,0,0,1*1*1,1*1*1
1052,246.955,45,0,0,0.904213,0.952107,8,5*1*1,24*1*1
1053,426.72,90,0,0,0.812008,0.906004,19,25*1*1,48*1*1
1054,863.721,181,1,0,0.835571,0.917785,50,25*3*1,96*1*1
1055,899.918,241,0,0,0.987868,0.993934,52,25*2*2,32*2*2
1056,247.535,45,0,0,0.902095,0.951047,8,5*1*1,24*1*1
1057,278.249,45,1,0,0.802519,0.901259,8,5*1*1,24*1*1
1058,1194.92,361,0,0,0.998812,0.999406,72,25*6*1,48*2*2
1059,1681.84,724,1,0,0.827011,0.913505,94,25*6*1,96*2*2
1060,2331.17,1446,0,0,0.967497,0.983749,117,25*6*2,96*4*2
1061,3737.62,3254,0,0,0.986055,0.993028,142,25*6*3,96*6*3
1062,5099.09,4339,0,0,0.884628,0.942314,145,25*6*4,96*12*2
1063,6418.42,4339,0,0,0.922984,0.961492,156,25*6*5,96*12*2
1064,4401.39,3254,0,0,0.959492,0.979746,144,25*3*7,96*6*3
1065,1635.25,723,0,0,0.850573,0.925287,94,25*6*1,96*2*2
1066,2003.8,1446,0,0,0.968709,0.984355,112,25*3*3,96*4*2
1067,750.34,180,0,0,0.961831,0.980915,50,25*3*1,96*1*1
1068,1773.28,723,0,0,0.982135,0.991067,95,25*2*4,96*2*2
1069,156.401,0,0,0,0,0,0,1*1*1,1*1*1
1070,156.04,0,0,0,0,0,0,1*1*1,1*1*1
1071,1197.18,361,0,0,0.996926,0.998463,72,25*6*1,48*2*2
1072,326.605,91,1,0,0.983757,0.991879,17,25*1*1,48*1*1
1073,0,0,0,0,0,0,0,1*1*1,1*1*1
1074,364.721,90,1,0,0.950041,0.975021,19,25*1*1,48*1*1
1075,0,0,0,0,0,0,0,1*1*1,1*1*1
1076,67.8955,0,0,0,0,0,0,1*1*1,1*1*1
1077,788.052,181,1,0,0.915803,0.957901,50,25*3*1,96*1*1
1078,550.291,181,1,0,0.924783,0.962392,33,25*2*1,96*1*1
1079,308.581,60,1,0,0.986775,0.993387,13,25*1*1,32*1*1
1080,820.76,181,1,0,0.879307,0.939653,50,25*3*1,96*1*1
1081,398.31,90,1,0,0.869925,0.934963,19,25*1*1,48*1*1
1082,428.809,91,1,0,0.808052,0.904026,19,25*1*1,48*1*1
1083,651.546,181,1,0,0.991641,0.995821,44,25*3*1,96*1*1
1084,3172.24,2169,0,0,0.982618,0.991309,130,25*2*7,96*6*2
1085,4962.98,4339,0,0,0.908889,0.954445,145,25*6*4,96*12*2
1086,5568.25,4339,1,0,0.810093,0.905046,145,25*6*4,96*12*2
1087,1590.81,723,0,0,0.874334,0.937167,94,25*6*1,96*2*2
1088,16159.7,6508,0,0,0.518902,0.759451,160,25*6*9,96*12*3
1089,1950.3,1446,0,0,0.995283,0.997641,112,25*3*3,96*4*2
1090,19838.6,6508,0,0,0.422676,0.711338,160,25*6*9,96*12*3
1091,2630.83,2169,0,0,0.980223,0.990111,125,25*6*2,96*6*2
1092,2528.28,2170,1,0,0.971807,0.985903,120,25*6*2,96*6*2
1093,3054.01,2169,0,0,0.995904,0.997952,127,25*2*7,96*6*2
1094,4199.5,3255,1,0,0.989618,0.994809,143,25*3*7,96*6*3
1095,3302.78,2169,0,0,0.993799,0.9969,131,25*6*3,96*6*2
1096,3281.65,2169,0,0,0.949858,0.974929,130,25*2*7,96*6*2
1097,2165.35,1446,0,0,0.992773,0.996386,113,25*2*5,96*4*2
1098,3821.95,3254,0,0,0.964298,0.982149,142,25*6*3,96*6*3
1099,4569.44,4339,0,0,0.987167,0.993583,145,25*6*4,96*12*2
1100,3668.78,2169,0,0,0.999978,0.999989,141,25*6*3,96*6*2
1101,2887.04,2169,0,0,0.893233,0.946617,125,25*6*2,96*6*2
1102,4901.31,4339,0,0,0.920325,0.960163,145,25*6*4,96*12*2
1103,4510.21,3254,0,0,0.936342,0.968171,144,25*3*7,96*6*3
1104,4370.18,3255,1,0,0.966345,0.983172,144,25*3*7,96*6*3
1105,2902.86,2169,0,0,0.888365,0.944183,125,25*6*2,96*6*2
1106,1819.17,1085,0,0,0.977754,0.988877,96,25*3*3,96*3*2
1107,3435.4,2169,1,0,0.984776,0.992388,132,25*6*3,96*6*2
1108,3967.11,3255,1,0,0.929014,0.964507,142,25*6*3,96*6*3
1109,3914.97,3255,1,0,0.941387,0.970693,142,25*6*3,96*6*3
1110,2827.38,2169,0,0,0.912081,0.956041,125,25*6*2,96*6*2
1111,3907.26,3254,0,0,0.943244,0.971622,142,25*6*3,96*6*3
1112,6775.53,6508,0,0,0.998623,0.999311,157,25*6*6,96*12*3
1113,5443.63,4339,0,0,0.828638,0.914319,145,25*6*4,96*12*2
1114,5467.13,4339,1,0,0.825076,0.912538,145,25*6*4,96*12*2
1115,2498.17,2169,0,0,0.98352,0.99176,120,25*6*2,96*6*2
1116,1894.11,1085,0,0,0.996721,0.998361,105,25*3*3,96*3*2
1117,290.829,60,0,0,0.969986,0.984993,9,25*1*1,32*1*1
1118,1952.92,1446,0,0,0.993948,0.996974,112,25*3*3,96*4*2
1119,96.1519,0,0,0,0,0,0,1*1*1,1*1*1
1120,368.004,90,0,0,0.941566,0.970783,19,25*1*1,48*1*1
1121,440.451,90,1,0,0.786694,0.893347,19,25*1*1,48*1*1
1122,296.632,61,1,0,0.95101,0.975505,9,25*1*1,32*1*1
1123,970.644,361,0,0,0.996658,0.998329,64,25*2*2,48*2*2
1124,1209.3,361,0,0,0.997354,0.998677,75,25*6*1,48*2*2
1125,564.389,181,1,0,0.901683,0.950842,33,25*2*1,96*1*1
1126,2357.33,1446,0,0,0.999521,0.99976,118,25*6*2,96*4*2
1127,1510.92,723,0,0,0.920565,0.960282,94,25*6*1,96*2*2
1128,1329.15,723,1,0,0.9959,0.99795,89,25*6*1,96*2*2
1129,203.793,22,0,0,0.972065,0.986032,6,5*1*1,12*1*1
1130,385.012,90,0,0,0.899972,0.949986,19,25*1*1,48*1*1
1131,957.99,361,0,0,0.998132,0.999066,63,25*2*2,48*2*2
1132,0,0,0,0,0,0,0,1*1*1,1*1*1
1133,638.217,180,0,0,0.99919,0.999595,42,25*3*1,96*1*1
1134,0,0,0,0,0,0,0,1*1*1,1*1*1
1135,656.224,181,1,0,0.997373,0.998686,45,25*3*1,96*1*1
1136,222.293,30,0,0,0.928954,0.964477,7,5*1*1,16*1*1
1137,315.798,90,0,0,0.99969,0.999845,16,25*1*1,48*1*1
1138,7.51072,0,0,0,0,0,0,1*1*1,1*1*1
1139,168.618,0,0,0,0,0,0,1*1*1,1*1*1
1140,71.0135,0,0,0,0,0,0,1*1*1,1*1*1
1141,178.865,7,0,0,0.966651,0.983325,3,1*1*1,4*1*1
1142,360.485,90,0,0,0.961205,0.980603,19,25*1*1,48*1*1
1143,34.11,0,0,0,0,0,0,1*1*1,1*1*1
1144,1061.97,361,0,0,0.910949,0.955474,64,25*2*2,48*2*2
1145,629.909,180,0,0,0.999033,0.999517,40,25*3*1,96*1*1
1146,264.813,45,0,0,0.843237,0.921618,8,5*1*1,24*1*1
1147,1557.56,723,0,0,0.892999,0.9465,94,25*6*1,96*2*2
1148,2404.24,1446,0,0,0.980019,0.990009,118,25*6*2,96*4*2
1149,2062.99,1446,0,0,0.940916,0.970458,112,25*3*3,96*4*2
1150,3109.99,2169,0,0,0.991482,0.995741,129,25*2*7,96*6*2
1151,15910.2,6508,0,0,0.527039,0.76352,160,25*6*9,96*12*3
1152,20172.3,6509,1,0,0.415684,0.707842,160,25*6*9,96*12*3
1153,15983.5,6508,1,0,0.524622,0.762311,160,25*6*9,96*12*3
1154,15664.6,6509,1,0,0.535303,0.767651,160,25*6*9,96*12*3
1155,20214.3,6509,1,0,0.41482,0.70741,160,25*6*9,96*12*3
1156,12884.5,6508,1,0,0.650805,0.825403,160,25*6*9,96*12*3
1157,16423.4,6509,1,0,0.51057,0.755285,160,25*6*9,96*12*3
1158,24982.2,6509,1,0,0.335651,0.667825,160,25*6*9,96*12*3
1159,19674.5,6508,1,0,0.426201,0.713101,160,25*6*9,96*12*3
1160,16063,6509,1,0,0.522026,0.761013,160,25*6*9,96*12*3
1161,16146.7,6508,1,0,0.51932,0.75966,160,25*6*9,96*12*3
1162,16246.1,6509,1,0,0.516142,0.758071,160,25*6*9,96*12*3
1163,19988.8,6509,1,0,0.4195,0.70975,160,25*6*9,96*12*3
1164,10249.2,6508,1,0,0.818142,0.909071,160,25*6*9,96*12*3
1165,20291.2,6509,1,0,0.413248,0.706624,160,25*6*9,96*12*3
1166,25090.2,6509,1,0,0.334206,0.667103,160,25*6*9,96*12*3
1167,15580.9,6508,1,0,0.538178,0.769089,160,25*6*9,96*12*3
1168,12581.9,6509,1,0,0.666457,0.833229,160,25*6*9,96*12*3
1169,15933.2,6508,1,0,0.526278,0.763139,160,25*6*9,96*12*3
1170,25353,6509,1,0,0.330742,0.665371,160,25*6*9,96*12*3
1171,20369.1,6509,1,0,0.411668,0.705834,160,25*6*9,96*12*3
1172,25287.9,6508,1,0,0.331593,0.665797,160,25*6*9,96*12*3
1173,12482.2,6509,1,0,0.671781,0.83589,160,25*6*9,96*12*3
1174,12813.4,6509,1,0,0.654416,0.827208,160,25*6*9,96*12*3
1175,12682.1,6508,1,0,0.661192,0.830596,160,25*6*9,96*12*3
1176,16263.9,6509,1,0,0.515577,0.757789,160,25*6*9,96*12*3
1177,12351.7,6509,1,0,0.678878,0.839439,160,25*6*9,96*12*3
1178,12396.3,6508,1,0,0.676436,0.838218,160,25*6*9,96*12*3
1179,16038.6,6509,1,0,0.52282,0.76141,160,25*6*9,96*12*3
1180,12756.1,6508,1,0,0.657356,0.828678,160,25*6*9,96*12*3
1181,10539.9,6509,1,0,0.795577,0.897788,160,25*6*9,96*12*3
1182,12904.9,6509,1,0,0.649776,0.824888,160,25*6*9,96*12*3
1183,15769.7,6508,1,0,0.531735,0.765867,160,25*6*9,96*12*3
1184,16219.7,6509,1,0,0.516982,0.758491,160,25*6*9,96*12*3
1185,5168.01,4339,0,0,0.872831,0.936416,145,25*6*4,96*12*2
1186,16291.9,6508,0,0,0.514691,0.757346,160,25*6*9,96*12*3
1187,3660.29,2169,0,0,0.993118,0.996559,140,25*6*3,96*6*2
1188,0,0,0,0,0,0,0,1*1*1,1*1*1
1189,446.643,90,0,0,0.995202,0.997601,20,25*2*1,48*1*1
1190,132.942,0,0,0,0,0,0,1*1*1,1*1*1
1191,252.873,45,0,0,0.883052,0.941526,8,5*1*1,24*1*1
1192,139.665,0,0,0,0,0,0,1*1*1,1*1*1
1193,609.431,180,0,0,0.995847,0.997923,35,25*3*1,96*1*1
1194,2219.08,1446,0,0,0.993655,0.996828,116,25*6*2,96*4*2
1195,1083.48,362,1,0,0.892864,0.946432,64,25*2*2,48*2*2
1196,10164.8,6508,0,0,0.824935,0.912468,160,25*6*9,96*12*3
1197,1574.6,723,0,0,0.883335,0.941668,94,25*6*1,96*2*2
1198,19668.5,6508,0,0,0.426331,0.713166,160,25*6*9,96*12*3
1199,20107.9,6509,1,0,0.417015,0.708508,160,25*6*9,96*12*3
1200,12873.6,6508,1,0,0.651356,0.825678,160,25*6*9,96*12*3
1201,1749.48,723,0,0,0.995496,0.997748,95,25*2*4,96*2*2
1202,7907.71,6508,0,0,0.992146,0.996073,159,25*6*8,96*12*3
1203,15741.3,6508,0,0,0.532694,0.766347,160,25*6*9,96*12*3
1204,15797.1,6509,1,0,0.530813,0.765406,160,25*6*9,96*12*3
1205,20412.9,6508,1,0,0.410784,0.705392,160,25*6*9,96*12*3
1206,12576.5,6509,1,0,0.666744,0.833372,160,25*6*9,96*12*3
1207,1604.29,723,0,0,0.866988,0.933494,94,25*6*1,96*2*2
1208,0,0,0,0,0,0,0,1*1*1,1*1*1
1209,0,0,0,0,0,0,0,1*1*1,1*1*1
1210,117.469,0,0,0,0,0,0,1*1*1,1*1*1
1211,1984.46,1446,0,0,0.97815,0.989075,112,25*3*3,96*4*2
1212,730.274,180,0,0,0.988259,0.99413,50,25*3*1,96*1*1
1213,0,0,0,0,0,0,0,1*1*1,1*1*1
1214,629.57,181,1,0,0.999571,0.999786,40,25*3*1,96*1*1
1215,499.701,181,1,0,0.995996,0.997998,32,25*2*1,96*1*1
1216,293.91,60,1,0,0.959818,0.979909,9,25*1*1,32*1*1
1217,1159.71,362,1,0,0.972398,0.986199,69,25*6*1,48*2*2
1218,1855.64,1085,0,0,0.981171,0.990585,97,25*3*3,96*3*2
1219,1319.5,723,0,0,0.991512,0.995756,87,25*6*1,96*2*2
1220,229.153,45,0,0,0.974458,0.987229,8,5*1*1,24*1*1
1221,700.68,180,0,0,0.986042,0.993021,49,25*3*1,96*1*1
1222,821.165,181,1,0,0.878873,0.939437,50,25*3*1,96*1*1
1223,250.186,45,0,0,0.892536,0.946268,8,5*1*1,24*1*1
1224,376.987,90,0,0,0.91913,0.959565,19,25*1*1,48*1*1
1225,53.2052,0,0,0,0,0,0,1*1*1,1*1*1
1226,0,0,0,0,0,0,0,1*1*1,1*1*1
1227,341.432,90,1,0,0.965639,0.982819,18,25*1*1,48*1*1
1228,365.757,91,1,0,0.94735,0.973675,19,25*1*1,48*1*1
1229,390.202,90,1,0,0.888002,0.944001,19,25*1*1,48*1*1
1230,0,0,0,0,0,0,0,1*1*1,1*1*1
1231,0,0,0,0,0,0,0,1*1*1,1*1*1
1232,676.427,181,1,0,0.99242,0.99621,47,25*3*1,96*1*1
1233,211.906,30,0,0,0.974489,0.987244,7,5*1*1,16*1*1
1234,122.434,0,0,0,0,0,0,1*1*1,1*1*1
1235,220.302,30,1,0,0.93735,0.968675,7,5*1*1,16*1*1
1236,409.156,90,0,0,0.846865,0.923433,19,25*1*1,48*1*1
1237,365.359,90,1,0,0.948382,0.974191,19,25*1*1,48*1*1
1238,177.602,7,0,0,0.973525,0.986763,3,1*1*1,4*1*1
1239,169.182,4,1,0,0.997151,0.998575,1,1*1*1,2*1*1
1240,197.452,15,0,0,0.96074,0.98037,5,5*1*1,8*1*1
1241,0,0,0,0,0,0,0,1*1*1,1*1*1
1242,479.775,90,0,0,0.996509,0.998254,28,25*2*1,48*1*1
1243,448.027,90,1,0,0.992128,0.996064,20,25*2*1,48*1*1
1244,330.691,91,1,0,0.997003,0.998502,18,25*1*1,48*1*1
1245,357.704,90,1,0,0.968678,0.984339,19,25*1*1,48*1*1
1246,555.876,181,1,0,0.915492,0.957746,33,25*2*1,96*1*1
1247,547.3,181,1,0,0.929837,0.964919,33,25*2*1,96*1*1
1248,336.133,90,1,0,0.980862,0.990431,18,25*1*1,48*1*1
1249,12.3406,0,0,0,0,0,0,1*1*1,1*1*1
1250,94.4406,0,0,0,0,0,0,1*1*1,1*1*1
1251,461.186,91,1,0,0.998729,0.999365,21,25*2*1,48*1*1
1252,0,0,0,0,0,0,0,1*1*1,1*1*1
1253,225.233,45,0,0,0.991418,0.995709,8,5*1*1,24*1*1
1254,94.3636,0,0,0,0,0,0,1*1*1,1*1*1
1255,343.261,90,0,0,0.960494,0.980247,18,25*1*1,48*1*1
1256,606.955,181,1,0,0.999909,0.999955,35,25*3*1,96*1*1
1257,196.357,15,0,0,0.966097,0.983049,5,5*1*1,8*1*1
1258,393.63,90,0,0,0.880268,0.940134,19,25*1*1,48*1*1
1259,1167.01,362,1,0,0.995107,0.997554,70,25*6*1,48*2*2
1260,2856.76,2169,0,0,0.902701,0.95135,125,25*6*2,96*6*2
1261,5307.31,4339,0,0,0.849922,0.924961,145,25*6*4,96*12*2
1262,16083.4,6508,0,0,0.521364,0.760682,160,25*6*9,96*12*3
1263,6452.81,4339,0,0,0.918065,0.959033,156,25*6*5,96*12*2
1264,16334.4,6508,0,0,0.513352,0.756676,160,25*6*9,96*12*3
1265,788.606,180,0,0,0.915159,0.95758,50,25*3*1,96*1*1
1266,10570.4,6508,0,0,0.793281,0.896641,160,25*6*9,96*12*3
1267,7903.32,6508,0,0,0.992697,0.996348,159,25*6*8,96*12*3
1268,1585.11,723,0,0,0.877479,0.938739,94,25*6*1,96*2*2
1269,16082.3,6508,0,0,0.521399,0.7607,160,25*6*9,96*12*3
1270,2484.51,2169,0,0,0.988927,0.994464,120,25*6*2,96*6*2
1271,20410.6,6508,0,0,0.410831,0.705415,160,25*6*9,96*12*3
1272,12841.2,6509,1,0,0.653,0.8265,160,25*6*9,96*12*3
1273,3096.52,2169,0,0,0.995795,0.997898,129,25*2*7,96*6*2
1274,3468.91,2169,0,0,0.975263,0.987632,132,25*6*3,96*6*2
1275,3898.94,3255,1,0,0.945257,0.972628,142,25*6*3,96*6*3
1276,2693.85,2169,0,0,0.957292,0.978646,125,25*6*2,96*6*2
1277,3249.73,2169,0,0,0.959187,0.979594,130,25*2*7,96*6*2
1278,1329.07,723,0,0,0.99596,0.99798,89,25*6*1,96*2*2
1279,1230.67,362,1,0,0.998237,0.999118,78,25*6*1,48*2*2
1280,1989.65,1446,0,0,0.975599,0.987799,112,25*3*3,96*4*2
1281,2858.78,2169,0,0,0.902063,0.951032,125,25*6*2,96*6*2
1282,3875.38,3254,0,0,0.951004,0.975502,142,25*6*3,96*6*3
1283,4334.48,3254,0,0,0.974304,0.987152,144,25*3*7,96*6*3
1284,12595.5,6508,0,0,0.665738,0.832869,160,25*6*9,96*12*3
1285,1221.06,361,0,0,0.994628,0.997314,76,25*6*1,48*2*2
1286,2057.81,1446,0,0,0.943284,0.971642,112,25*3*3,96*4*2
1287,2546.61,2169,0,0,0.964812,0.982406,120,25*6*2,96*6*2
1288,6811.99,6508,0,0,0.993278,0.996639,157,25*6*6,96*12*3
1289,2946.38,2169,0,0,0.875244,0.937622,125,25*6*2,96*6*2
1290,1447.18,723,0,0,0.961111,0.980555,94,25*6*1,96*2*2
1291,334.69,90,1,0,0.985091,0.992545,18,25*1*1,48*1*1
1292,1385.94,724,1,0,0.989437,0.994718,92,25*6*1,96*2*2
1293,795.325,180,1,0,0.907428,0.953714,50,25*3*1,96*1*1
1294,878.578,180,0,0,0.995928,0.997964,51,25*2*2,96*1*1
1295,1488.51,723,0,0,0.934424,0.967212,94,25*6*1,96*2*2
1296,841.806,181,1,0,0.857323,0.928662,50,25*3*1,96*1*1
1297,744.788,181,1,0,0.969001,0.9845,50,25*3*1,96*1*1
1298,2529.38,2169,0,0,0.971384,0.985692,120,25*6*2,96*6*2
1299,2437.81,1628,1,0,0.990643,0.995322,119,25*6*2,96*3*3
1300,2235.11,1447,1,0,0.986529,0.993264,116,25*6*2,96*4*2
1301,2138.39,1446,0,0,0.907739,0.953869,112,25*3*3,96*4*2
1302,3218.19,2169,0,0,0.968588,0.984294,130,25*2*7,96*6*2
1303,3108.55,2170,1,0,0.991942,0.995971,129,25*2*7,96*6*2
1304,2690.69,2169,0,0,0.958416,0.979208,125,25*6*2,96*6*2
1305,15963,6508,0,0,0.525296,0.762648,160,25*6*9,96*12*3
1306,16317.8,6509,1,0,0.513874,0.756937,160,25*6*9,96*12*3
1307,20157,6508,1,0,0.415999,0.708,160,25*6*9,96*12*3
1308,5101.56,4339,0,0,0.8842,0.9421,145,25*6*4,96*12*2
1309,4844.47,4339,1,0,0.931124,0.965562,145,25*6*4,96*12*2
1310,16292.9,6508,0,0,0.51466,0.75733,160,25*6*9,96*12*3
1311,6272.56,4339,0,0,0.944447,0.972223,156,25*6*5,96*12*2
1312,6696.27,4339,1,0,0.884687,0.942343,156,25*6*5,96*12*2
1313,6429.27,4340,1,0,0.921427,0.960713,156,25*6*5,96*12*2
1314,16146.6,6508,0,0,0.519323,0.759661,160,25*6*9,96*12*3
1315,16208.6,6509,1,0,0.517336,0.758668,160,25*6*9,96*12*3
1316,10514.6,6508,1,0,0.797491,0.898746,160,25*6*9,96*12*3
1317,7880.82,6508,0,0,0.995531,0.997765,159,25*6*8,96*12*3
1318,15982.9,6508,0,0,0.524642,0.762321,160,25*6*9,96*12*3
1319,8189.28,6508,0,0,0.958033,0.979016,159,25*6*8,96*12*3
1320,12786.9,6508,0,0,0.655773,0.827886,160,25*6*9,96*12*3
1321,8064.45,6508,0,0,0.972862,0.986431,159,25*6*8,96*12*3
1322,8084.63,6509,1,0,0.970434,0.985217,159,25*6*8,96*12*3
1323,7951.48,6508,1,0,0.986684,0.993342,159,25*6*8,96*12*3
1324,8123.31,6509,1,0,0.965813,0.982907,159,25*6*8,96*12*3
1325,7786.76,6508,0,0,0.938246,0.969123,158,25*6*7,96*12*3
1326,10294.7,6508,0,0,0.814526,0.907263,160,25*6*9,96*12*3
1327,6505.01,4339,0,0,0.910698,0.955349,156,25*6*5,96*12*2
1328,8232.59,6508,0,0,0.952993,0.976496,159,25*6*8,96*12*3
1329,6471.99,4339,0,0,0.915344,0.957672,156,25*6*5,96*12*2
1330,5101.35,4339,0,0,0.884237,0.942118,145,25*6*4,96*12*2
1331,1839.91,1085,0,0,0.989559,0.99478,97,25*3*3,96*3*2
1332,1647.47,723,0,0,0.844264,0.922132,94,25*6*1,96*2*2
1333,1923.75,1085,0,0,0.99883,0.999415,109,25*3*3,96*3*2
1334,2628.16,2169,0,0,0.981219,0.990609,125,25*6*2,96*6*2
1335,5339.56,4339,0,0,0.844789,0.922394,145,25*6*4,96*12*2
1336,5355.11,4339,1,0,0.842336,0.921168,145,25*6*4,96*12*2
1337,20476.9,6508,0,0,0.4095,0.70475,160,25*6*9,96*12*3
1338,3169.64,2169,0,0,0.983424,0.991712,130,25*2*7,96*6*2
1339,6038.78,4339,0,0,0.981009,0.990505,156,25*6*5,96*12*2
1340,20322.5,6508,0,0,0.412612,0.706306,160,25*6*9,96*12*3
1341,12668.6,6509,1,0,0.661896,0.830948,160,25*6*9,96*12*3
1342,12924.9,6508,1,0,0.648771,0.824385,160,25*6*9,96*12*3
1343,6479.19,4339,0,0,0.914327,0.957164,156,25*6*5,96*12*2
1344,12349.7,6508,0,0,0.678988,0.839494,160,25*6*9,96*12*3
1345,12571,6509,1,0,0.667035,0.833518,160,25*6*9,96*12*3
1346,8145.81,6508,0,0,0.963145,0.981573,159,25*6*8,96*12*3
1347,2241.64,1446,0,0,0.983655,0.991827,116,25*6*2,96*4*2
1348,917.595,241,1,0,0.968837,0.984419,52,25*2*2,32*2*2
1349,514.316,180,0,0,0.98947,0.994735,33,25*2*1,96*1*1
1350,279.225,45,0,0,0.799713,0.899857,8,5*1*1,24*1*1
1351,251.448,45,1,0,0.888056,0.944028,8,5*1*1,24*1*1
1352,490.149,90,0,0,0.986843,0.993421,29,25*2*1,48*1*1
1353,0,0,0,0,0,0,0,1*1*1,1*1*1
1354,477.558,90,1,0,0.999669,0.999835,27,25*2*1,48*1*1
1355,727.753,181,1,0,0.991683,0.995841,50,25*3*1,96*1*1
1356,454.081,91,1,0,0.9789,0.98945,20,25*2*1,48*1*1
1357,269.201,45,0,0,0.829492,0.914746,8,5*1*1,24*1*1
1358,1138.53,361,0,0,0.990488,0.995244,69,25*6*1,48*2*2
1359,1868.01,1085,0,0,0.999406,0.999703,99,25*3*3,96*3*2
1360,1878.69,1085,1,0,0.998196,0.999098,102,25*3*3,96*3*2
1361,4351.87,3254,0,0,0.97041,0.985205,144,25*3*7,96*6*3
1362,5137.31,4339,0,0,0.878047,0.939024,145,25*6*4,96*12*2
1363,6516.58,4339,0,0,0.909081,0.954541,156,25*6*5,96*12*2
1364,4148.49,3254,0,0,0.888396,0.944198,142,25*6*3,96*6*3
1365,1919.16,1085,1,0,0.996842,0.998421,108,25*3*3,96*3*2
1366,2291.86,1446,0,0,0.984092,0.992046,117,25*6*2,96*4*2
1367,635.905,180,0,0,0.996218,0.998109,41,25*3*1,96*1*1
1368,1605.99,724,1,0,0.86607,0.933035,94,25*6*1,96*2*2
1369,0,0,0,0,0,0,0,1*1*1,1*1*1
1370,394.356,90,1,0,0.878648,0.939324,19,25*1*1,48*1*1
1371,764.364,181,1,0,0.944184,0.972092,50,25*3*1,96*1*1
1372,97.7432,0,0,0,0,0,0,1*1*1,1*1*1
1373,284.984,60,1,0,0.98988,0.99494,9,25*1*1,32*1*1
1374,405.341,91,1,0,0.854836,0.927418,19,25*1*1,48*1*1
1375,351.245,90,1,0,0.986491,0.993245,19,25*1*1,48*1*1
1376,612.627,181,1,0,0.990652,0.995326,35,25*3*1,96*1*1
1377,465.018,90,1,0,0.999531,0.999766,23,25*2*1,48*1*1
1378,774.529,181,1,0,0.931792,0.965896,50,25*3*1,96*1*1
1379,491.655,91,1,0,0.98382,0.99191,29,25*2*1,48*1*1
1380,331.673,90,1,0,0.994051,0.997026,18,25*1*1,48*1*1
1381,335.808,90,1,0,0.981811,0.990906,18,25*1*1,48*1*1
1382,528.931,181,1,0,0.962129,0.981065,33,25*2*1,96*1*1
1383,1103.69,362,1,0,0.998922,0.999461,67,25*6*1,48*2*2
1384,3039.98,2169,0,0,0.99221,0.996105,126,25*2*7,96*6*2
1385,4830.47,4339,0,0,0.933822,0.966911,145,25*6*4,96*12*2
1386,5047.86,4339,1,0,0.893606,0.946803,145,25*6*4,96*12*2
1387,919.927,241,0,0,0.999101,0.999551,53,25*2*2,32*2*2
1388,16353,6508,0,0,0.512768,0.756384,160,25*6*9,96*12*3
1389,1969.53,1446,0,0,0.985565,0.992783,112,25*3*3,96*4*2
1390,19922,6508,0,0,0.420907,0.710453,160,25*6*9,96*12*3
1391,2572.53,2169,0,0,0.997539,0.99877,124,25*6*2,96*6*2
1392,2368.15,1447,1,0,0.994954,0.997477,118,25*6*2,96*4*2
1393,3029.44,2169,0,0,0.995663,0.997831,126,25*2*7,96*6*2
1394,4245.58,3255,1,0,0.994705,0.997353,144,25*3*7,96*6*3
1395,3524.73,2169,0,0,0.959818,0.979909,132,25*6*3,96*6*2
1396,3717.95,3255,1,0,0.991272,0.995636,142,25*6*3,96*6*3
1397,1866.6,1085,1,0,0.999036,0.999518,98,25*3*3,96*3*2
1398,4196.62,3254,0,0,0.990297,0.995148,143,25*3*7,96*6*3
1399,4252.37,3255,1,0,0.993117,0.996558,144,25*3*7,96*6*3
1400,3258.97,2170,1,0,0.956468,0.978234,130,25*2*7,96*6*2
1401,2545.55,2169,0,0,0.965214,0.982607,120,25*6*2,96*6*2
1402,5198.27,4339,0,0,0.86775,0.933875,145,25*6*4,96*12*2
1403,4229.66,3254,0,0,0.998449,0.999225,144,25*3*7,96*6*3
1404,3882.95,3254,0,0,0.949149,0.974575,142,25*6*3,96*6*3
1405,2558.77,2169,0,0,0.997979,0.99899,122,25*6*2,96*6*2
1406,2098.34,1446,0,0,0.925065,0.962532,112,25*3*3,96*4*2
1407,3593.33,2170,1,0,0.999936,0.999968,137,25*6*3,96*6*2
1408,4118.84,3255,1,0,0.894791,0.947395,142,25*6*3,96*6*3
1409,3963.86,3255,1,0,0.929776,0.964888,142,25*6*3,96*6*3
1410,2757.55,2169,0,0,0.935178,0.967589,125,25*6*2,96*6*2
1411,4291.01,3254,0,0,0.984174,0.992087,144,25*3*7,96*6*3
1412,6400.3,4339,0,0,0.925597,0.962799,156,25*6*5,96*12*2
1413,5004.05,4339,0,0,0.90143,0.950715,145,25*6*4,96*12*2
1414,5372.82,4339,1,0,0.839559,0.91978,145,25*6*4,96*12*2
1415,2660.59,2169,0,0,0.969259,0.984629,125,25*6*2,96*6*2
1416,1851.78,1085,0,0,0.983216,0.991608,97,25*3*3,96*3*2
1417,481.371,90,0,0,0.993205,0.996602,28,25*2*1,48*1*1
1418,2237.11,1446,0,0,0.985647,0.992823,116,25*6*2,96*4*2
1419,419.941,90,0,0,0.825116,0.912558,19,25*1*1,48*1*1
1420,298.642,60,1,0,0.99852,0.99926,10,25*1*1,32*1*1
1421,148.33,0,0,0,0,0,0,1*1*1,1*1*1
1422,330.182,91,1,0,0.99854,0.99927,18,25*1*1,48*1*1
1423,869.077,180,1,0,0.830421,0.915211,50,25*3*1,96*1*1
1424,1314.08,724,1,0,0.995601,0.997801,87,25*6*1,96*2*2
1425,937.923,241,0,0,0.997843,0.998922,59,25*2*2,32*2*2
1426,2193.99,1446,1,0,0.997361,0.99868,115,25*6*2,96*4*2
1427,1137.68,361,0,0,0.991228,0.995614,69,25*6*1,48*2*2
1428,1822.16,1085,0,0,0.999199,0.999599,97,25*3*3,96*3*2
1429,195.297,15,0,0,0.971341,0.985671,5,5*1*1,8*1*1
1430,287.654,60,0,0,0.980692,0.990346,9,25*1*1,32*1*1
1431,528.144,181,1,0,0.963563,0.981781,33,25*2*1,96*1*1
1432,0,0,0,0,0,0,0,1*1*1,1*1*1
1433,512.231,180,1,0,0.993497,0.996749,33,25*2*1,96*1*1
1434,0,0,0,0,0,0,0,1*1*1,1*1*1
1435,198.026,15,0,0,0.957955,0.978978,5,5*1*1,8*1*1
1436,367.489,90,0,0,0.942885,0.971443,19,25*1*1,48*1*1
1437,145.351,0,0,0,0,0,0,1*1*1,1*1*1
1438,299.787,60,1,0,0.994706,0.997353,10,25*1*1,32*1*1
1439,141.483,0,0,0,0,0,0,1*1*1,1*1*1
1440,471.944,91,1,0,0.998212,0.999106,25,25*2*1,48*1*1
1441,433.542,90,1,0,0.799231,0.899615,19,25*1*1,48*1*1
1442,34.5325,0,0,0,0,0,0,1*1*1,1*1*1
1443,541.878,181,1,0,0.939141,0.969571,33,25*2*1,96*1*1
1444,1378.08,723,1,0,0.99508,0.99754,92,25*6*1,96*2*2
1445,661.479,181,1,0,0.997915,0.998958,46,25*3*1,96*1*1
1446,70.2251,0,0,0,0,0,0,1*1*1,1*1*1
1447,1372.53,723,1,0,0.999104,0.999552,92,25*6*1,96*2*2
1448,2763.21,2169,0,0,0.933262,0.966631,125,25*6*2,96*6*2
1449,1565.86,723,0,0,0.888266,0.944133,94,25*6*1,96*2*2
1450,3412.79,2169,0,0,0.9913,0.99565,132,25*6*3,96*6*2
1451,15778.1,6508,0,0,0.531452,0.765726,160,25*6*9,96*12*3
1452,20407.9,6509,1,0,0.410885,0.705443,160,25*6*9,96*12*3
1453,16097.4,6508,1,0,0.52091,0.760455,160,25*6*9,96*12*3
1454,15842.8,6509,1,0,0.529281,0.764641,160,25*6*9,96*12*3
1455,20135.9,6509,1,0,0.416435,0.708218,160,25*6*9,96*12*3
1456,12913.9,6508,1,0,0.649324,0.824662,160,25*6*9,96*12*3
1457,16002,6509,1,0,0.524016,0.762008,160,25*6*9,96*12*3
1458,25152.1,6509,1,0,0.333384,0.666692,160,25*6*9,96*12*3
1459,20220.9,6508,1,0,0.414685,0.707342,160,25*6*9,96*12*3
1460,16137.7,6509,1,0,0.519609,0.759805,160,25*6*9,96*12*3
1461,16046.1,6508,1,0,0.522576,0.761288,160,25*6*9,96*12*3
1462,15309.3,6509,1,0,0.547726,0.773863,160,25*6*9,96*12*3
1463,20018.8,6509,1,0,0.418871,0.709436,160,25*6*9,96*12*3
1464,10464.9,6508,1,0,0.801279,0.900639,160,25*6*9,96*12*3
1465,20209.7,6509,1,0,0.414915,0.707457,160,25*6*9,96*12*3
1466,25351.4,6509,1,0,0.330763,0.665381,160,25*6*9,96*12*3
1467,16058.4,6508,1,0,0.522175,0.761088,160,25*6*9,96*12*3
1468,12734,6509,1,0,0.658497,0.829248,160,25*6*9,96*12*3
1469,16410.2,6508,1,0,0.510981,0.75549,160,25*6*9,96*12*3
1470,25758.4,6509,1,0,0.325537,0.662768,160,25*6*9,96*12*3
1471,20025.1,6509,1,0,0.418739,0.70937,160,25*6*9,96*12*3
1472,25345.6,6508,1,0,0.330838,0.665419,160,25*6*9,96*12*3
1473,13080.6,6509,1,0,0.641049,0.820524,160,25*6*9,96*12*3
1474,12908.2,6509,1,0,0.64961,0.824805,160,25*6*9,96*12*3
1475,12888.1,6508,1,0,0.650623,0.825312,160,25*6*9,96*12*3
1476,15714.6,6509,1,0,0.533599,0.7668,160,25*6*9,96*12*3
1477,12460.4,6509,1,0,0.672956,0.836478,160,25*6*9,96*12*3
1478,12863.5,6508,1,0,0.651868,0.825934,160,25*6*9,96*12*3
1479,16175.5,6509,1,0,0.518395,0.759198,160,25*6*9,96*12*3
1480,12478.1,6508,1,0,0.672001,0.836001,160,25*6*9,96*12*3
1481,10013,6509,1,0,0.837441,0.918721,160,25*6*9,96*12*3
1482,12825.4,6509,1,0,0.653804,0.826902,160,25*6*9,96*12*3
1483,16405.3,6508,1,0,0.511134,0.755567,160,25*6*9,96*12*3
1484,15700.7,6509,1,0,0.534072,0.767036,160,25*6*9,96*12*3
1485,5212.19,4339,0,0,0.865433,0.932716,145,25*6*4,96*12*2
1486,16065.2,6508,0,0,0.521954,0.760977,160,25*6*9,96*12*3
1487,3982.07,3254,0,0,0.925524,0.962762,142,25*6*3,96*6*3
1488,71.3969,0,0,0,0,0,0,1*1*1,1*1*1
1489,404.066,90,0,0,0.857533,0.928767,19,25*1*1,48*1*1
1490,483.953,90,1,0,0.999477,0.999739,29,25*2*1,48*1*1
1491,484.355,91,1,0,0.998648,0.999324,29,25*2*1,48*1*1
1492,423.791,90,1,0,0.81762,0.90881,19,25*1*1,48*1*1
1493,623.869,181,1,0,0.998607,0.999304,37,25*3*1,96*1*1
1494,2267.57,1446,0,0,0.994633,0.997317,117,25*6*2,96*4*2
1495,774.219,180,0,0,0.932165,0.966083,50,25*3*1,96*1*1
1496,10293.6,6508,0,0,0.814613,0.907306,160,25*6*9,96*12*3
1497,1729.51,723,0,0,0.804216,0.902108,94,25*6*1,96*2*2
1498,20213.3,6508,0,0,0.414841,0.70742,160,25*6*9,96*12*3
1499,20175.6,6509,1,0,0.415616,0.707808,160,25*6*9,96*12*3
1500,12976.8,6508,1,0,0.646176,0.823088,160,25*6*9,96*12*3
1501,1531.85,723,0,0,0.907987,0.953994,94,25*6*1,96*2*2
1502,7453.11,6508,0,0,0.980249,0.990124,158,25*6*7,96*12*3
1503,15652,6508,0,0,0.535733,0.767867,160,25*6*9,96*12*3
1504,15838.5,6509,1,0,0.529425,0.764713,160,25*6*9,96*12*3
1505,19061.9,6508,1,0,0.439898,0.719949,160,25*6*9,96*12*3
1506,12755.6,6509,1,0,0.657382,0.828691,160,25*6*9,96*12*3
1507,1574.17,723,0,0,0.883577,0.941788,94,25*6*1,96*2*2
1508,0,0,0,0,0,0,0,1*1*1,1*1*1
1509,101.877,0,0,0,0,0,0,1*1*1,1*1*1
1510,238.555,45,0,0,0.936052,0.968026,8,5*1*1,24*1*1
1511,1738.6,723,0,0,0.800012,0.900006,94,25*6*1,96*2*2
1512,372.136,90,1,0,0.931111,0.965556,19,25*1*1,48*1*1
1513,245.24,45,0,0,0.910537,0.955268,8,5*1*1,24*1*1
1514,683.274,180,0,0,0.982476,0.991238,47,25*3*1,96*1*1
1515,0,0,0,0,0,0,0,1*1*1,1*1*1
1516,0,0,0,0,0,0,0,1*1*1,1*1*1
1517,1613.39,724,1,0,0.862098,0.931049,94,25*6*1,96*2*2
1518,2021.13,1446,0,0,0.960403,0.980202,112,25*3*3,96*4*2
1519,1740.61,723,0,0,0.799088,0.899544,94,25*6*1,96*2*2
1520,0,0,0,0,0,0,0,1*1*1,1*1*1
1521,116.768,0,0,0,0,0,0,1*1*1,1*1*1
1522,166.356,0,0,0,0,0,0,1*1*1,1*1*1
1523,0,0,0,0,0,0,0,1*1*1,1*1*1
1524,620.212,181,1,0,0.99208,0.99604,36,25*3*1,96*1*1
1525,177.327,7,0,0,0.975035,0.987517,3,1*1*1,4*1*1
1526,253.856,45,0,0,0.879633,0.939816,8,5*1*1,24*1*1
1527,438.13,90,0,0,0.790861,0.895431,19,25*1*1,48*1*1
1528,0,0,0,0,0,0,0,1*1*1,1*1*1
1529,45.4251,0,0,0,0,0,0,1*1*1,1*1*1
1530,0,0,0,0,0,0,0,1*1*1,1*1*1
1531,0,0,0,0,0,0,0,1*1*1,1*1*1
1532,0,0,0,0,0,0,0,1*1*1,1*1*1
1533,150.62,0,0,0,0,0,0,1*1*1,1*1*1
1534,41.4484,0,0,0,0,0,0,1*1*1,1*1*1
1535,0,0,0,0,0,0,0,1*1*1,1*1*1
1536,0,0,0,0,0,0,0,1*1*1,1*1*1
1537,0,0,0,0,0,0,0,1*1*1,1*1*1
1538,0,0,0,0,0,0,0,1*1*1,1*1*1
1539,262.83,45,0,0,0.849599,0.924799,8,5*1*1,24*1*1
1540,667.122,180,0,0,0.989474,0.994737,46,25*3*1,96*1*1
1541,144.978,0,0,0,0,0,0,1*1*1,1*1*1
1542,265.562,45,0,0,0.840858,0.920429,8,5*1*1,24*1*1
1543,410.506,90,0,0,0.84408,0.92204,19,25*1*1,48*1*1
1544,248.833,45,0,0,0.897389,0.948695,8,5*1*1,24*1*1
1545,681.083,180,0,0,0.985636,0.992818,47,25*3*1,96*1*1
1546,117.126,0,0,0,0,0,0,1*1*1,1*1*1
1547,199.762,22,0,0,0.99168,0.99584,6,5*1*1,12*1*1
1548,119.357,0,0,0,0,0,0,1*1*1,1*1*1
1549,0,0,0,0,0,0,0,1*1*1,1*1*1
1550,0,0,0,0,0,0,0,1*1*1,1*1*1
1551,577.567,180,0,0,0.88111,0.940555,33,25*2*1,96*1*1
1552,0,0,0,0,0,0,0,1*1*1,1*1*1
1553,556.684,181,1,0,0.914163,0.957082,33,25*2*1,96*1*1
1554,0,0,0,0,0,0,0,1*1*1,1*1*1
1555,436.79,91,1,0,0.793287,0.896644,19,25*1*1,48*1*1
1556,0,0,0,0,0,0,0,1*1*1,1*1*1
1557,0,0,0,0,0,0,0,1*1*1,1*1*1
1558,624.484,180,1,0,0.997624,0.998812,37,25*3*1,96*1*1
1559,1050.5,361,0,0,0.920895,0.960447,64,25*2*2,48*2*2
1560,3103.54,2169,0,0,0.993543,0.996771,129,25*2*7,96*6*2
1561,4718.09,4339,0,0,0.956065,0.978032,145,25*6*4,96*12*2
1562,15259.5,6508,0,0,0.549513,0.774757,160,25*6*9,96*12*3
1563,6724.39,4339,0,0,0.880987,0.940493,156,25*6*5,96*12*2
1564,15977.7,6508,0,0,0.524813,0.762406,160,25*6*9,96*12*3
1565,1209,361,0,0,0.997601,0.998801,75,25*6*1,48*2*2
1566,9686.95,6508,0,0,0.865629,0.932814,160,25*6*9,96*12*3
1567,8720.5,6509,1,0,0.961562,0.980781,160,25*6*9,96*12*3
1568,1935.59,1085,0,0,0.99706,0.99853,110,25*3*3,96*3*2
1569,15180,6508,0,0,0.552391,0.776196,160,25*6*9,96*12*3
1570,2816.13,2169,0,0,0.915725,0.957862,125,25*6*2,96*6*2
1571,20602.6,6508,0,0,0.407002,0.703501,160,25*6*9,96*12*3
1572,12179.6,6509,1,0,0.688471,0.844235,160,25*6*9,96*12*3
1573,3541.96,2169,0,0,0.955149,0.977575,132,25*6*3,96*6*2
1574,3363.31,2170,1,0,0.975914,0.987957,131,25*6*3,96*6*2
1575,3974.24,3255,1,0,0.927347,0.963674,142,25*6*3,96*6*3
1576,2473.81,2169,0,0,0.993205,0.996602,120,25*6*2,96*6*2
1577,3353.67,2169,0,0,0.978719,0.989359,131,25*6*3,96*6*2
1578,1980.91,1447,1,0,0.979903,0.989952,112,25*3*3,96*4*2
1579,1435.45,723,0,0,0.968964,0.984482,94,25*6*1,96*2*2
1580,1884.18,1085,0,0,0.998631,0.999315,104,25*3*3,96*3*2
1581,3087.63,2169,0,0,0.998662,0.999331,129,25*2*7,96*6*2
1582,3378.55,2169,0,0,0.971511,0.985756,131,25*6*3,96*6*2
1583,4301.24,3254,0,0,0.981833,0.990917,144,25*3*7,96*6*3
1584,12049.5,6508,0,0,0.695904,0.847952,160,25*6*9,96*12*3
1585,625.071,180,0,0,0.996687,0.998343,37,25*3*1,96*1*1
1586,2173.02,1446,0,0,0.999254,0.999627,114,25*6*2,96*4*2
1587,3307.09,2169,0,0,0.992504,0.996252,131,25*6*3,96*6*2
1588,6469.68,4339,0,0,0.915671,0.957836,156,25*6*5,96*12*2
1589,2152.94,1447,1,0,0.998495,0.999248,113,25*2*5,96*4*2
1590,1033.12,361,0,0,0.936387,0.968193,64,25*2*2,48*2*2
1591,546.8,180,0,0,0.930688,0.965344,33,25*2*1,96*1*1
1592,760.848,181,1,0,0.948547,0.974273,50,25*3*1,96*1*1
1593,1150.71,362,1,0,0.980004,0.990002,69,25*6*1,48*2*2
1594,1483.41,723,1,0,0.937637,0.968818,94,25*6*1,96*2*2
1595,1846.34,1085,0,0,0.986113,0.993057,97,25*3*3,96*3*2
1596,792.485,180,0,0,0.91068,0.95534,50,25*3*1,96*1*1
1597,43.7316,0,0,0,0,0,0,1*1*1,1*1*1
1598,2518.01,2169,0,0,0.975771,0.987885,120,25*6*2,96*6*2
1599,2244.93,1447,1,0,0.982213,0.991107,116,25*6*2,96*4*2
1600,2313.23,1447,1,0,0.975,0.9875,117,25*6*2,96*4*2
1601,2978.58,2170,1,0,0.865782,0.932891,125,25*6*2,96*6*2
1602,3704.18,3254,0,0,0.994957,0.997479,142,25*6*3,96*6*3
1603,3842.7,3255,1,0,0.959091,0.979546,142,25*6*3,96*6*3
1604,1907.48,1085,1,0,0.996341,0.99817,107,25*3*3,96*3*2
1605,16435.6,6508,0,0,0.510191,0.755096,160,25*6*9,96*12*3
1606,16234.8,6509,1,0,0.516502,0.758251,160,25*6*9,96*12*3
1607,19615.5,6508,1,0,0.427483,0.713742,160,25*6*9,96*12*3
1608,4847.39,4339,0,0,0.930563,0.965281,145,25*6*4,96*12*2
1609,4579.71,4339,1,0,0.984953,0.992477,145,25*6*4,96*12*2
1610,15894.4,6508,0,0,0.527563,0.763782,160,25*6*9,96*12*3
1611,6120.98,4339,0,0,0.967835,0.983918,156,25*6*5,96*12*2
1612,6659.26,4339,1,0,0.889603,0.944802,156,25*6*5,96*12*2
1613,6120.95,4340,1,0,0.96784,0.98392,156,25*6*5,96*12*2
1614,15882.8,6508,0,0,0.527948,0.763974,160,25*6*9,96*12*3
1615,16472.4,6509,1,0,0.509052,0.754526,160,25*6*9,96*12*3
1616,10227.3,6508,1,0,0.819894,0.909947,160,25*6*9,96*12*3
1617,8120.05,6508,0,0,0.966201,0.9831,159,25*6*8,96*12*3
1618,16244.8,6508,0,0,0.516184,0.758092,160,25*6*9,96*12*3
1619,7789.32,6508,0,0,0.937938,0.968969,158,25*6*7,96*12*3
1620,12516.3,6508,0,0,0.66995,0.834975,160,25*6*9,96*12*3
1621,7930.32,6508,0,0,0.989317,0.994658,159,25*6*8,96*12*3
1622,8152.17,6509,1,0,0.962394,0.981197,159,25*6*8,96*12*3
1623,7957.25,6508,1,0,0.985969,0.992984,159,25*6*8,96*12*3
1624,7757.67,6508,0,0,0.941765,0.970882,158,25*6*7,96*12*3
1625,8241.72,6508,0,0,0.951937,0.975969,159,25*6*8,96*12*3
1626,9771.85,6508,0,0,0.858108,0.929054,160,25*6*9,96*12*3
1627,7142.14,6508,0,0,0.947363,0.973682,157,25*6*6,96*12*3
1628,7792.92,6508,0,0,0.937505,0.968752,158,25*6*7,96*12*3
1629,5741.6,4339,0,0,0.996673,0.998337,153,25*6*5,96*12*2
1630,4141.92,3254,0,0,0.889805,0.944902,142,25*6*3,96*6*3
1631,2887.05,2169,0,0,0.89323,0.946615,125,25*6*2,96*6*2
1632,1582.09,723,0,0,0.879154,0.939577,94,25*6*1,96*2*2
1633,2635.4,2169,0,0,0.978523,0.989262,125,25*6*2,96*6*2
1634,2757.91,2170,1,0,0.935056,0.967528,125,25*6*2,96*6*2
1635,4802.37,4339,0,0,0.939286,0.969643,145,25*6*4,96*12*2
1636,5347.52,4339,1,0,0.843531,0.921766,145,25*6*4,96*12*2
1637,20385.6,6508,0,0,0.411334,0.705667,160,25*6*9,96*12*3
1638,3083.11,2169,0,0,0.994677,0.997339,128,25*2*7,96*6*2
1639,6336.67,4339,0,0,0.934892,0.967446,156,25*6*5,96*12*2
1640,19514.3,6508,0,0,0.4297,0.71485,160,25*6*9,96*12*3
1641,13003.9,6509,1,0,0.64483,0.822415,160,25*6*9,96*12*3
1642,12352.1,6508,1,0,0.678856,0.839428,160,25*6*9,96*12*3
1643,6289.46,4339,0,0,0.941909,0.970955,156,25*6*5,96*12*2
1644,12510.3,6508,0,0,0.670272,0.835136,160,25*6*9,96*12*3
1645,12352.9,6509,1,0,0.678812,0.839406,160,25*6*9,96*12*3
1646,8239.32,6508,0,0,0.952215,0.976107,159,25*6*8,96*12*3
1647,2231.93,1446,0,0,0.987934,0.993967,116,25*6*2,96*4*2
1648,921.417,241,1,0,0.999764,0.999882,54,25*2*2,32*2*2
1649,765.947,180,0,0,0.942232,0.971116,50,25*3*1,96*1*1
1650,720.232,181,1,0,0.959274,0.979637,49,25*3*1,96*1*1
1651,73.5151,0,0,0,0,0,0,1*1*1,1*1*1
1652,958.976,361,0,0,0.997105,0.998553,63,25*2*2,48*2*2
1653,0,0,0,0,0,0,0,1*1*1,1*1*1
1654,0,0,0,0,0,0,0,1*1*1,1*1*1
1655,222.894,30,0,0,0.926449,0.963225,7,5*1*1,16*1*1
1656,631.732,180,0,0,0.99615,0.998075,40,25*3*1,96*1*1
1657,0,0,0,0,0,0,0,1*1*1,1*1*1
1658,1760.12,723,0,0,0.989478,0.994739,95,25*2*4,96*2*2
1659,1175.46,361,0,0,0.987954,0.993977,70,25*6*1,48*2*2
1660,1585.97,724,1,0,0.877003,0.938501,94,25*6*1,96*2*2
1661,3581.65,2169,0,0,0.999679,0.999839,135,25*6*3,96*6*2
1662,6187.04,4339,0,0,0.957501,0.978751,156,25*6*5,96*12*2
1663,7019.61,6508,0,0,0.9639,0.98195,157,25*6*6,96*12*3
1664,4577.22,4339,0,0,0.985489,0.992745,145,25*6*4,96*12*2
1665,1295.19,723,0,0,0.99607,0.998035,85,25*6*1,96*2*2
1666,1409.96,723,1,0,0.986482,0.993241,94,25*6*1,96*2*2
1667,1044.02,361,0,0,0.926611,0.963305,64,25*2*2,48*2*2
1668,1531.39,723,0,0,0.90826,0.95413,94,25*6*1,96*2*2
1669,256.774,45,0,0,0.869636,0.934818,8,5*1*1,24*1*1
1670,482.945,90,0,0,0.989968,0.994984,28,25*2*1,48*1*1
1671,578.295,181,1,0,0.880001,0.94,33,25*2*1,96*1*1
1672,51.7029,0,0,0,0,0,0,1*1*1,1*1*1
1673,0,0,0,0,0,0,0,1*1*1,1*1*1
1674,0,0,0,0,0,0,0,1*1*1,1*1*1
1675,0,0,0,0,0,0,0,1*1*1,1*1*1
1676,105.832,0,0,0,0,0,0,1*1*1,1*1*1
1677,8.59027,0,0,0,0,0,0,1*1*1,1*1*1
1678,493.265,90,1,0,0.997638,0.998819,30,25*2*1,48*1*1
1679,409.315,91,1,0,0.846536,0.923268,19,25*1*1,48*1*1
1680,330.409,90,1,0,0.997854,0.998927,18,25*1*1,48*1*1
1681,0,0,0,0,0,0,0,1*1*1,1*1*1
1682,766.88,181,1,0,0.941086,0.970543,50,25*3*1,96*1*1
1683,822.826,181,1,0,0.877099,0.93855,50,25*3*1,96*1*1
1684,2671.81,2169,0,0,0.965188,0.982594,125,25*6*2,96*6*2
1685,6022.47,4339,0,0,0.983666,0.991833,156,25*6*5,96*12*2
1686,4226.78,3254,0,0,0.999129,0.999565,144,25*3*7,96*6*3
1687,1276.51,723,0,0,0.993098,0.996549,81,25*6*1,96*2*2
1688,15514.2,6508,0,0,0.540492,0.770246,160,25*6*9,96*12*3
1689,2543.19,2169,0,0,0.966109,0.983055,120,25*6*2,96*6*2
1690,20169.8,6508,0,0,0.415735,0.707868,160,25*6*9,96*12*3
1691,2165.56,1446,0,0,0.992676,0.996338,113,25*2*5,96*4*2
1692,2361.7,1446,0,0,0.997671,0.998836,118,25*6*2,96*4*2
1693,3875.52,3254,0,0,0.950969,0.975485,142,25*6*3,96*6*3
1694,3898.64,3255,1,0,0.94533,0.972665,142,25*6*3,96*6*3
1695,3513.31,2170,1,0,0.962938,0.981469,132,25*6*3,96*6*2
1696,2378.39,1446,0,0,0.99067,0.995335,118,25*6*2,96*4*2
1697,2055.81,1446,0,0,0.944202,0.972101,112,25*3*3,96*4*2
1698,4116.2,3255,1,0,0.895365,0.947682,142,25*6*3,96*6*3
1699,4674.41,4339,0,0,0.964999,0.982499,145,25*6*4,96*12*2
1700,3014.58,2169,0,0,0.855443,0.927721,125,25*6*2,96*6*2
1701,2611.23,2170,1,0,0.987581,0.99379,125,25*6*2,96*6*2
1702,4819.27,4339,0,0,0.935992,0.967996,145,25*6*4,96*12*2
1703,4366.1,3254,0,0,0.967248,0.983624,144,25*3*7,96*6*3
1704,4510.11,3255,1,0,0.936363,0.968181,144,25*3*7,96*6*3
1705,3317.31,2169,0,0,0.989446,0.994723,131,25*6*3,96*6*2
1706,1554.08,723,0,0,0.894999,0.947499,94,25*6*1,96*2*2
1707,2393.84,1446,0,0,0.984276,0.992138,118,25*6*2,96*4*2
1708,3734.29,3254,0,0,0.986935,0.993467,142,25*6*3,96*6*3
1709,4442.39,3254,0,0,0.950637,0.975318,144,25*3*7,96*6*3
1710,1848.69,1085,0,0,0.98486,0.99243,97,25*3*3,96*3*2
1711,3520.24,2169,1,0,0.961042,0.980521,132,25*6*3,96*6*2
1712,6800.41,6508,0,0,0.994969,0.997485,157,25*6*6,96*12*3
1713,5594.8,4339,0,0,0.806249,0.903124,145,25*6*4,96*12*2
1714,5400.78,4339,1,0,0.835213,0.917606,145,25*6*4,96*12*2
1715,2006.34,1446,0,0,0.967483,0.983742,112,25*3*3,96*4*2
1716,1131.81,361,0,0,0.996369,0.998184,69,25*6*1,48*2*2
1717,975.545,361,0,0,0.991651,0.995825,64,25*2*2,48*2*2
1718,1747.99,723,0,0,0.996344,0.998172,95,25*2*4,96*2*2
1719,0,0,0,0,0,0,0,1*1*1,1*1*1
1720,0,0,0,0,0,0,0,1*1*1,1*1*1
1721,529.581,180,0,0,0.960948,0.980474,33,25*2*1,96*1*1
1722,1090.02,362,1,0,0.996037,0.998018,65,25*6*1,48*2*2
1723,1046.11,361,0,0,0.924759,0.96238,64,25*2*2,48*2*2
1724,941.979,241,1,0,0.993547,0.996773,59,25*2*2,32*2*2
1725,977.604,362,1,0,0.989562,0.994781,64,25*2*2,48*2*2
1726,2358.43,1447,1,0,0.999054,0.999527,118,25*6*2,96*4*2
1727,1051.51,361,1,0,0.92001,0.960005,64,25*2*2,48*2*2
1728,137.689,0,0,0,0,0,0,1*1*1,1*1*1
1729,462.848,90,0,0,0.99968,0.99984,22,25*2*1,48*1*1
1730,533.268,181,1,0,0.954304,0.977152,33,25*2*1,96*1*1
1731,1068.44,361,0,0,0.905432,0.952716,64,25*2*2,48*2*2
1732,153.007,0,0,0,0,0,0,1*1*1,1*1*1
1733,398.196,90,0,0,0.870174,0.935087,19,25*1*1,48*1*1
1734,497.162,90,1,0,0.998266,0.999133,31,25*2*1,48*1*1
1735,958.045,361,0,0,0.998074,0.999037,63,25*2*2,48*2*2
1736,0,0,0,0,0,0,0,1*1*1,1*1*1
1737,0,0,0,0,0,0,0,1*1*1,1*1*1
1738,0,0,0,0,0,0,0,1*1*1,1*1*1
1739,0,0,0,0,0,0,0,1*1*1,1*1*1
1740,334.165,90,0,0,0.986638,0.993319,18,25*1*1,48*1*1
1741,1049.62,361,0,0,0.921667,0.960833,64,25*2*2,48*2*2
1742,318.693,90,0,0,0.990609,0.995304,16,25*1*1,48*1*1
1743,768.928,181,1,0,0.938579,0.96929,50,25*3*1,96*1*1
1744,1180.7,361,1,0,0.997798,0.998899,71,25*6*1,48*2*2
1745,1124.7,362,1,0,0.982751,0.991375,68,25*6*1,48*2*2
1746,0,0,0,0,0,0,0,1*1*1,1*1*1
1747,1001.89,361,0,0,0.965575,0.982788,64,25*2*2,48*2*2
1748,2060.01,1446,0,0,0.942277,0.971138,112,25*3*3,96*4*2
1749,1685.63,723,0,0,0.825151,0.912576,94,25*6*1,96*2*2
1750,2796.95,2169,0,0,0.922004,0.961002,125,25*6*2,96*6*2
1751,15838.1,6508,0,0,0.529439,0.764719,160,25*6*9,96*12*3
1752,20275.8,6509,1,0,0.413562,0.706781,160,25*6*9,96*12*3
1753,15508.9,6508,1,0,0.540677,0.770338,160,25*6*9,96*12*3
1754,16593.7,6509,1,0,0.50533,0.752665,160,25*6*9,96*12*3
1755,19486.7,6509,1,0,0.430309,0.715154,160,25*6*9,96*12*3
1756,12161.4,6508,1,0,0.689501,0.844751,160,25*6*9,96*12*3
1757,15271.9,6509,1,0,0.549067,0.774534,160,25*6*9,96*12*3
1758,25193.5,6509,1,0,0.332836,0.666418,160,25*6*9,96*12*3
1759,19616.1,6508,1,0,0.42747,0.713735,160,25*6*9,96*12*3
1760,15185,6509,1,0,0.552209,0.776105,160,25*6*9,96*12*3
1761,16321.9,6508,1,0,0.513745,0.756873,160,25*6*9,96*12*3
1762,15704.8,6509,1,0,0.533932,0.766966,160,25*6*9,96*12*3
1763,19740.3,6509,1,0,0.424781,0.71239,160,25*6*9,96*12*3
1764,10009.5,6508,1,0,0.837734,0.918867,160,25*6*9,96*12*3
1765,20506.9,6509,1,0,0.408901,0.704451,160,25*6*9,96*12*3
1766,25139.9,6509,1,0,0.333545,0.666773,160,25*6*9,96*12*3
1767,15834.1,6508,1,0,0.529572,0.764786,160,25*6*9,96*12*3
1768,12361.5,6509,1,0,0.67834,0.83917,160,25*6*9,96*12*3
1769,16285.1,6508,1,0,0.514906,0.757453,160,25*6*9,96*12*3
1770,25436.6,6509,1,0,0.329655,0.664827,160,25*6*9,96*12*3
1771,19915.9,6509,1,0,0.421035,0.710518,160,25*6*9,96*12*3
1772,24709.5,6508,1,0,0.339355,0.669678,160,25*6*9,96*12*3
1773,13508.4,6509,1,0,0.620747,0.810374,160,25*6*9,96*12*3
1774,13114.9,6509,1,0,0.639372,0.819686,160,25*6*9,96*12*3
1775,13001.4,6508,1,0,0.644954,0.822477,160,25*6*9,96*12*3
1776,15278.2,6509,1,0,0.548841,0.77442,160,25*6*9,96*12*3
1777,12030.9,6509,1,0,0.69698,0.84849,160,25*6*9,96*12*3
1778,13240.2,6508,1,0,0.633321,0.816661,160,25*6*9,96*12*3
1779,16112.6,6509,1,0,0.520419,0.760209,160,25*6*9,96*12*3
1780,12868.8,6508,1,0,0.651599,0.8258,160,25*6*9,96*12*3
1781,9997.93,6509,1,0,0.838704,0.919352,160,25*6*9,96*12*3
1782,13547.2,6509,1,0,0.618969,0.809485,160,25*6*9,96*12*3
1783,15422.9,6508,1,0,0.543692,0.771846,160,25*6*9,96*12*3
1784,15684.7,6509,1,0,0.534617,0.767308,160,25*6*9,96*12*3
1785,4670.52,4339,0,0,0.965803,0.982901,145,25*6*4,96*12*2
1786,15525.1,6508,0,0,0.540112,0.770056,160,25*6*9,96*12*3
1787,4052.45,3254,0,0,0.90945,0.954725,142,25*6*3,96*6*3
1788,597.703,180,0,0,0.991964,0.995982,34,25*3*1,96*1*1
1789,345.714,91,1,0,0.953678,0.976839,18,25*1*1,48*1*1
1790,140.798,0,0,0,0,0,0,1*1*1,1*1*1
1791,128.156,0,0,0,0,0,0,1*1*1,1*1*1
1792,0,0,0,0,0,0,0,1*1*1,1*1*1
1793,293.243,60,1,0,0.962001,0.981,9,25*1*1,32*1*1
1794,1587.39,723,1,0,0.876218,0.938109,94,25*6*1,96*2*2
1795,1304.62,724,1,0,0.993163,0.996581,86,25*6*1,96*2*2
1796,9835.32,6508,0,0,0.85257,0.926285,160,25*6*9,96*12*3
1797,1655.42,723,0,0,0.84021,0.920105,94,25*6*1,96*2*2
1798,20195.9,6508,0,0,0.415198,0.707599,160,25*6*9,96*12*3
1799,20402.4,6509,1,0,0.410996,0.705498,160,25*6*9,96*12*3
1800,13189.4,6508,1,0,0.635761,0.81788,160,25*6*9,96*12*3
