1,1585,723,0,0,0.877539,0.93877,75,25*6*1,96*2*2
2,7943,4339,0,0,0.70379,0.851895,105,25*6*6,96*12*2
3,15849,4339,1,0,0.352716,0.676358,105,25*6*6,96*12*2
4,15849,4340,1,0,0.352716,0.676358,105,25*6*6,96*12*2
5,19953,4339,1,0,0.280168,0.640084,105,25*6*6,96*12*2
6,12589,4340,1,0,0.444054,0.722027,105,25*6*6,96*12*2
7,1585,723,0,0,0.877539,0.93877,75,25*6*1,96*2*2
8,40,0,0,0,0,0,0,1*1*1,1*1*1
9,79,0,0,0,0,0,0,1*1*1,1*1*1
10,20,0,0,0,0,0,0,1*1*1,1*1*1
11,1585,723,1,0,0.877539,0.93877,75,25*6*1,96*2*2
12,316,91,1,0,0.999051,0.999525,16,25*1*1,48*1*1
13,20,0,0,0,0,0,0,1*1*1,1*1*1
14,200,22,0,0,0.9905,0.99525,6,5*1*1,12*1*1
15,126,0,0,0,0,0,0,1*1*1,1*1*1
16,50,0,0,0,0,0,0,1*1*1,1*1*1
17,1000,542,0,0,0.9674,0.9837,58,25*2*2,96*3*1
18,1585,723,0,0,0.877539,0.93877,75,25*6*1,96*2*2
19,1000,542,0,0,0.9674,0.9837,58,25*2*2,96*3*1
20,200,22,0,0,0.9905,0.99525,6,5*1*1,12*1*1
21,16,0,0,0,0,0,0,1*1*1,1*1*1
22,316,90,0,0,0.999051,0.999525,16,25*1*1,48*1*1
23,50,0,0,0,0,0,0,1*1*1,1*1*1
24,200,22,0,0,0.9905,0.99525,6,5*1*1,12*1*1
25,50,0,0,0,0,0,0,1*1*1,1*1*1
26,32,0,0,0,0,0,0,1*1*1,1*1*1
27,63,0,0,0,0,0,0,1*1*1,1*1*1
28,50,0,0,0,0,0,0,1*1*1,1*1*1
29,40,0,0,0,0,0,0,1*1*1,1*1*1
30,40,0,0,0,0,0,0,1*1*1,1*1*1
31,40,0,0,0,0,0,0,1*1*1,1*1*1
32,50,0,0,0,0,0,0,1*1*1,1*1*1
33,50,0,0,0,0,0,0,1*1*1,1*1*1
34,50,0,0,0,0,0,0,1*1*1,1*1*1
35,40,0,0,0,0,0,0,1*1*1,1*1*1
36,63,0,0,0,0,0,0,1*1*1,1*1*1
37,50,0,0,0,0,0,0,1*1*1,1*1*1
38,40,0,0,0,0,0,0,1*1*1,1*1*1
39,50,0,0,0,0,0,0,1*1*1,1*1*1
40,40,0,0,0,0,0,0,1*1*1,1*1*1
41,63,0,0,0,0,0,0,1*1*1,1*1*1
42,50,0,0,0,0,0,0,1*1*1,1*1*1
43,50,0,0,0,0,0,0,1*1*1,1*1*1
44,63,0,0,0,0,0,0,1*1*1,1*1*1
45,79,0,0,0,0,0,0,1*1*1,1*1*1
46,100,0,0,0,0,0,0,1*1*1,1*1*1
47,100,0,0,0,0,0,0,1*1*1,1*1*1
48,79,0,0,0,0,0,0,1*1*1,1*1*1
49,126,0,0,0,0,0,0,1*1*1,1*1*1
50,79,0,0,0,0,0,0,1*1*1,1*1*1
51,79,0,0,0,0,0,0,1*1*1,1*1*1
52,79,0,0,0,0,0,0,1*1*1,1*1*1
53,40,0,0,0,0,0,0,1*1*1,1*1*1
54,40,0,0,0,0,0,0,1*1*1,1*1*1
55,63,0,0,0,0,0,0,1*1*1,1*1*1
56,79,0,0,0,0,0,0,1*1*1,1*1*1
57,158,0,0,0,0,0,0,1*1*1,1*1*1
58,316,90,0,0,0.999051,0.999525,16,25*1*1,48*1*1
59,1000,542,0,0,0.9674,0.9837,58,25*2*2,96*3*1
60,3162,2170,1,0,0.77704,0.88852,91,25*6*2,96*6*2
61,5012,4339,0,0,0.9,0.95,103,25*6*4,96*12*2
62,15849,4339,0,0,0.352716,0.676358,105,25*6*6,96*12*2
63,6310,4339,1,0,0.885927,0.942964,105,25*6*6,96*12*2
64,15849,4340,1,0,0.352716,0.676358,105,25*6*6,96*12*2
65,794,271,0,0,0.908942,0.954471,46,25*3*1,48*3*1
66,10000,4339,0,0,0.55902,0.77951,105,25*6*6,96*12*2
67,7943,4339,1,0,0.70379,0.851895,105,25*6*6,96*12*2
68,1585,723,0,0,0.877539,0.93877,75,25*6*1,96*2*2
69,15849,4339,0,0,0.352716,0.676358,105,25*6*6,96*12*2
70,2512,2169,0,0,0.978105,0.989053,91,25*6*2,96*6*2
71,19953,4339,0,0,0.280168,0.640084,105,25*6*6,96*12*2
72,12589,4339,1,0,0.444054,0.722027,105,25*6*6,96*12*2
73,3162,2169,0,0,0.77704,0.88852,91,25*6*2,96*6*2
74,3162,2170,1,0,0.77704,0.88852,91,25*6*2,96*6*2
75,3981,2169,0,0,0.946873,0.973436,102,25*6*3,96*6*2
76,2512,2169,0,0,0.978105,0.989053,91,25*6*2,96*6*2
77,3162,2170,1,0,0.77704,0.88852,91,25*6*2,96*6*2
78,1259,542,0,0,0.998014,0.999007,71,25*6*1,96*3*1
79,1000,542,0,0,0.9674,0.9837,58,25*2*2,96*3*1
80,1585,723,0,0,0.877539,0.93877,75,25*6*1,96*2*2
81,2512,2169,0,0,0.978105,0.989053,91,25*6*2,96*6*2
82,3162,2170,1,0,0.77704,0.88852,91,25*6*2,96*6*2
83,3981,2169,0,0,0.946873,0.973436,102,25*6*3,96*6*2
84,12589,4339,0,0,0.444054,0.722027,105,25*6*6,96*12*2
85,1000,542,0,0,0.9674,0.9837,58,25*2*2,96*3*1
86,1995,1446,0,0,0.972982,0.986491,87,25*3*3,96*4*2
87,2512,2169,0,0,0.978105,0.989053,91,25*6*2,96*6*2
88,6310,4339,0,0,0.885927,0.942964,105,25*6*6,96*12*2
89,2512,2169,0,0,0.978105,0.989053,91,25*6*2,96*6*2
90,1000,543,1,0,0.9674,0.9837,58,25*2*2,96*3*1
91,316,90,0,0,0.999051,0.999525,16,25*1*1,48*1*1
92,1000,542,0,0,0.9674,0.9837,58,25*2*2,96*3*1
93,398,90,0,0,0.870603,0.935302,19,25*1*1,48*1*1
94,1000,542,0,0,0.9674,0.9837,58,25*2*2,96*3*1
95,1259,542,0,0,0.998014,0.999007,71,25*6*1,96*3*1
96,631,181,1,0,0.997306,0.998653,37,25*3*1,96*1*1
97,501,181,1,0,0.993413,0.996707,30,25*2*1,96*1*1
98,2512,2169,0,0,0.978105,0.989053,91,25*6*2,96*6*2
99,1995,1446,0,0,0.972982,0.986491,87,25*3*3,96*4*2
100,1995,1447,1,0,0.972982,0.986491,87,25*3*3,96*4*2
101,1995,1447,1,0,0.972982,0.986491,87,25*3*3,96*4*2
102,3162,2169,0,0,0.77704,0.88852,91,25*6*2,96*6*2
103,3162,2170,1,0,0.77704,0.88852,91,25*6*2,96*6*2
104,2512,2170,1,0,0.978105,0.989053,91,25*6*2,96*6*2
105,15849,4339,0,0,0.352716,0.676358,105,25*6*6,96*12*2
106,15849,4339,1,0,0.352716,0.676358,105,25*6*6,96*12*2
107,19953,4340,1,0,0.280168,0.640084,105,25*6*6,96*12*2
108,5012,4339,0,0,0.9,0.95,103,25*6*4,96*12*2
109,5012,4339,1,0,0.9,0.95,103,25*6*4,96*12*2
110,15849,4339,0,0,0.352716,0.676358,105,25*6*6,96*12*2
111,6310,4339,1,0,0.885927,0.942964,105,25*6*6,96*12*2
112,6310,4340,1,0,0.885927,0.942964,105,25*6*6,96*12*2
113,6310,4339,1,0,0.885927,0.942964,105,25*6*6,96*12*2
114,15849,4340,1,0,0.352716,0.676358,105,25*6*6,96*12*2
115,15849,4339,1,0,0.352716,0.676358,105,25*6*6,96*12*2
116,10000,4340,1,0,0.55902,0.77951,105,25*6*6,96*12*2
117,7943,4339,1,0,0.70379,0.851895,105,25*6*6,96*12*2
118,15849,4340,1,0,0.352716,0.676358,105,25*6*6,96*12*2
119,7943,4339,1,0,0.70379,0.851895,105,25*6*6,96*12*2
120,12589,4340,1,0,0.444054,0.722027,105,25*6*6,96*12*2
121,7943,4339,1,0,0.70379,0.851895,105,25*6*6,96*12*2
122,7943,4340,1,0,0.70379,0.851895,105,25*6*6,96*12*2
123,7943,4339,1,0,0.70379,0.851895,105,25*6*6,96*12*2
124,7943,4340,1,0,0.70379,0.851895,105,25*6*6,96*12*2
125,7943,4339,1,0,0.70379,0.851895,105,25*6*6,96*12*2
126,10000,4340,1,0,0.55902,0.77951,105,25*6*6,96*12*2
127,6310,4339,1,0,0.885927,0.942964,105,25*6*6,96*12*2
128,7943,4340,1,0,0.70379,0.851895,105,25*6*6,96*12*2
129,6310,4339,1,0,0.885927,0.942964,105,25*6*6,96*12*2
130,5012,4339,0,0,0.9,0.95,103,25*6*4,96*12*2
131,1995,1446,0,0,0.972982,0.986491,87,25*3*3,96*4*2
132,1585,723,0,0,0.877539,0.93877,75,25*6*1,96*2*2
133,1995,1446,0,0,0.972982,0.986491,87,25*3*3,96*4*2
134,2512,2169,0,0,0.978105,0.989053,91,25*6*2,96*6*2
135,5012,4339,0,0,0.9,0.95,103,25*6*4,96*12*2
136,5012,4339,1,0,0.9,0.95,103,25*6*4,96*12*2
137,19953,4339,0,0,0.280168,0.640084,105,25*6*6,96*12*2
138,3162,2169,0,0,0.77704,0.88852,91,25*6*2,96*6*2
139,6310,4339,0,0,0.885927,0.942964,105,25*6*6,96*12*2
140,19953,4339,1,0,0.280168,0.640084,105,25*6*6,96*12*2
141,12589,4340,1,0,0.444054,0.722027,105,25*6*6,96*12*2
142,12589,4339,1,0,0.444054,0.722027,105,25*6*6,96*12*2
143,6310,4340,1,0,0.885927,0.942964,105,25*6*6,96*12*2
144,12589,4339,1,0,0.444054,0.722027,105,25*6*6,96*12*2
145,12589,4340,1,0,0.444054,0.722027,105,25*6*6,96*12*2
146,7943,4339,1,0,0.70379,0.851895,105,25*6*6,96*12*2
147,1995,1446,0,0,0.972982,0.986491,87,25*3*3,96*4*2
148,501,180,0,0,0.993413,0.996707,30,25*2*1,96*1*1
149,251,45,0,0,0.889641,0.944821,8,5*1*1,24*1*1
150,13,0,0,0,0,0,0,1*1*1,1*1*1
151,126,0,0,0,0,0,0,1*1*1,1*1*1
152,126,0,0,0,0,0,0,1*1*1,1*1*1
153,158,0,0,0,0,0,0,1*1*1,1*1*1
154,251,45,1,0,0.889641,0.944821,8,5*1*1,24*1*1
155,398,90,0,0,0.870603,0.935302,19,25*1*1,48*1*1
156,200,22,0,0,0.9905,0.99525,6,5*1*1,12*1*1
157,251,45,1,0,0.889641,0.944821,8,5*1*1,24*1*1
158,1000,542,0,0,0.9674,0.9837,58,25*2*2,96*3*1
159,1585,723,0,0,0.877539,0.93877,75,25*6*1,96*2*2
160,1995,1446,0,0,0.972982,0.986491,87,25*3*3,96*4*2
161,3981,2170,1,0,0.946873,0.973436,102,25*6*3,96*6*2
162,5012,4339,0,0,0.9,0.95,103,25*6*4,96*12*2
163,6310,4339,0,0,0.885927,0.942964,105,25*6*6,96*12*2
164,3981,2169,0,0,0.946873,0.973436,102,25*6*3,96*6*2
165,1585,723,0,0,0.877539,0.93877,75,25*6*1,96*2*2
166,1995,1446,0,0,0.972982,0.986491,87,25*3*3,96*4*2
167,631,180,0,0,0.997306,0.998653,37,25*3*1,96*1*1
168,1585,724,1,0,0.877539,0.93877,75,25*6*1,96*2*2
169,100,0,0,0,0,0,0,1*1*1,1*1*1
170,63,0,0,0,0,0,0,1*1*1,1*1*1
171,794,271,1,0,0.908942,0.954471,46,25*3*1,48*3*1
172,32,0,0,0,0,0,0,1*1*1,1*1*1
173,32,0,0,0,0,0,0,1*1*1,1*1*1
174,200,22,0,0,0.9905,0.99525,6,5*1*1,12*1*1
175,40,0,0,0,0,0,0,1*1*1,1*1*1
176,158,0,0,0,0,0,0,1*1*1,1*1*1
177,158,0,0,0,0,0,0,1*1*1,1*1*1
178,316,90,0,0,0.999051,0.999525,16,25*1*1,48*1*1
179,316,90,1,0,0.999051,0.999525,16,25*1*1,48*1*1
180,251,45,0,0,0.889641,0.944821,8,5*1*1,24*1*1
181,100,0,0,0,0,0,0,1*1*1,1*1*1
182,251,45,1,0,0.889641,0.944821,8,5*1*1,24*1*1
183,794,271,0,0,0.908942,0.954471,46,25*3*1,48*3*1
184,3162,2169,0,0,0.77704,0.88852,91,25*6*2,96*6*2
185,5012,4339,0,0,0.9,0.95,103,25*6*4,96*12*2
186,5012,4339,1,0,0.9,0.95,103,25*6*4,96*12*2
187,1259,542,0,0,0.998014,0.999007,71,25*6*1,96*3*1
188,15849,4339,0,0,0.352716,0.676358,105,25*6*6,96*12*2
189,1995,1446,0,0,0.972982,0.986491,87,25*3*3,96*4*2
190,19953,4339,0,0,0.280168,0.640084,105,25*6*6,96*12*2
191,2512,2169,0,0,0.978105,0.989053,91,25*6*2,96*6*2
192,2512,2170,1,0,0.978105,0.989053,91,25*6*2,96*6*2
193,3162,2170,1,0,0.77704,0.88852,91,25*6*2,96*6*2
194,3981,2169,0,0,0.946873,0.973436,102,25*6*3,96*6*2
195,3162,2169,0,0,0.77704,0.88852,91,25*6*2,96*6*2
196,3162,2170,1,0,0.77704,0.88852,91,25*6*2,96*6*2
197,1995,1446,0,0,0.972982,0.986491,87,25*3*3,96*4*2
198,3981,2170,1,0,0.946873,0.973436,102,25*6*3,96*6*2
199,3981,2170,1,0,0.946873,0.973436,102,25*6*3,96*6*2
200,3162,2169,0,0,0.77704,0.88852,91,25*6*2,96*6*2
201,2512,2170,1,0,0.978105,0.989053,91,25*6*2,96*6*2
202,5012,4339,0,0,0.9,0.95,103,25*6*4,96*12*2
203,3981,2169,0,0,0.946873,0.973436,102,25*6*3,96*6*2
204,3981,2170,1,0,0.946873,0.973436,102,25*6*3,96*6*2
205,2512,2169,0,0,0.978105,0.989053,91,25*6*2,96*6*2
206,1995,1446,0,0,0.972982,0.986491,87,25*3*3,96*4*2
207,3162,2169,0,0,0.77704,0.88852,91,25*6*2,96*6*2
208,3981,2169,0,0,0.946873,0.973436,102,25*6*3,96*6*2
209,3981,2170,1,0,0.946873,0.973436,102,25*6*3,96*6*2
210,2512,2169,0,0,0.978105,0.989053,91,25*6*2,96*6*2
211,3981,2169,0,0,0.946873,0.973436,102,25*6*3,96*6*2
212,6310,4339,0,0,0.885927,0.942964,105,25*6*6,96*12*2
213,5012,4339,0,0,0.9,0.95,103,25*6*4,96*12*2
214,5012,4339,1,0,0.9,0.95,103,25*6*4,96*12*2
215,2512,2169,0,0,0.978105,0.989053,91,25*6*2,96*6*2
216,1585,723,0,0,0.877539,0.93877,75,25*6*1,96*2*2
217,316,90,1,0,0.999051,0.999525,16,25*1*1,48*1*1
218,1995,1446,0,0,0.972982,0.986491,87,25*3*3,96*4*2
219,158,0,0,0,0,0,0,1*1*1,1*1*1
220,50,0,0,0,0,0,0,1*1*1,1*1*1
221,40,0,0,0,0,0,0,1*1*1,1*1*1
222,158,0,0,0,0,0,0,1*1*1,1*1*1
223,631,180,0,0,0.997306,0.998653,37,25*3*1,96*1*1
224,1259,543,1,0,0.998014,0.999007,71,25*6*1,96*3*1
225,631,181,1,0,0.997306,0.998653,37,25*3*1,96*1*1
226,1995,1446,0,0,0.972982,0.986491,87,25*3*3,96*4*2
227,1259,542,0,0,0.998014,0.999007,71,25*6*1,96*3*1
228,1000,542,0,0,0.9674,0.9837,58,25*2*2,96*3*1
229,200,22,0,0,0.9905,0.99525,6,5*1*1,12*1*1
230,398,90,0,0,0.870603,0.935302,19,25*1*1,48*1*1
231,794,271,1,0,0.908942,0.954471,46,25*3*1,48*3*1
232,126,0,0,0,0,0,0,1*1*1,1*1*1
233,501,181,1,0,0.993413,0.996707,30,25*2*1,96*1*1
234,63,0,0,0,0,0,0,1*1*1,1*1*1
235,316,90,1,0,0.999051,0.999525,16,25*1*1,48*1*1
236,32,0,0,0,0,0,0,1*1*1,1*1*1
237,25,0,0,0,0,0,0,1*1*1,1*1*1
238,32,0,0,0,0,0,0,1*1*1,1*1*1
239,40,0,0,0,0,0,0,1*1*1,1*1*1
240,50,0,0,0,0,0,0,1*1*1,1*1*1
241,40,0,0,0,0,0,0,1*1*1,1*1*1
242,79,0,0,0,0,0,0,1*1*1,1*1*1
243,100,0,0,0,0,0,0,1*1*1,1*1*1
244,1000,542,0,0,0.9674,0.9837,58,25*2*2,96*3*1
245,501,180,0,0,0.993413,0.996707,30,25*2*1,96*1*1
246,158,0,0,0,0,0,0,1*1*1,1*1*1
247,1000,542,0,0,0.9674,0.9837,58,25*2*2,96*3*1
248,2512,2170,1,0,0.978105,0.989053,91,25*6*2,96*6*2
249,1585,723,0,0,0.877539,0.93877,75,25*6*1,96*2*2
250,3162,2169,0,0,0.77704,0.88852,91,25*6*2,96*6*2
251,15849,4339,0,0,0.352716,0.676358,105,25*6*6,96*12*2
252,19953,4339,1,0,0.280168,0.640084,105,25*6*6,96*12*2
253,15849,4340,1,0,0.352716,0.676358,105,25*6*6,96*12*2
254,15849,4339,1,0,0.352716,0.676358,105,25*6*6,96*12*2
255,19953,4340,1,0,0.280168,0.640084,105,25*6*6,96*12*2
256,12589,4339,1,0,0.444054,0.722027,105,25*6*6,96*12*2
257,15849,4340,1,0,0.352716,0.676358,105,25*6*6,96*12*2
258,25119,4339,1,0,0.222549,0.611274,105,25*6*6,96*12*2
259,19953,4340,1,0,0.280168,0.640084,105,25*6*6,96*12*2
260,15849,4339,1,0,0.352716,0.676358,105,25*6*6,96*12*2
261,15849,4340,1,0,0.352716,0.676358,105,25*6*6,96*12*2
262,15849,4339,1,0,0.352716,0.676358,105,25*6*6,96*12*2
263,19953,4340,1,0,0.280168,0.640084,105,25*6*6,96*12*2
264,10000,4339,1,0,0.55902,0.77951,105,25*6*6,96*12*2
265,19953,4340,1,0,0.280168,0.640084,105,25*6*6,96*12*2
266,25119,4339,1,0,0.222549,0.611274,105,25*6*6,96*12*2
267,15849,4340,1,0,0.352716,0.676358,105,25*6*6,96*12*2
268,12589,4339,1,0,0.444054,0.722027,105,25*6*6,96*12*2
269,15849,4340,1,0,0.352716,0.676358,105,25*6*6,96*12*2
270,25119,4339,1,0,0.222549,0.611274,105,25*6*6,96*12*2
271,19953,4340,1,0,0.280168,0.640084,105,25*6*6,96*12*2
272,25119,4339,1,0,0.222549,0.611274,105,25*6*6,96*12*2
273,12589,4340,1,0,0.444054,0.722027,105,25*6*6,96*12*2
274,12589,4339,1,0,0.444054,0.722027,105,25*6*6,96*12*2
275,12589,4340,1,0,0.444054,0.722027,105,25*6*6,96*12*2
276,15849,4339,1,0,0.352716,0.676358,105,25*6*6,96*12*2
277,12589,4340,1,0,0.444054,0.722027,105,25*6*6,96*12*2
278,12589,4339,1,0,0.444054,0.722027,105,25*6*6,96*12*2
279,15849,4339,1,0,0.352716,0.676358,105,25*6*6,96*12*2
280,12589,4340,1,0,0.444054,0.722027,105,25*6*6,96*12*2
281,10000,4339,1,0,0.55902,0.77951,105,25*6*6,96*12*2
282,12589,4340,1,0,0.444054,0.722027,105,25*6*6,96*12*2
283,15849,4339,1,0,0.352716,0.676358,105,25*6*6,96*12*2
284,15849,4340,1,0,0.352716,0.676358,105,25*6*6,96*12*2
285,5012,4339,0,0,0.9,0.95,103,25*6*4,96*12*2
286,15849,4339,0,0,0.352716,0.676358,105,25*6*6,96*12*2
287,3981,2169,0,0,0.946873,0.973436,102,25*6*3,96*6*2
288,100,0,0,0,0,0,0,1*1*1,1*1*1
289,100,0,0,0,0,0,0,1*1*1,1*1*1
290,251,45,0,0,0.889641,0.944821,8,5*1*1,24*1*1
291,251,45,1,0,0.889641,0.944821,8,5*1*1,24*1*1
292,200,23,1,0,0.9905,0.99525,6,5*1*1,12*1*1
293,316,90,0,0,0.999051,0.999525,16,25*1*1,48*1*1
294,1995,1446,0,0,0.972982,0.986491,87,25*3*3,96*4*2
295,794,271,0,0,0.908942,0.954471,46,25*3*1,48*3*1
296,10000,4339,0,0,0.55902,0.77951,105,25*6*6,96*12*2
297,1585,723,0,0,0.877539,0.93877,75,25*6*1,96*2*2
298,19953,4339,0,0,0.280168,0.640084,105,25*6*6,96*12*2
299,19953,4339,1,0,0.280168,0.640084,105,25*6*6,96*12*2
300,12589,4340,1,0,0.444054,0.722027,105,25*6*6,96*12*2
301,2044.85,1446,0,0,0.949263,0.974631,87,25*3*3,96*4*2
302,7447.83,4339,0,0,0.750581,0.875291,105,25*6*6,96*12*2
303,16229.5,4339,1,0,0.344447,0.672223,105,25*6*6,96*12*2
304,16031,4340,1,0,0.348712,0.674356,105,25*6*6,96*12*2
305,19606.3,4339,1,0,0.285123,0.642561,105,25*6*6,96*12*2
306,11840.3,4340,1,0,0.472133,0.736067,105,25*6*6,96*12*2
307,1585.21,723,0,0,0.877423,0.938712,75,25*6*1,96*2*2
308,812.947,271,1,0,0.887758,0.943879,46,25*3*1,48*3*1
309,406.541,91,1,0,0.852313,0.926156,19,25*1*1,48*1*1
310,0,0,0,0,0,0,0,1*1*1,1*1*1
311,1090.61,542,0,0,0.887027,0.943513,58,25*2*2,96*3*1
312,0,0,0,0,0,0,0,1*1*1,1*1*1
313,23.8508,0,0,0,0,0,0,1*1*1,1*1*1
314,0,0,0,0,0,0,0,1*1*1,1*1*1
315,100.082,0,0,0,0,0,0,1*1*1,1*1*1
316,0,0,0,0,0,0,0,1*1*1,1*1*1
317,963.866,543,1,0,0.992047,0.996023,57,25*2*2,96*3*1
318,972.651,542,1,0,0.994601,0.997301,58,25*2*2,96*3*1
319,1043.4,543,1,0,0.927161,0.963581,58,25*2*2,96*3*1
320,110.425,0,0,0,0,0,0,1*1*1,1*1*1
321,108.095,0,0,0,0,0,0,1*1*1,1*1*1
322,653.238,271,0,0,0.989073,0.994536,41,25*3*1,48*3*1
323,0,0,0,0,0,0,0,1*1*1,1*1*1
324,735.417,271,1,0,0.981348,0.990674,46,25*3*1,48*3*1
325,0,0,0,0,0,0,0,1*1*1,1*1*1
326,463.023,90,1,0,0.999302,0.999651,22,25*2*1,48*1*1
327,184.966,7,0,0,0.934766,0.967383,3,1*1*1,4*1*1
328,0,0,0,0,0,0,0,1*1*1,1*1*1
329,0,0,0,0,0,0,0,1*1*1,1*1*1
330,188.049,11,0,0,0.986445,0.993223,4,5*1*1,6*1*1
331,347.586,90,0,0,0.996876,0.998438,19,25*1*1,48*1*1
332,0,0,0,0,0,0,0,1*1*1,1*1*1
333,232.819,45,0,0,0.959114,0.979557,8,5*1*1,24*1*1
334,0,0,0,0,0,0,0,1*1*1,1*1*1
335,0,0,0,0,0,0,0,1*1*1,1*1*1
336,373.985,90,0,0,0.926508,0.963254,19,25*1*1,48*1*1
337,0,0,0,0,0,0,0,1*1*1,1*1*1
338,0,0,0,0,0,0,0,1*1*1,1*1*1
339,0,0,0,0,0,0,0,1*1*1,1*1*1
340,246.768,45,0,0,0.904899,0.952449,8,5*1*1,24*1*1
341,70.5241,0,0,0,0,0,0,1*1*1,1*1*1
342,104.083,0,0,0,0,0,0,1*1*1,1*1*1
343,65.7229,0,0,0,0,0,0,1*1*1,1*1*1
344,0,0,0,0,0,0,0,1*1*1,1*1*1
345,24.8078,0,0,0,0,0,0,1*1*1,1*1*1
346,38.2118,0,0,0,0,0,0,1*1*1,1*1*1
347,0,0,0,0,0,0,0,1*1*1,1*1*1
348,0,0,0,0,0,0,0,1*1*1,1*1*1
349,0,0,0,0,0,0,0,1*1*1,1*1*1
350,1233.26,542,0,0,0.99614,0.99807,69,25*6*1,96*3*1
351,1162.73,543,1,0,0.99877,0.999385,62,25*6*1,96*3*1
352,175.803,7,0,0,0.983487,0.991744,3,1*1*1,4*1*1
353,0,0,0,0,0,0,0,1*1*1,1*1*1
354,0,0,0,0,0,0,0,1*1*1,1*1*1
355,745.338,271,0,0,0.968286,0.984143,46,25*3*1,48*3*1
356,0,0,0,0,0,0,0,1*1*1,1*1*1
357,0,0,0,0,0,0,0,1*1*1,1*1*1
358,733.242,271,1,0,0.984259,0.992129,46,25*3*1,48*3*1
359,813.3,271,1,0,0.887372,0.943686,46,25*3*1,48*3*1
360,2942.07,2169,0,0,0.835126,0.917563,91,25*6*2,96*6*2
361,5289.4,4339,0,0,0.954834,0.977417,104,25*6*5,96*12*2
362,15882.5,4339,0,0,0.351972,0.675986,105,25*6*6,96*12*2
363,6489.78,4339,1,0,0.861385,0.930693,105,25*6*6,96*12*2
364,15244.4,4340,1,0,0.366705,0.683353,105,25*6*6,96*12*2
365,520.352,180,0,0,0.977992,0.988996,31,25*2*1,96*1*1
366,9757.18,4339,0,0,0.572932,0.786466,105,25*6*6,96*12*2
367,7782.69,4339,1,0,0.718286,0.859143,105,25*6*6,96*12*2
368,2152.78,1446,0,0,0.998569,0.999285,88,25*2*5,96*4*2
369,15285.5,4339,0,0,0.365719,0.68286,105,25*6*6,96*12*2
370,2298.73,1446,0,0,0.98115,0.990575,90,25*6*2,96*4*2
371,19898.9,4339,0,0,0.28093,0.640465,105,25*6*6,96*12*2
372,13455.6,4339,1,0,0.415455,0.707728,105,25*6*6,96*12*2
373,3773.72,2169,0,0,0.998882,0.999441,102,25*6*3,96*6*2
374,3567.45,2169,0,0,0.688727,0.844364,91,25*6*2,96*6*2
375,3569.43,2170,1,0,0.688345,0.844173,91,25*6*2,96*6*2
376,2094.36,1446,0,0,0.926823,0.963411,87,25*3*3,96*4*2
377,3244.73,2169,0,0,0.757228,0.878614,91,25*6*2,96*6*2
378,970.046,543,1,0,0.997272,0.998636,58,25*2*2,96*3*1
379,606.424,180,0,0,0.977699,0.988849,32,25*3*1,96*1*1
380,1644.75,724,1,0,0.84566,0.92283,75,25*6*1,96*2*2
381,3080.19,2169,0,0,0.797678,0.898839,91,25*6*2,96*6*2
382,2843.89,2170,1,0,0.863957,0.931979,91,25*6*2,96*6*2
383,3857.48,2169,0,0,0.977192,0.988596,102,25*6*3,96*6*2
384,14006.3,4339,0,0,0.39912,0.69956,105,25*6*6,96*12*2
385,763.655,271,0,0,0.94506,0.97253,46,25*3*1,48*3*1
386,2161.55,1446,0,0,0.994518,0.997259,88,25*2*5,96*4*2
387,1655.09,723,0,0,0.840377,0.920189,75,25*6*1,96*2*2
388,5958.59,4339,0,0,0.938175,0.969087,105,25*6*6,96*12*2
389,2606.48,2169,0,0,0.942651,0.971325,91,25*6*2,96*6*2
390,848.815,271,0,0,0.850244,0.925122,46,25*3*1,48*3*1
391,0,0,0,0,0,0,0,1*1*1,1*1*1
392,657.127,271,1,0,0.996002,0.998001,42,25*3*1,48*3*1
393,617.724,181,1,0,0.982478,0.991239,33,25*3*1,96*1*1
394,1445.57,723,1,0,0.962181,0.981091,75,25*6*1,96*2*2
395,1794.68,1085,0,0,0.991096,0.995548,76,25*3*3,96*3*2
396,579.103,180,0,0,0.878773,0.939386,31,25*2*1,96*1*1
397,331.65,91,1,0,0.99412,0.99706,18,25*1*1,48*1*1
398,2779.05,2169,0,0,0.884115,0.942058,91,25*6*2,96*6*2
399,2819.65,2170,1,0,0.871385,0.935692,91,25*6*2,96*6*2
400,1231.87,542,0,0,0.997264,0.998632,69,25*6*1,96*3*1
401,1126.27,543,1,0,0.981381,0.990691,60,25*6*1,96*3*1
402,3151.52,2169,0,0,0.779624,0.889812,91,25*6*2,96*6*2
403,3593.87,2169,0,0,0.999786,0.999893,96,25*6*3,96*6*2
404,3199.29,2169,0,0,0.767983,0.883991,91,25*6*2,96*6*2
405,16034.8,4339,0,0,0.348629,0.674315,105,25*6*6,96*12*2
406,15651.2,4339,1,0,0.357174,0.678587,105,25*6*6,96*12*2
407,20882.6,4340,1,0,0.267697,0.633848,105,25*6*6,96*12*2
408,4874.17,4339,0,0,0.92545,0.962725,103,25*6*4,96*12*2
409,4816.72,4339,1,0,0.936488,0.968244,103,25*6*4,96*12*2
410,15871.8,4339,0,0,0.35221,0.676105,105,25*6*6,96*12*2
411,6490.76,4339,1,0,0.861255,0.930628,105,25*6*6,96*12*2
412,6071.56,4340,1,0,0.920719,0.960359,105,25*6*6,96*12*2
413,6969.86,4339,1,0,0.802053,0.901027,105,25*6*6,96*12*2
414,14799.6,4340,1,0,0.377726,0.688863,105,25*6*6,96*12*2
415,15587.7,4339,1,0,0.358629,0.679314,105,25*6*6,96*12*2
416,11302.9,4340,1,0,0.494581,0.747291,105,25*6*6,96*12*2
417,8356.07,4339,1,0,0.668999,0.834499,105,25*6*6,96*12*2
418,14989.2,4340,1,0,0.372949,0.686474,105,25*6*6,96*12*2
419,7215.16,4339,1,0,0.774785,0.887393,105,25*6*6,96*12*2
420,12681.5,4340,1,0,0.440815,0.720408,105,25*6*6,96*12*2
421,7904.85,4339,1,0,0.707186,0.853593,105,25*6*6,96*12*2
422,8218.82,4340,1,0,0.680171,0.840085,105,25*6*6,96*12*2
423,6785.64,4339,1,0,0.823828,0.911914,105,25*6*6,96*12*2
424,8958.65,4340,1,0,0.624,0.812,105,25*6*6,96*12*2
425,8079.77,4339,1,0,0.691876,0.845938,105,25*6*6,96*12*2
426,10357.1,4340,1,0,0.539746,0.769873,105,25*6*6,96*12*2
427,7140.9,4339,1,0,0.782842,0.891421,105,25*6*6,96*12*2
428,8168.07,4340,1,0,0.684397,0.842198,105,25*6*6,96*12*2
429,5820.2,4339,1,0,0.960482,0.980241,105,25*6*6,96*12*2
430,6095.89,4340,1,0,0.917044,0.958522,105,25*6*6,96*12*2
431,2588.72,2169,0,0,0.949118,0.974559,91,25*6*2,96*6*2
432,719.874,271,0,0,0.955862,0.977931,45,25*3*1,48*3*1
433,2220.3,1446,0,0,0.985542,0.992771,89,25*6*2,96*4*2
434,2488.53,2170,1,0,0.98733,0.993665,91,25*6*2,96*6*2
435,5105.92,4339,0,0,0.989146,0.994573,104,25*6*5,96*12*2
436,5092.5,4339,1,0,0.991753,0.995876,104,25*6*5,96*12*2
437,19461.8,4339,0,0,0.28724,0.64362,105,25*6*6,96*12*2
438,3547.38,2169,0,0,0.692624,0.846312,91,25*6*2,96*6*2
439,5710.76,4339,0,0,0.978889,0.989444,105,25*6*6,96*12*2
440,19978.5,4339,1,0,0.279811,0.639905,105,25*6*6,96*12*2
441,12516,4340,1,0,0.446644,0.723322,105,25*6*6,96*12*2
442,13833.3,4339,1,0,0.404112,0.702056,105,25*6*6,96*12*2
443,6493.1,4340,1,0,0.860945,0.930472,105,25*6*6,96*12*2
444,12746.5,4339,1,0,0.438567,0.719284,105,25*6*6,96*12*2
445,12118,4340,1,0,0.461314,0.730657,105,25*6*6,96*12*2
446,7530.64,4339,1,0,0.742327,0.871164,105,25*6*6,96*12*2
447,1941.34,1446,0,0,0.999876,0.999938,87,25*3*3,96*4*2
448,1030.02,542,0,0,0.939205,0.969603,58,25*2*2,96*3*1
449,0,0,0,0,0,0,0,1*1*1,1*1*1
450,0,0,0,0,0,0,0,1*1*1,1*1*1
451,0,0,0,0,0,0,0,1*1*1,1*1*1
452,819.263,271,0,0,0.880914,0.940457,46,25*3*1,48*3*1
453,111.896,0,0,0,0,0,0,1*1*1,1*1*1
454,879.064,542,0,0,0.995377,0.997688,47,25*2*2,96*3*1
455,863.991,271,0,0,0.83531,0.917655,46,25*3*1,48*3*1
456,403.186,90,1,0,0.859405,0.929702,19,25*1*1,48*1*1
457,0,0,0,0,0,0,0,1*1*1,1*1*1
458,717.659,271,1,0,0.958812,0.979406,45,25*3*1,48*3*1
459,1193.27,543,1,0,0.973208,0.986604,62,25*6*1,96*3*1
460,2375.02,1446,0,0,0.949634,0.974817,90,25*6*2,96*4*2
461,4532.79,4339,0,0,0.995149,0.997574,103,25*6*4,96*12*2
462,5264.37,4339,0,0,0.959374,0.979687,104,25*6*5,96*12*2
463,7623.02,4339,0,0,0.733331,0.866666,105,25*6*6,96*12*2
464,4279.81,2169,0,0,0.880763,0.940382,102,25*6*3,96*6*2
465,1883.51,1085,1,0,0.997871,0.998935,82,25*3*3,96*3*2
466,1952.12,1447,1,0,0.994355,0.997177,87,25*3*3,96*4*2
467,237.952,45,0,0,0.938425,0.969212,8,5*1*1,24*1*1
468,2153.32,1446,0,0,0.998319,0.999159,88,25*2*5,96*4*2
469,0,0,0,0,0,0,0,1*1*1,1*1*1
470,753,271,0,0,0.958433,0.979216,46,25*3*1,48*3*1
471,1403.91,723,1,0,0.990733,0.995367,75,25*6*1,96*2*2
472,372.158,91,1,0,0.931056,0.965528,19,25*1*1,48*1*1
473,0,0,0,0,0,0,0,1*1*1,1*1*1
474,0,0,0,0,0,0,0,1*1*1,1*1*1
475,993.313,542,0,0,0.973913,0.986956,58,25*2*2,96*3*1
476,0,0,0,0,0,0,0,1*1*1,1*1*1
477,261.629,45,0,0,0.853499,0.926749,8,5*1*1,24*1*1
478,0,0,0,0,0,0,0,1*1*1,1*1*1
479,113.347,0,0,0,0,0,0,1*1*1,1*1*1
480,0,0,0,0,0,0,0,1*1*1,1*1*1
481,0,0,0,0,0,0,0,1*1*1,1*1*1
482,0,0,0,0,0,0,0,1*1*1,1*1*1
483,141.167,0,0,0,0,0,0,1*1*1,1*1*1
484,3623.2,2169,0,0,0.998648,0.999324,98,25*6*3,96*6*2
485,5046.18,4339,0,0,0.893904,0.946952,103,25*6*4,96*12*2
486,4281.59,2169,0,0,0.880397,0.940199,102,25*6*3,96*6*2
487,2147.37,1447,1,0,0.903943,0.951971,87,25*3*3,96*4*2
488,16772.1,4339,0,0,0.333304,0.666652,105,25*6*6,96*12*2
489,1965.63,1446,0,0,0.987521,0.99376,87,25*3*3,96*4*2
490,20052.9,4339,0,0,0.278773,0.639386,105,25*6*6,96*12*2
491,2192.39,1446,0,0,0.998089,0.999044,89,25*6*2,96*4*2
492,2152.36,1446,0,0,0.998764,0.999382,88,25*2*5,96*4*2
493,3857.02,2169,0,0,0.977309,0.988654,102,25*6*3,96*6*2
494,3786.31,2170,1,0,0.99556,0.99778,102,25*6*3,96*6*2
495,3080.01,2169,0,0,0.797725,0.898862,91,25*6*2,96*6*2
496,2977.2,2170,1,0,0.825272,0.912636,91,25*6*2,96*6*2
497,1479.29,723,0,0,0.940248,0.970124,75,25*6*1,96*2*2
498,3155,2169,0,0,0.778764,0.889382,91,25*6*2,96*6*2
499,3516.86,2170,1,0,0.698635,0.849317,91,25*6*2,96*6*2
500,3120.8,2170,1,0,0.787298,0.893649,91,25*6*2,96*6*2
501,2223.46,1447,1,0,0.984142,0.992071,89,25*6*2,96*4*2
502,5856.81,4339,0,0,0.954479,0.977239,105,25*6*6,96*12*2
503,4095.87,2169,0,0,0.920317,0.960159,102,25*6*3,96*6*2
504,3793.35,2170,1,0,0.993713,0.996856,102,25*6*3,96*6*2
505,2562.19,2169,0,0,0.958945,0.979473,91,25*6*2,96*6*2
506,1155.36,542,0,0,0.976059,0.98803,61,25*6*1,96*3*1
507,3328.22,2169,0,0,0.738232,0.869116,91,25*6*2,96*6*2
508,3543.28,2170,1,0,0.693425,0.846713,91,25*6*2,96*6*2
509,3289.89,2170,1,0,0.746833,0.873417,91,25*6*2,96*6*2
510,1890.51,1085,0,0,0.998619,0.99931,83,25*3*3,96*3*2
511,3972.31,2169,1,0,0.948944,0.974472,102,25*6*3,96*6*2
512,7247.81,4339,0,0,0.771295,0.885648,105,25*6*6,96*12*2
513,4096.66,2169,0,0,0.92014,0.96007,102,25*6*3,96*6*2
514,5081.82,4339,0,0,0.993837,0.996918,104,25*6*5,96*12*2
515,2647.21,2169,0,0,0.928147,0.964073,91,25*6*2,96*6*2
516,1557.41,723,0,0,0.893085,0.946543,75,25*6*1,96*2*2
517,1009.16,542,0,0,0.958619,0.97931,58,25*2*2,96*3*1
518,2412.77,1447,1,0,0.934776,0.967388,90,25*6*2,96*4*2
519,93.3607,0,0,0,0,0,0,1*1*1,1*1*1
520,0,0,0,0,0,0,0,1*1*1,1*1*1
521,507.135,180,0,0,0.981395,0.990698,30,25*2*1,96*1*1
522,802.016,272,1,0,0.899857,0.949929,46,25*3*1,48*3*1
523,275.591,45,0,0,0.810259,0.905129,8,5*1*1,24*1*1
524,545.093,180,0,0,0.933602,0.966801,31,25*2*1,96*1*1
525,485.447,91,1,0,0.996401,0.998201,28,25*2*1,48*1*1
526,2505.42,2169,0,0,0.980674,0.990337,91,25*6*2,96*6*2
527,1150.4,542,0,0,0.980268,0.990134,61,25*6*1,96*3*1
528,1817.18,1085,0,0,0.978824,0.989412,76,25*3*3,96*3*2
529,623.922,180,0,0,0.998522,0.999261,34,25*3*1,96*1*1
530,745.277,272,1,0,0.968365,0.984182,46,25*3*1,48*3*1
531,1031.43,542,0,0,0.937921,0.968961,58,25*2*2,96*3*1
532,0,0,0,0,0,0,0,1*1*1,1*1*1
533,0,0,0,0,0,0,0,1*1*1,1*1*1
534,845.54,271,0,0,0.853537,0.926769,46,25*3*1,48*3*1
535,0,0,0,0,0,0,0,1*1*1,1*1*1
536,0,0,0,0,0,0,0,1*1*1,1*1*1
537,523.027,181,1,0,0.97299,0.986495,31,25*2*1,96*1*1
538,0,0,0,0,0,0,0,1*1*1,1*1*1
539,0,0,0,0,0,0,0,1*1*1,1*1*1
540,730.22,271,1,0,0.988332,0.994166,46,25*3*1,48*3*1
541,98.8366,0,0,0,0,0,0,1*1*1,1*1*1
542,454.655,90,1,0,0.977664,0.988832,20,25*2*1,48*1*1
543,0,0,0,0,0,0,0,1*1*1,1*1*1
544,992.296,542,0,0,0.974911,0.987455,58,25*2*2,96*3*1
545,561.466,180,0,0,0.906377,0.953189,31,25*2*1,96*1*1
546,147.639,0,0,0,0,0,0,1*1*1,1*1*1
547,721.382,272,1,0,0.953864,0.976932,45,25*3*1,48*3*1
548,2910.05,2169,0,0,0.844315,0.922158,91,25*6*2,96*6*2
549,2008.95,1446,0,0,0.966226,0.983113,87,25*3*3,96*4*2
550,3186.21,2169,0,0,0.771136,0.885568,91,25*6*2,96*6*2
551,14902.6,4339,0,0,0.375116,0.687558,105,25*6*6,96*12*2
552,18531.8,4339,1,0,0.301654,0.650827,105,25*6*6,96*12*2
553,15678,4340,1,0,0.356563,0.678282,105,25*6*6,96*12*2
554,15312.7,4339,1,0,0.36507,0.682535,105,25*6*6,96*12*2
555,19826,4340,1,0,0.281963,0.640982,105,25*6*6,96*12*2
556,12500.8,4339,1,0,0.447187,0.723594,105,25*6*6,96*12*2
557,16337.7,4340,1,0,0.342166,0.671083,105,25*6*6,96*12*2
558,25080.4,4339,1,0,0.222891,0.611446,105,25*6*6,96*12*2
559,19966.7,4340,1,0,0.279976,0.639988,105,25*6*6,96*12*2
560,16662.1,4339,1,0,0.335504,0.667752,105,25*6*6,96*12*2
561,15663.7,4340,1,0,0.356889,0.678444,105,25*6*6,96*12*2
562,15278.8,4339,1,0,0.36588,0.68294,105,25*6*6,96*12*2
563,20124.2,4340,1,0,0.277785,0.638892,105,25*6*6,96*12*2
564,9717.11,4339,1,0,0.575295,0.787647,105,25*6*6,96*12*2
565,20155.7,4340,1,0,0.277351,0.638675,105,25*6*6,96*12*2
566,25827.8,4339,1,0,0.216441,0.608221,105,25*6*6,96*12*2
567,15207.9,4340,1,0,0.367585,0.683793,105,25*6*6,96*12*2
568,12499.1,4339,1,0,0.447248,0.723624,105,25*6*6,96*12*2
569,16245.6,4340,1,0,0.344105,0.672053,105,25*6*6,96*12*2
570,25467.4,4339,1,0,0.219504,0.609752,105,25*6*6,96*12*2
571,20024.9,4340,1,0,0.279162,0.639581,105,25*6*6,96*12*2
572,24906.2,4339,1,0,0.22445,0.612225,105,25*6*6,96*12*2
573,11491.1,4340,1,0,0.486481,0.74324,105,25*6*6,96*12*2
574,12659.2,4339,1,0,0.441592,0.720796,105,25*6*6,96*12*2
575,11882.2,4340,1,0,0.470468,0.735234,105,25*6*6,96*12*2
576,16406.9,4339,1,0,0.340723,0.670361,105,25*6*6,96*12*2
577,12472.9,4340,1,0,0.448188,0.724094,105,25*6*6,96*12*2
578,12402.6,4339,1,0,0.450728,0.725364,105,25*6*6,96*12*2
579,15424,4339,1,0,0.362435,0.681218,105,25*6*6,96*12*2
580,12475.8,4340,1,0,0.448083,0.724042,105,25*6*6,96*12*2
581,10703.1,4339,1,0,0.522297,0.761149,105,25*6*6,96*12*2
582,12637.8,4340,1,0,0.44234,0.72117,105,25*6*6,96*12*2
583,14624.2,4339,1,0,0.382257,0.691128,105,25*6*6,96*12*2
584,15685.5,4340,1,0,0.356393,0.678196,105,25*6*6,96*12*2
585,5974.52,4339,1,0,0.935673,0.967837,105,25*6*6,96*12*2
586,15542.2,4340,1,0,0.359679,0.679839,105,25*6*6,96*12*2
587,3401.88,2169,0,0,0.722248,0.861124,91,25*6*2,96*6*2
588,980.995,543,1,0,0.986142,0.993071,58,25*2*2,96*3*1
589,1065.25,542,1,0,0.908144,0.954072,58,25*2*2,96*3*1
590,0,0,0,0,0,0,0,1*1*1,1*1*1
591,188.671,11,0,0,0.983193,0.991596,4,5*1*1,6*1*1
592,1512.09,723,0,0,0.919853,0.959926,75,25*6*1,96*2*2
593,362.42,90,1,0,0.956073,0.978037,19,25*1*1,48*1*1
594,2963.62,2169,0,0,0.829054,0.914527,91,25*6*2,96*6*2
595,654.439,271,0,0,0.987258,0.993629,41,25*3*1,48*3*1
596,9451.85,4339,0,0,0.59144,0.79572,105,25*6*6,96*12*2
597,1692,723,0,0,0.822045,0.911022,75,25*6*1,96*2*2
598,19757.8,4339,0,0,0.282936,0.641468,105,25*6*6,96*12*2
599,20075.5,4339,1,0,0.278459,0.639229,105,25*6*6,96*12*2
600,13675.4,4340,1,0,0.408778,0.704389,105,25*6*6,96*12*2
601,1730.13,723,0,0,0.803928,0.901964,75,25*6*1,96*2*2
602,7966.08,4339,0,0,0.70175,0.850875,105,25*6*6,96*12*2
603,15825.7,4339,1,0,0.353236,0.676618,105,25*6*6,96*12*2
604,15897.7,4340,1,0,0.351636,0.675818,105,25*6*6,96*12*2
605,19911.7,4339,1,0,0.28075,0.640375,105,25*6*6,96*12*2
606,12652.9,4340,1,0,0.441812,0.720906,105,25*6*6,96*12*2
607,1601.94,723,0,0,0.86826,0.93413,75,25*6*1,96*2*2
608,94.5331,0,0,0,0,0,0,1*1*1,1*1*1
609,0,0,0,0,0,0,0,1*1*1,1*1*1
610,0,0,0,0,0,0,0,1*1*1,1*1*1
611,1455.12,723,1,0,0.955866,0.977933,75,25*6*1,96*2*2
612,284.364,60,1,0,0.992038,0.996019,9,25*1*1,32*1*1
613,0.402026,0,0,0,0,0,0,1*1*1,1*1*1
614,182.042,7,0,0,0.949781,0.97489,3,1*1*1,4*1*1
615,0,0,0,0,0,0,0,1*1*1,1*1*1
616,0,0,0,0,0,0,0,1*1*1,1*1*1
617,964.654,542,0,0,0.991236,0.995618,57,25*2*2,96*3*1
618,1602.58,723,0,0,0.867913,0.933956,75,25*6*1,96*2*2
619,1240.22,542,1,0,0.999581,0.99979,70,25*6*1,96*3*1
620,197.512,15,0,0,0.960448,0.980224,5,5*1*1,8*1*1
621,150.032,0,0,0,0,0,0,1*1*1,1*1*1
622,358.37,90,0,0,0.966878,0.983439,19,25*1*1,48*1*1
623,0,0,0,0,0,0,0,1*1*1,1*1*1
624,244.596,45,0,0,0.912934,0.956467,8,5*1*1,24*1*1
625,0,0,0,0,0,0,0,1*1*1,1*1*1
626,0,0,0,0,0,0,0,1*1*1,1*1*1
627,0,0,0,0,0,0,0,1*1*1,1*1*1
628,168.898,3,0,0,0.998828,0.999414,1,1*1*1,2*1*1
629,76.5802,1,1,0,0,0,0,1*1*1,1*1*1
630,0,0,0,0,0,0,0,1*1*1,1*1*1
631,148.98,1,1,0,0,0,0,1*1*1,1*1*1
632,108.68,1,1,0,0,0,0,1*1*1,1*1*1
633,19.0098,0,0,0,0,0,0,1*1*1,1*1*1
634,43.5193,1,1,0,0,0,0,1*1*1,1*1*1
635,0,0,0,0,0,0,0,1*1*1,1*1*1
636,73.7673,1,1,0,0,0,0,1*1*1,1*1*1
637,116.811,1,1,0,0,0,0,1*1*1,1*1*1
638,199.403,22,0,0,0.993465,0.996733,6,5*1*1,12*1*1
639,176.24,7,0,0,0.981049,0.990524,3,1*1*1,4*1*1
640,60.9284,1,1,0,0,0,0,1*1*1,1*1*1
641,169.895,4,1,0,0.992966,0.996483,1,1*1*1,2*1*1
642,29.8969,0,0,0,0,0,0,1*1*1,1*1*1
643,93.2587,1,1,0,0,0,0,1*1*1,1*1*1
644,118.256,1,1,0,0,0,0,1*1*1,1*1*1
645,1.29984,0,0,0,0,0,0,1*1*1,1*1*1
646,113.373,1,1,0,0,0,0,1*1*1,1*1*1
647,208.895,30,0,0,0.988535,0.994267,7,5*1*1,16*1*1
648,0,0,0,0,0,0,0,1*1*1,1*1*1
649,226.01,45,1,0,0.988009,0.994005,8,5*1*1,24*1*1
650,235.647,45,1,0,0.947604,0.973802,8,5*1*1,24*1*1
651,79.5698,0,0,0,0,0,0,1*1*1,1*1*1
652,249.776,45,1,0,0.894001,0.947001,8,5*1*1,24*1*1
653,60.4658,0,0,0,0,0,0,1*1*1,1*1*1
654,28.3402,0,0,0,0,0,0,1*1*1,1*1*1
655,173.473,7,0,0,0.996697,0.998348,3,1*1*1,4*1*1
656,158.42,1,1,0,0,0,0,1*1*1,1*1*1
657,0,0,0,0,0,0,0,1*1*1,1*1*1
658,330.18,90,0,0,0.998546,0.999273,18,25*1*1,48*1*1
659,1141.57,542,1,0,0.98785,0.993925,61,25*6*1,96*3*1
660,2981.89,2169,0,0,0.823974,0.911987,91,25*6*2,96*6*2
661,4985.45,4339,0,0,0.904793,0.952396,103,25*6*4,96*12*2
662,15888.1,4339,0,0,0.351848,0.675924,105,25*6*6,96*12*2
663,6252.5,4339,1,0,0.894074,0.947037,105,25*6*6,96*12*2
664,15789.3,4340,1,0,0.35405,0.677025,105,25*6*6,96*12*2
665,862.421,271,0,0,0.83683,0.918415,46,25*3*1,48*3*1
666,9816.08,4339,0,0,0.569494,0.784747,105,25*6*6,96*12*2
667,7903.1,4339,1,0,0.707343,0.853671,105,25*6*6,96*12*2
668,1482.76,723,0,0,0.938048,0.969024,75,25*6*1,96*2*2
669,15823.3,4339,0,0,0.353289,0.676645,105,25*6*6,96*12*2
670,2424.04,1446,0,0,0.93043,0.965215,90,25*6*2,96*4*2
671,20082.1,4339,0,0,0.278367,0.639184,105,25*6*6,96*12*2
672,12638.2,4339,1,0,0.442326,0.721163,105,25*6*6,96*12*2
673,3195.19,2169,0,0,0.768968,0.884484,91,25*6*2,96*6*2
674,3290.58,2170,1,0,0.746677,0.873338,91,25*6*2,96*6*2
675,3997.32,2169,0,0,0.943007,0.971503,102,25*6*3,96*6*2
676,2387.39,1446,0,0,0.944714,0.972357,90,25*6*2,96*4*2
677,3368.22,2170,1,0,0.729465,0.864733,91,25*6*2,96*6*2
678,1200.01,542,0,0,0.998075,0.999038,64,25*6*1,96*3*1
679,1046.65,542,0,0,0.924282,0.962141,58,25*2*2,96*3*1
680,1486.37,723,0,0,0.93577,0.967885,75,25*6*1,96*2*2
681,2434.63,1446,0,0,0.926383,0.963192,90,25*6*2,96*4*2
682,3314.32,2170,1,0,0.741329,0.870664,91,25*6*2,96*6*2
683,3937.85,2169,0,0,0.957248,0.978624,102,25*6*3,96*6*2
684,12419.9,4339,0,0,0.4501,0.72505,105,25*6*6,96*12*2
685,1176.33,542,0,0,0.987223,0.993611,62,25*6*1,96*3*1
686,1919.2,1085,0,0,0.996822,0.998411,85,25*3*3,96*3*2
687,2573.45,2169,0,0,0.954749,0.977375,91,25*6*2,96*6*2
688,6364.72,4339,0,0,0.87831,0.939155,105,25*6*6,96*12*2
689,2471.67,2169,0,0,0.994065,0.997032,91,25*6*2,96*6*2
690,1104.14,542,0,0,0.990907,0.995453,59,25*6*1,96*3*1
691,319.199,90,1,0,0.989038,0.994519,16,25*1*1,48*1*1
692,1037.42,542,0,0,0.932506,0.966253,58,25*2*2,96*3*1
693,547.898,180,0,0,0.928823,0.964411,31,25*2*1,96*1*1
694,1174.43,543,1,0,0.98882,0.99441,62,25*6*1,96*3*1
695,1262.27,542,1,0,0.995429,0.997714,71,25*6*1,96*3*1
696,674.577,272,1,0,0.995142,0.997571,44,25*3*1,48*3*1
697,330.972,90,1,0,0.996157,0.998078,18,25*1*1,48*1*1
698,2519.65,2169,0,0,0.975135,0.987568,91,25*6*2,96*6*2
699,2140.06,1446,0,0,0.907031,0.953515,87,25*3*3,96*4*2
700,2026.26,1447,1,0,0.957972,0.978986,87,25*3*3,96*4*2
701,2054.4,1447,1,0,0.94485,0.972425,87,25*3*3,96*4*2
702,3324.25,2169,0,0,0.739114,0.869557,91,25*6*2,96*6*2
703,3167.55,2170,1,0,0.775678,0.887839,91,25*6*2,96*6*2
704,2616.71,2170,1,0,0.938965,0.969483,91,25*6*2,96*6*2
705,15833.2,4339,0,0,0.353068,0.676534,105,25*6*6,96*12*2
706,15879.1,4339,1,0,0.352048,0.676024,105,25*6*6,96*12*2
707,20154.4,4340,1,0,0.277369,0.638684,105,25*6*6,96*12*2
708,5018.05,4339,0,0,0.898915,0.949457,103,25*6*4,96*12*2
709,5044.12,4339,1,0,0.894269,0.947134,103,25*6*4,96*12*2
710,15842.3,4339,0,0,0.352865,0.676433,105,25*6*6,96*12*2
711,6576.75,4339,1,0,0.849994,0.924997,105,25*6*6,96*12*2
712,6255.81,4340,1,0,0.893601,0.946801,105,25*6*6,96*12*2
713,6270.46,4339,1,0,0.891514,0.945757,105,25*6*6,96*12*2
714,15771.3,4340,1,0,0.354454,0.677227,105,25*6*6,96*12*2
715,15812.3,4339,1,0,0.353535,0.676767,105,25*6*6,96*12*2
716,9994.66,4340,1,0,0.559319,0.779659,105,25*6*6,96*12*2
717,8208.64,4339,1,0,0.681014,0.840507,105,25*6*6,96*12*2
718,16078.5,4340,1,0,0.347682,0.673841,105,25*6*6,96*12*2
719,8083.73,4339,1,0,0.691537,0.845769,105,25*6*6,96*12*2
720,12506.1,4340,1,0,0.446998,0.723499,105,25*6*6,96*12*2
721,7985.94,4339,1,0,0.700005,0.850003,105,25*6*6,96*12*2
722,8014.42,4340,1,0,0.697518,0.848759,105,25*6*6,96*12*2
723,8008.94,4339,1,0,0.697995,0.848997,105,25*6*6,96*12*2
724,7876.69,4340,1,0,0.709714,0.854857,105,25*6*6,96*12*2
725,8053.17,4339,1,0,0.694161,0.847081,105,25*6*6,96*12*2
726,9974.44,4340,1,0,0.560453,0.780226,105,25*6*6,96*12*2
727,6312.95,4339,1,0,0.885513,0.942757,105,25*6*6,96*12*2
728,7777.71,4340,1,0,0.718746,0.859373,105,25*6*6,96*12*2
729,6161.58,4339,1,0,0.907267,0.953634,105,25*6*6,96*12*2
730,5136.83,4339,0,0,0.983194,0.991597,104,25*6*5,96*12*2
731,2113.76,1446,0,0,0.918316,0.959158,87,25*3*3,96*4*2
732,1594.4,723,0,0,0.872366,0.936183,75,25*6*1,96*2*2
733,1864.1,1085,0,0,0.954187,0.977094,76,25*3*3,96*3*2
734,2516.39,2169,0,0,0.976399,0.988199,91,25*6*2,96*6*2
735,4923.73,4339,0,0,0.916135,0.958067,103,25*6*4,96*12*2
736,5058.23,4339,0,0,0.998472,0.999236,104,25*6*5,96*12*2
737,20170.1,4339,0,0,0.277153,0.638576,105,25*6*6,96*12*2
738,3072.11,2169,0,0,0.799776,0.899888,91,25*6*2,96*6*2
739,6290.58,4339,0,0,0.888662,0.944331,105,25*6*6,96*12*2
740,19905.8,4339,1,0,0.280833,0.640416,105,25*6*6,96*12*2
741,12458.8,4340,1,0,0.448695,0.724347,105,25*6*6,96*12*2
742,12699,4339,1,0,0.440208,0.720104,105,25*6*6,96*12*2
743,6385.66,4340,1,0,0.87543,0.937715,105,25*6*6,96*12*2
744,12653.9,4339,1,0,0.441777,0.720888,105,25*6*6,96*12*2
745,12466.8,4340,1,0,0.448407,0.724203,105,25*6*6,96*12*2
746,7966.91,4339,1,0,0.701677,0.850839,105,25*6*6,96*12*2
747,1872.64,1085,0,0,0.999178,0.999589,80,25*3*3,96*3*2
748,525.316,180,0,0,0.96875,0.984375,31,25*2*1,96*1*1
749,295.597,61,1,0,0.95434,0.97717,9,25*1*1,32*1*1
750,28.1773,0,0,0,0,0,0,1*1*1,1*1*1
751,94.7315,0,0,0,0,0,0,1*1*1,1*1*1
752,21.8409,0,0,0,0,0,0,1*1*1,1*1*1
753,154.618,0,0,0,0,0,0,1*1*1,1*1*1
754,390.051,90,1,0,0.888345,0.944173,19,25*1*1,48*1*1
755,467.502,90,1,0,0.998712,0.999356,24,25*2*1,48*1*1
756,195.26,15,0,0,0.971525,0.985763,5,5*1*1,8*1*1
757,359.103,90,0,0,0.964904,0.982452,19,25*1*1,48*1*1
758,707.896,271,1,0,0.972035,0.986018,45,25*3*1,48*3*1
759,1676.77,724,1,0,0.829512,0.914756,75,25*6*1,96*2*2
760,1966.02,1446,0,0,0.987325,0.993662,87,25*3*3,96*4*2
761,3914.92,2170,1,0,0.962855,0.981427,102,25*6*3,96*6*2
762,5062.74,4339,0,0,0.997582,0.998791,104,25*6*5,96*12*2
763,6270.93,4339,0,0,0.891447,0.945723,105,25*6*6,96*12*2
764,4052.3,2169,0,0,0.930212,0.965106,102,25*6*3,96*6*2
765,1476.35,723,0,0,0.942121,0.97106,75,25*6*1,96*2*2
766,2111.54,1446,0,0,0.919282,0.959641,87,25*3*3,96*4*2
767,888.873,542,0,0,0.984393,0.992196,47,25*2*2,96*3*1
768,1650.01,723,0,0,0.842965,0.921482,75,25*6*1,96*2*2
769,106.119,0,0,0,0,0,0,1*1*1,1*1*1
770,0,0,0,0,0,0,0,1*1*1,1*1*1
771,1030.25,542,0,0,0.938995,0.969498,58,25*2*2,96*3*1
772,0,0,0,0,0,0,0,1*1*1,1*1*1
773,0,0,0,0,0,0,0,1*1*1,1*1*1
774,164.472,0,0,0,0,0,0,1*1*1,1*1*1
775,0,0,0,0,0,0,0,1*1*1,1*1*1
776,0,0,0,0,0,0,0,1*1*1,1*1*1
777,0,0,0,0,0,0,0,1*1*1,1*1*1
778,460.927,90,0,0,0.999291,0.999645,21,25*2*1,48*1*1
779,145.717,0,0,0,0,0,0,1*1*1,1*1*1
780,194.733,15,0,0,0.974154,0.987077,5,5*1*1,8*1*1
781,33.4861,0,0,0,0,0,0,1*1*1,1*1*1
782,149.261,0,0,0,0,0,0,1*1*1,1*1*1
783,940.684,542,0,0,0.992682,0.996341,54,25*2*2,96*3*1
784,3200.52,2170,1,0,0.767688,0.883844,91,25*6*2,96*6*2
785,5010.15,4339,0,0,0.900332,0.950166,103,25*6*4,96*12*2
786,5012.04,4339,1,0,0.899993,0.949996,103,25*6*4,96*12*2
787,1217.72,542,0,0,0.997356,0.998678,67,25*6*1,96*3*1
788,15851.6,4339,0,0,0.352658,0.676329,105,25*6*6,96*12*2
789,1847.6,1085,0,0,0.962708,0.981354,76,25*3*3,96*3*2
790,19945.3,4339,0,0,0.280277,0.640138,105,25*6*6,96*12*2
791,2714.48,2169,0,0,0.905146,0.952573,91,25*6*2,96*6*2
792,2582.84,2170,1,0,0.951278,0.975639,91,25*6*2,96*6*2
793,3084.11,2170,1,0,0.796664,0.898332,91,25*6*2,96*6*2
794,4002.9,2169,0,0,0.941692,0.970846,102,25*6*3,96*6*2
795,3112.42,2169,0,0,0.789418,0.894709,91,25*6*2,96*6*2
796,3123.8,2170,1,0,0.786542,0.893271,91,25*6*2,96*6*2
797,1993.76,1446,0,0,0.973588,0.986794,87,25*3*3,96*4*2
798,4014.26,2170,1,0,0.939027,0.969514,102,25*6*3,96*6*2
799,4024.65,2170,1,0,0.936603,0.968302,102,25*6*3,96*6*2
800,3110.1,2169,0,0,0.790007,0.895003,91,25*6*2,96*6*2
801,2618.46,2170,1,0,0.938338,0.969169,91,25*6*2,96*6*2
802,5142.58,4339,0,0,0.982095,0.991047,104,25*6*5,96*12*2
803,3915.31,2169,0,0,0.962759,0.98138,102,25*6*3,96*6*2
804,3970.77,2170,1,0,0.949312,0.974656,102,25*6*3,96*6*2
805,2482.38,2169,0,0,0.989776,0.994888,91,25*6*2,96*6*2
806,2044.11,1446,0,0,0.949606,0.974803,87,25*3*3,96*4*2
807,3070.79,2169,0,0,0.80012,0.90006,91,25*6*2,96*6*2
808,3971.41,2169,0,0,0.949159,0.97458,102,25*6*3,96*6*2
809,3780.26,2170,1,0,0.997154,0.998577,102,25*6*3,96*6*2
810,2515.98,2169,0,0,0.976558,0.988279,91,25*6*2,96*6*2
811,4080.67,2169,0,0,0.923745,0.961873,102,25*6*3,96*6*2
812,6231.37,4339,0,0,0.897106,0.948553,105,25*6*6,96*12*2
813,5040.03,4339,0,0,0.894995,0.947497,103,25*6*4,96*12*2
814,5167.74,4339,0,0,0.977313,0.988657,104,25*6*5,96*12*2
815,2545.65,2169,0,0,0.965176,0.982588,91,25*6*2,96*6*2
816,1457.1,723,0,0,0.954567,0.977284,75,25*6*1,96*2*2
817,248.02,45,0,0,0.900331,0.950165,8,5*1*1,24*1*1
818,1908.92,1085,0,0,0.993389,0.996694,84,25*3*3,96*3*2
819,175.88,7,0,0,0.983057,0.991528,3,1*1*1,4*1*1
820,122.757,1,1,0,0,0,0,1*1*1,1*1*1
821,94.124,1,1,0,0,0,0,1*1*1,1*1*1
822,214.304,30,0,0,0.963584,0.981792,7,5*1*1,16*1*1
823,818.962,271,0,0,0.881237,0.940619,46,25*3*1,48*3*1
824,1401.85,723,1,0,0.992189,0.996094,75,25*6*1,96*2*2
825,654.483,271,1,0,0.987191,0.993596,41,25*3*1,48*3*1
826,2105.7,1446,0,0,0.921831,0.960916,87,25*3*3,96*4*2
827,1215.54,542,0,0,0.999144,0.999572,67,25*6*1,96*3*1
828,942.425,542,0,0,0.999761,0.999881,55,25*2*2,96*3*1
829,331.023,90,0,0,0.996003,0.998002,18,25*1*1,48*1*1
830,439.089,90,1,0,0.789134,0.894567,19,25*1*1,48*1*1
831,766.623,272,1,0,0.941401,0.970701,46,25*3*1,48*3*1
832,15.4767,0,0,0,0,0,0,1*1*1,1*1*1
833,556.273,180,1,0,0.914839,0.957419,31,25*2*1,96*1*1
834,67.0633,0,0,0,0,0,0,1*1*1,1*1*1
835,390.07,91,1,0,0.888302,0.944151,19,25*1*1,48*1*1
836,77.9217,0,0,0,0,0,0,1*1*1,1*1*1
837,0,0,0,0,0,0,0,1*1*1,1*1*1
838,97.4795,0,0,0,0,0,0,1*1*1,1*1*1
839,32.8934,0,0,0,0,0,0,1*1*1,1*1*1
840,0,0,0,0,0,0,0,1*1*1,1*1*1
841,0,0,0,0,0,0,0,1*1*1,1*1*1
842,89.3188,0,0,0,0,0,0,1*1*1,1*1*1
843,67.7659,0,0,0,0,0,0,1*1*1,1*1*1
844,968.147,542,0,0,0.999228,0.999614,58,25*2*2,96*3*1
845,425.6,90,0,0,0.814145,0.907072,19,25*1*1,48*1*1
846,2.36164,0,0,0,0,0,0,1*1*1,1*1*1
847,906.169,542,0,0,0.981053,0.990527,48,25*2*2,96*3*1
848,2502.52,2170,1,0,0.98181,0.990905,91,25*6*2,96*6*2
849,1692.48,723,0,0,0.821812,0.910906,75,25*6*1,96*2*2
850,3114.04,2169,0,0,0.789007,0.894504,91,25*6*2,96*6*2
851,15827.6,4339,0,0,0.353193,0.676597,105,25*6*6,96*12*2
852,20025.5,4339,1,0,0.279154,0.639577,105,25*6*6,96*12*2
853,15686.9,4340,1,0,0.356361,0.678181,105,25*6*6,96*12*2
854,15776.6,4339,1,0,0.354335,0.677167,105,25*6*6,96*12*2
855,19814.1,4340,1,0,0.282132,0.641066,105,25*6*6,96*12*2
856,12412.2,4339,1,0,0.450379,0.72519,105,25*6*6,96*12*2
857,15864.7,4340,1,0,0.352367,0.676184,105,25*6*6,96*12*2
858,25208.8,4339,1,0,0.221756,0.610878,105,25*6*6,96*12*2
859,20132.6,4340,1,0,0.277669,0.638835,105,25*6*6,96*12*2
860,15862.7,4339,1,0,0.352412,0.676206,105,25*6*6,96*12*2
861,15804.5,4340,1,0,0.353709,0.676855,105,25*6*6,96*12*2
862,15841,4339,1,0,0.352894,0.676447,105,25*6*6,96*12*2
863,19976.8,4340,1,0,0.279835,0.639917,105,25*6*6,96*12*2
864,9825.35,4339,1,0,0.568957,0.784478,105,25*6*6,96*12*2
865,19889.8,4340,1,0,0.281059,0.640529,105,25*6*6,96*12*2
866,25063.8,4339,1,0,0.223039,0.611519,105,25*6*6,96*12*2
867,15713.4,4340,1,0,0.35576,0.67788,105,25*6*6,96*12*2
868,12747.8,4339,1,0,0.438523,0.719261,105,25*6*6,96*12*2
869,15760.8,4340,1,0,0.35469,0.677345,105,25*6*6,96*12*2
870,24917.5,4339,1,0,0.224348,0.612174,105,25*6*6,96*12*2
871,20204.4,4340,1,0,0.276682,0.638341,105,25*6*6,96*12*2
872,25118.5,4339,1,0,0.222553,0.611277,105,25*6*6,96*12*2
873,12521.5,4340,1,0,0.446448,0.723224,105,25*6*6,96*12*2
874,12504.5,4339,1,0,0.447055,0.723528,105,25*6*6,96*12*2
875,12603.5,4340,1,0,0.443543,0.721772,105,25*6*6,96*12*2
876,15813.8,4339,1,0,0.353501,0.676751,105,25*6*6,96*12*2
877,12686.7,4340,1,0,0.440635,0.720317,105,25*6*6,96*12*2
878,12541.5,4339,1,0,0.445736,0.722868,105,25*6*6,96*12*2
879,15851,4339,1,0,0.352672,0.676336,105,25*6*6,96*12*2
880,12591.9,4340,1,0,0.443952,0.721976,105,25*6*6,96*12*2
881,10071.4,4339,1,0,0.555057,0.777528,105,25*6*6,96*12*2
882,12672.7,4340,1,0,0.441121,0.720561,105,25*6*6,96*12*2
883,16055.1,4339,1,0,0.348188,0.674094,105,25*6*6,96*12*2
884,15675.6,4340,1,0,0.356618,0.678309,105,25*6*6,96*12*2
885,4975.34,4339,0,0,0.906632,0.953316,103,25*6*4,96*12*2
886,16012.6,4339,0,0,0.349113,0.674556,105,25*6*6,96*12*2
887,3930.27,2169,0,0,0.959094,0.979547,102,25*6*3,96*6*2
888,0,0,0,0,0,0,0,1*1*1,1*1*1
889,39.6493,0,0,0,0,0,0,1*1*1,1*1*1
890,323.676,90,0,0,0.992659,0.99633,17,25*1*1,48*1*1
891,286.116,60,1,0,0.985964,0.992982,9,25*1*1,32*1*1
892,137.294,0,0,0,0,0,0,1*1*1,1*1*1
893,374.106,91,1,0,0.926208,0.963104,19,25*1*1,48*1*1
894,1946.18,1446,0,0,0.99739,0.998695,87,25*3*3,96*4*2
895,786.344,271,0,0,0.917792,0.958896,46,25*3*1,48*3*1
896,9996.24,4339,0,0,0.55923,0.779615,105,25*6*6,96*12*2
897,1604.53,723,0,0,0.866858,0.933429,75,25*6*1,96*2*2
898,19903,4339,0,0,0.280872,0.640436,105,25*6*6,96*12*2
899,19903.1,4339,1,0,0.280871,0.640435,105,25*6*6,96*12*2
900,12648.7,4340,1,0,0.441958,0.720979,105,25*6*6,96*12*2
901,2009.44,1446,0,0,0.965991,0.982995,87,25*3*3,96*4*2
902,8550.78,4339,0,0,0.653765,0.826882,105,25*6*6,96*12*2
903,15960.2,4339,1,0,0.350259,0.675129,105,25*6*6,96*12*2
904,16035.6,4340,1,0,0.348612,0.674306,105,25*6*6,96*12*2
905,20384.8,4339,1,0,0.274234,0.637117,105,25*6*6,96*12*2
906,12818.2,4340,1,0,0.436114,0.718057,105,25*6*6,96*12*2
907,1988.5,1446,0,0,0.976163,0.988081,87,25*3*3,96*4*2
908,0,0,0,0,0,0,0,1*1*1,1*1*1
909,220.302,30,0,0,0.93735,0.968675,7,5*1*1,16*1*1
910,258.668,45,1,0,0.863269,0.931634,8,5*1*1,24*1*1
911,1919.11,1085,0,0,0.996868,0.998434,85,25*3*3,96*3*2
912,0,0,0,0,0,0,0,1*1*1,1*1*1
913,410.292,90,0,0,0.84452,0.92226,19,25*1*1,48*1*1
914,268.432,45,0,0,0.831868,0.915934,8,5*1*1,24*1*1
915,250.284,45,1,0,0.892186,0.946093,8,5*1*1,24*1*1
916,211.863,30,1,0,0.974686,0.987343,7,5*1*1,16*1*1
917,1252.69,542,0,0,0.98963,0.994815,70,25*6*1,96*3*1
918,1394.47,723,1,0,0.99744,0.99872,75,25*6*1,96*2*2
919,1340.18,724,1,0,0.987703,0.993852,74,25*6*1,96*2*2
920,420.786,90,1,0,0.823459,0.911729,19,25*1*1,48*1*1
921,37.7889,0,0,0,0,0,0,1*1*1,1*1*1
922,838.96,271,1,0,0.860232,0.930116,46,25*3*1,48*3*1
923,0,0,0,0,0,0,0,1*1*1,1*1*1
924,619.971,181,1,0,0.978917,0.989458,33,25*3*1,96*1*1
925,133.837,0,0,0,0,0,0,1*1*1,1*1*1
926,159.273,0,0,0,0,0,0,1*1*1,1*1*1
927,133.972,0,0,0,0,0,0,1*1*1,1*1*1
928,0,0,0,0,0,0,0,1*1*1,1*1*1
929,0,0,0,0,0,0,0,1*1*1,1*1*1
930,0,0,0,0,0,0,0,1*1*1,1*1*1
931,179.938,7,0,0,0.960887,0.980443,3,1*1*1,4*1*1
932,0,0,0,0,0,0,0,1*1*1,1*1*1
933,287.714,60,0,0,0.980488,0.990244,9,25*1*1,32*1*1
934,0,0,0,0,0,0,0,1*1*1,1*1*1
935,112.788,0,0,0,0,0,0,1*1*1,1*1*1
936,511.939,181,1,0,0.994064,0.997032,31,25*2*1,96*1*1
937,516.596,180,1,0,0.985102,0.992551,31,25*2*1,96*1*1
938,0,0,0,0,0,0,0,1*1*1,1*1*1
939,525.734,181,1,0,0.96798,0.98399,31,25*2*1,96*1*1
940,444.004,91,1,0,0.780398,0.890199,19,25*1*1,48*1*1
941,256.307,45,0,0,0.871221,0.93561,8,5*1*1,24*1*1
942,199.133,22,1,0,0.994813,0.997406,6,5*1*1,12*1*1
943,399.806,90,0,0,0.86667,0.933335,19,25*1*1,48*1*1
944,202.294,22,0,0,0.979268,0.989634,6,5*1*1,12*1*1
945,160.39,0,0,0,0,0,0,1*1*1,1*1*1
946,0,0,0,0,0,0,0,1*1*1,1*1*1
947,39.7743,0,0,0,0,0,0,1*1*1,1*1*1
948,383.87,90,0,0,0.902649,0.951325,19,25*1*1,48*1*1
949,334.73,90,1,0,0.984973,0.992486,18,25*1*1,48*1*1
950,184.398,7,0,0,0.937646,0.968823,3,1*1*1,4*1*1
951,477.221,90,0,0,0.995975,0.997987,26,25*2*1,48*1*1
952,380.29,90,1,0,0.911147,0.955573,19,25*1*1,48*1*1
953,114.606,0,0,0,0,0,0,1*1*1,1*1*1
954,455.777,91,1,0,0.975258,0.987629,20,25*2*1,48*1*1
955,0,0,0,0,0,0,0,1*1*1,1*1*1
956,194.659,15,0,0,0.974525,0.987262,5,5*1*1,8*1*1
957,642.644,271,0,0,0.996664,0.998332,40,25*3*1,48*3*1
958,569.736,181,1,0,0.893221,0.94661,31,25*2*1,96*1*1
959,933.013,542,0,0,0.996342,0.998171,53,25*2*2,96*3*1
960,3270.48,2170,1,0,0.751266,0.875633,91,25*6*2,96*6*2
961,5267.75,4339,0,0,0.958758,0.979379,104,25*6*5,96*12*2
962,16064.1,4339,0,0,0.347993,0.673997,105,25*6*6,96*12*2
963,6099.28,4339,1,0,0.916534,0.958267,105,25*6*6,96*12*2
964,15922,4340,1,0,0.351099,0.67555,105,25*6*6,96*12*2
965,635.949,180,0,0,0.996149,0.998075,38,25*3*1,96*1*1
966,10255.7,4339,0,0,0.545082,0.772541,105,25*6*6,96*12*2
967,8178.02,4339,1,0,0.683564,0.841782,105,25*6*6,96*12*2
968,1405.63,723,0,0,0.989521,0.99476,75,25*6*1,96*2*2
969,16225,4339,0,0,0.344542,0.672271,105,25*6*6,96*12*2
970,2462.33,2169,0,0,0.997835,0.998918,91,25*6*2,96*6*2
971,20207.4,4339,0,0,0.276641,0.638321,105,25*6*6,96*12*2
972,12753.8,4339,1,0,0.438316,0.719158,105,25*6*6,96*12*2
973,3348.91,2169,0,0,0.733672,0.866836,91,25*6*2,96*6*2
974,3195.33,2170,1,0,0.768935,0.884467,91,25*6*2,96*6*2
975,4101.85,2169,0,0,0.918976,0.959488,102,25*6*3,96*6*2
976,2781.98,2169,0,0,0.883184,0.941592,91,25*6*2,96*6*2
977,3406.06,2170,1,0,0.721361,0.860681,91,25*6*2,96*6*2
978,1731.23,723,0,0,0.803417,0.901709,75,25*6*1,96*2*2
979,1395.09,723,1,0,0.996997,0.998498,75,25*6*1,96*2*2
980,1915.88,1085,0,0,0.998549,0.999274,85,25*3*3,96*3*2
981,2506.04,2169,0,0,0.980431,0.990216,91,25*6*2,96*6*2
982,3609.8,2169,0,0,0.997701,0.99885,97,25*6*3,96*6*2
983,4171.75,2170,1,0,0.903578,0.951789,102,25*6*3,96*6*2
984,12876.6,4339,0,0,0.434136,0.717068,105,25*6*6,96*12*2
985,1224.9,542,0,0,0.998367,0.999184,68,25*6*1,96*3*1
986,2154.42,1446,0,0,0.997809,0.998905,88,25*2*5,96*4*2
987,2801.71,2169,0,0,0.876964,0.938482,91,25*6*2,96*6*2
988,6306.45,4339,0,0,0.886426,0.943213,105,25*6*6,96*12*2
989,2393.03,1446,0,0,0.942487,0.971244,90,25*6*2,96*4*2
990,926.941,543,1,0,0.998338,0.999169,52,25*2*2,96*3*1
991,786.117,271,0,0,0.918057,0.959028,46,25*3*1,48*3*1
992,620.397,181,1,0,0.978245,0.989122,33,25*3*1,96*1*1
993,479.538,90,1,0,0.997001,0.998501,27,25*2*1,48*1*1
994,772.404,271,1,0,0.934356,0.967178,46,25*3*1,48*3*1
995,1354.52,724,1,0,0.977247,0.988623,74,25*6*1,96*2*2
996,785.664,271,1,0,0.918586,0.959293,46,25*3*1,48*3*1
997,775.993,271,1,0,0.930034,0.965017,46,25*3*1,48*3*1
998,2702.1,2169,0,0,0.909293,0.954646,91,25*6*2,96*6*2
999,1786.88,1085,0,0,0.995422,0.997711,76,25*3*3,96*3*2
1000,2377.59,1446,0,0,0.948608,0.974304,90,25*6*2,96*4*2
1001,2133.84,1446,0,0,0.909675,0.954837,87,25*3*3,96*4*2
1002,3306.5,2169,0,0,0.743082,0.871541,91,25*6*2,96*6*2
1003,3370.86,2170,1,0,0.728894,0.864447,91,25*6*2,96*6*2
1004,2744.73,2170,1,0,0.89517,0.947585,91,25*6*2,96*6*2
1005,15955.2,4339,0,0,0.350369,0.675184,105,25*6*6,96*12*2
1006,15959.7,4339,1,0,0.35027,0.675135,105,25*6*6,96*12*2
1007,20655,4340,1,0,0.270646,0.635323,105,25*6*6,96*12*2
1008,5425.21,4339,0,0,0.930932,0.965466,104,25*6*5,96*12*2
1009,5342.3,4339,1,0,0.945379,0.97269,104,25*6*5,96*12*2
1010,15888.2,4339,0,0,0.351846,0.675923,105,25*6*6,96*12*2
1011,6130.27,4339,1,0,0.911901,0.955951,105,25*6*6,96*12*2
1012,6214.67,4340,1,0,0.899517,0.949758,105,25*6*6,96*12*2
1013,6138.53,4339,1,0,0.910674,0.955337,105,25*6*6,96*12*2
1014,15960.9,4340,1,0,0.350243,0.675122,105,25*6*6,96*12*2
1015,16004.3,4339,1,0,0.349294,0.674647,105,25*6*6,96*12*2
1016,9976.83,4340,1,0,0.560318,0.780159,105,25*6*6,96*12*2
1017,7753.92,4339,1,0,0.720951,0.860476,105,25*6*6,96*12*2
1018,16528.8,4340,1,0,0.33821,0.669105,105,25*6*6,96*12*2
1019,7954,4339,1,0,0.702816,0.851408,105,25*6*6,96*12*2
1020,13009.8,4340,1,0,0.429691,0.714846,105,25*6*6,96*12*2
1021,7965.84,4339,1,0,0.701772,0.850886,105,25*6*6,96*12*2
1022,8230.74,4340,1,0,0.679186,0.839593,105,25*6*6,96*12*2
1023,8016.68,4339,1,0,0.697321,0.848661,105,25*6*6,96*12*2
1024,7595.88,4340,1,0,0.735952,0.867976,105,25*6*6,96*12*2
1025,7886.1,4339,1,0,0.708868,0.854434,105,25*6*6,96*12*2
1026,10368.9,4340,1,0,0.539131,0.769566,105,25*6*6,96*12*2
1027,6671.46,4339,1,0,0.837928,0.918964,105,25*6*6,96*12*2
1028,8184.97,4340,1,0,0.682984,0.841492,105,25*6*6,96*12*2
1029,6364.07,4339,1,0,0.8784,0.9392,105,25*6*6,96*12*2
1030,5420.74,4339,0,0,0.931699,0.96585,104,25*6*5,96*12*2
1031,2013.1,1446,0,0,0.964234,0.982117,87,25*3*3,96*4*2
1032,1615.65,723,0,0,0.860892,0.930446,75,25*6*1,96*2*2
1033,2156.01,1446,0,0,0.997073,0.998537,88,25*2*5,96*4*2
1034,2706.48,2169,0,0,0.907821,0.953911,91,25*6*2,96*6*2
1035,5334.62,4339,0,0,0.94674,0.97337,104,25*6*5,96*12*2
1036,5601.31,4339,0,0,0.998017,0.999008,105,25*6*6,96*12*2
1037,19868.8,4339,1,0,0.281356,0.640678,105,25*6*6,96*12*2
1038,3333.67,2169,0,0,0.737026,0.868513,91,25*6*2,96*6*2
1039,6387.88,4339,0,0,0.875126,0.937563,105,25*6*6,96*12*2
1040,19760.4,4339,1,0,0.282899,0.64145,105,25*6*6,96*12*2
1041,12568.3,4340,1,0,0.444786,0.722393,105,25*6*6,96*12*2
1042,13024.6,4339,1,0,0.429203,0.714602,105,25*6*6,96*12*2
1043,6430.29,4340,1,0,0.869354,0.934677,105,25*6*6,96*12*2
1044,12683.8,4339,1,0,0.440735,0.720368,105,25*6*6,96*12*2
1045,12626.6,4340,1,0,0.442732,0.721366,105,25*6*6,96*12*2
1046,8119.78,4339,1,0,0.688467,0.844233,105,25*6*6,96*12*2
1047,2205.53,1446,0,0,0.992142,0.996071,89,25*6*2,96*4*2
1048,724.299,271,0,0,0.996412,0.998206,46,25*3*1,48*3*1
1049,0,0,0,0,0,0,0,1*1*1,1*1*1
1050,25.1509,0,0,0,0,0,0,1*1*1,1*1*1
1051,0,0,0,0,0,0,0,1*1*1,1*1*1
1052,246.955,45,0,0,0.904213,0.952107,8,5*1*1,24*1*1
1053,426.72,90,0,0,0.812008,0.906004,19,25*1*1,48*1*1
1054,863.721,271,1,0,0.835571,0.917785,46,25*3*1,48*3*1
1055,899.918,542,0,0,0.987868,0.993934,48,25*2*2,96*3*1
1056,247.535,45,0,0,0.902095,0.951047,8,5*1*1,24*1*1
1057,278.249,45,1,0,0.802519,0.901259,8,5*1*1,24*1*1
1058,1194.92,542,0,0,0.998812,0.999406,63,25*6*1,96*3*1
1059,1681.84,723,1,0,0.827011,0.913505,75,25*6*1,96*2*2
1060,2331.17,1446,0,0,0.967497,0.983749,90,25*6*2,96*4*2
1061,3737.62,2169,0,0,0.99055,0.995275,101,25*6*3,96*6*2
1062,5099.09,4339,0,0,0.990471,0.995235,104,25*6*5,96*12*2
1063,6418.42,4339,0,0,0.870962,0.935481,105,25*6*6,96*12*2
1064,4401.39,2169,0,0,0.856434,0.928217,102,25*6*3,96*6*2
1065,1635.25,723,0,0,0.850573,0.925287,75,25*6*1,96*2*2
1066,2003.8,1446,0,0,0.968709,0.984355,87,25*3*3,96*4*2
1067,750.34,271,0,0,0.961831,0.980915,46,25*3*1,48*3*1
1068,1773.28,723,1,0,0.784366,0.892183,75,25*6*1,96*2*2
1069,156.401,0,0,0,0,0,0,1*1*1,1*1*1
1070,156.04,0,0,0,0,0,0,1*1*1,1*1*1
1071,1197.18,543,1,0,0.996926,0.998463,63,25*6*1,96*3*1
1072,326.605,90,1,0,0.983757,0.991879,17,25*1*1,48*1*1
1073,0,0,0,0,0,0,0,1*1*1,1*1*1
1074,364.721,90,1,0,0.950041,0.975021,19,25*1*1,48*1*1
1075,0,0,0,0,0,0,0,1*1*1,1*1*1
1076,67.8955,0,0,0,0,0,0,1*1*1,1*1*1
1077,788.052,272,1,0,0.915803,0.957901,46,25*3*1,48*3*1
1078,550.291,181,1,0,0.924783,0.962392,31,25*2*1,96*1*1
1079,308.581,60,1,0,0.986775,0.993387,13,25*1*1,32*1*1
1080,820.76,271,1,0,0.879307,0.939653,46,25*3*1,48*3*1
1081,398.31,91,1,0,0.869925,0.934963,19,25*1*1,48*1*1
1082,428.809,90,1,0,0.808052,0.904026,19,25*1*1,48*1*1
1083,651.546,271,1,0,0.991641,0.995821,41,25*3*1,48*3*1
1084,3172.24,2169,0,0,0.774532,0.887266,91,25*6*2,96*6*2
1085,4962.98,4339,0,0,0.908889,0.954445,103,25*6*4,96*12*2
1086,5568.25,4339,0,0,0.907017,0.953509,104,25*6*5,96*12*2
1087,1590.81,723,0,0,0.874334,0.937167,75,25*6*1,96*2*2
1088,16159.7,4339,0,0,0.345935,0.672967,105,25*6*6,96*12*2
1089,1950.3,1446,0,0,0.995283,0.997641,87,25*3*3,96*4*2
1090,19838.6,4339,0,0,0.281784,0.640892,105,25*6*6,96*12*2
1091,2630.83,2169,0,0,0.933926,0.966963,91,25*6*2,96*6*2
1092,2528.28,2170,1,0,0.971807,0.985903,91,25*6*2,96*6*2
1093,3054.01,2170,1,0,0.804516,0.902258,91,25*6*2,96*6*2
1094,4199.5,2169,0,0,0.897607,0.948803,102,25*6*3,96*6*2
1095,3302.78,2169,0,0,0.743919,0.871959,91,25*6*2,96*6*2
1096,3281.65,2170,1,0,0.748709,0.874354,91,25*6*2,96*6*2
1097,2165.35,1446,0,0,0.992773,0.996386,88,25*2*5,96*4*2
1098,3821.95,2169,0,0,0.986277,0.993138,102,25*6*3,96*6*2
1099,4569.44,4339,0,0,0.987167,0.993583,103,25*6*4,96*12*2
1100,3668.78,2169,0,0,0.999978,0.999989,100,25*6*3,96*6*2
1101,2887.04,2169,0,0,0.851045,0.925522,91,25*6*2,96*6*2
1102,4901.31,4339,0,0,0.920325,0.960163,103,25*6*4,96*12*2
1103,4510.21,2169,0,0,0.83577,0.917885,102,25*6*3,96*6*2
1104,4370.18,2170,1,0,0.86255,0.931275,102,25*6*3,96*6*2
1105,2902.86,2169,0,0,0.846407,0.923203,91,25*6*2,96*6*2
1106,1819.17,1085,0,0,0.977754,0.988877,76,25*3*3,96*3*2
1107,3435.4,2169,0,0,0.715201,0.8576,91,25*6*2,96*6*2
1108,3967.11,2169,0,0,0.950188,0.975094,102,25*6*3,96*6*2
1109,3914.97,2170,1,0,0.962843,0.981421,102,25*6*3,96*6*2
1110,2827.38,2169,0,0,0.869002,0.934501,91,25*6*2,96*6*2
1111,3907.26,2169,0,0,0.964743,0.982371,102,25*6*3,96*6*2
1112,6775.53,4339,0,0,0.825057,0.912529,105,25*6*6,96*12*2
1113,5443.63,4339,0,0,0.927782,0.963891,104,25*6*5,96*12*2
1114,5467.13,4339,1,0,0.923794,0.961897,104,25*6*5,96*12*2
1115,2498.17,2169,0,0,0.98352,0.99176,91,25*6*2,96*6*2
1116,1894.11,1085,0,0,0.996721,0.998361,83,25*3*3,96*3*2
1117,290.829,60,0,0,0.969986,0.984993,9,25*1*1,32*1*1
1118,1952.92,1446,0,0,0.993948,0.996974,87,25*3*3,96*4*2
1119,96.1519,0,0,0,0,0,0,1*1*1,1*1*1
1120,368.004,90,0,0,0.941566,0.970783,19,25*1*1,48*1*1
1121,440.451,90,1,0,0.786694,0.893347,19,25*1*1,48*1*1
1122,296.632,61,1,0,0.95101,0.975505,9,25*1*1,32*1*1
1123,970.644,542,0,0,0.996658,0.998329,58,25*2*2,96*3*1
1124,1209.3,542,0,0,0.997354,0.998677,66,25*6*1,96*3*1
1125,564.389,181,1,0,0.901683,0.950842,31,25*2*1,96*1*1
1126,2357.33,1446,0,0,0.95676,0.97838,90,25*6*2,96*4*2
1127,1510.92,723,0,0,0.920565,0.960282,75,25*6*1,96*2*2
1128,1329.15,723,1,0,0.9959,0.99795,74,25*6*1,96*2*2
1129,203.793,22,0,0,0.972065,0.986032,6,5*1*1,12*1*1
1130,385.012,90,0,0,0.899972,0.949986,19,25*1*1,48*1*1
1131,957.99,542,0,0,0.998132,0.999066,57,25*2*2,96*3*1
1132,0,0,0,0,0,0,0,1*1*1,1*1*1
1133,638.217,180,0,0,0.99919,0.999595,39,25*3*1,96*1*1
1134,0,0,0,0,0,0,0,1*1*1,1*1*1
1135,656.224,272,1,0,0.997373,0.998686,42,25*3*1,48*3*1
1136,222.293,30,0,0,0.928954,0.964477,7,5*1*1,16*1*1
1137,315.798,90,0,0,0.99969,0.999845,16,25*1*1,48*1*1
1138,7.51072,0,0,0,0,0,0,1*1*1,1*1*1
1139,168.618,0,0,0,0,0,0,1*1*1,1*1*1
1140,71.0135,0,0,0,0,0,0,1*1*1,1*1*1
1141,178.865,7,0,0,0.966651,0.983325,3,1*1*1,4*1*1
1142,360.485,90,0,0,0.961205,0.980603,19,25*1*1,48*1*1
1143,34.11,0,0,0,0,0,0,1*1*1,1*1*1
1144,1061.97,542,0,0,0.910949,0.955474,58,25*2*2,96*3*1
1145,629.909,180,0,0,0.999033,0.999517,37,25*3*1,96*1*1
1146,264.813,45,0,0,0.843237,0.921618,8,5*1*1,24*1*1
1147,1557.56,723,0,0,0.892999,0.9465,75,25*6*1,96*2*2
1148,2404.24,1446,0,0,0.938093,0.969046,90,25*6*2,96*4*2
1149,2062.99,1446,0,0,0.940916,0.970458,87,25*3*3,96*4*2
1150,3109.99,2169,0,0,0.790035,0.895017,91,25*6*2,96*6*2
1151,15910.2,4339,0,0,0.35136,0.67568,105,25*6*6,96*12*2
1152,20172.3,4339,1,0,0.277123,0.638561,105,25*6*6,96*12*2
1153,15983.5,4340,1,0,0.349748,0.674874,105,25*6*6,96*12*2
1154,15664.6,4339,1,0,0.356868,0.678434,105,25*6*6,96*12*2
1155,20214.3,4340,1,0,0.276547,0.638273,105,25*6*6,96*12*2
1156,12884.5,4339,1,0,0.43387,0.716935,105,25*6*6,96*12*2
1157,16423.4,4340,1,0,0.34038,0.67019,105,25*6*6,96*12*2
1158,24982.2,4339,1,0,0.223767,0.611884,105,25*6*6,96*12*2
1159,19674.5,4340,1,0,0.284134,0.642067,105,25*6*6,96*12*2
1160,16063,4339,1,0,0.348017,0.674009,105,25*6*6,96*12*2
1161,16146.7,4340,1,0,0.346213,0.673107,105,25*6*6,96*12*2
1162,16246.1,4339,1,0,0.344095,0.672047,105,25*6*6,96*12*2
1163,19988.8,4340,1,0,0.279667,0.639833,105,25*6*6,96*12*2
1164,10249.2,4339,1,0,0.545428,0.772714,105,25*6*6,96*12*2
1165,20291.2,4340,1,0,0.275499,0.637749,105,25*6*6,96*12*2
1166,25090.2,4339,1,0,0.222804,0.611402,105,25*6*6,96*12*2
1167,15580.9,4340,1,0,0.358785,0.679393,105,25*6*6,96*12*2
1168,12581.9,4339,1,0,0.444305,0.722152,105,25*6*6,96*12*2
1169,15933.2,4340,1,0,0.350852,0.675426,105,25*6*6,96*12*2
1170,25353,4339,1,0,0.220495,0.610247,105,25*6*6,96*12*2
1171,20369.1,4340,1,0,0.274445,0.637223,105,25*6*6,96*12*2
1172,25287.9,4339,1,0,0.221062,0.610531,105,25*6*6,96*12*2
1173,12482.2,4340,1,0,0.447854,0.723927,105,25*6*6,96*12*2
1174,12813.4,4339,1,0,0.436278,0.718139,105,25*6*6,96*12*2
1175,12682.1,4340,1,0,0.440795,0.720397,105,25*6*6,96*12*2
1176,16263.9,4339,1,0,0.343718,0.671859,105,25*6*6,96*12*2
1177,12351.7,4340,1,0,0.452585,0.726293,105,25*6*6,96*12*2
1178,12396.3,4339,1,0,0.450957,0.725479,105,25*6*6,96*12*2
1179,16038.6,4339,1,0,0.348547,0.674273,105,25*6*6,96*12*2
1180,12756.1,4340,1,0,0.438237,0.719119,105,25*6*6,96*12*2
1181,10539.9,4339,1,0,0.530385,0.765192,105,25*6*6,96*12*2
1182,12904.9,4340,1,0,0.433184,0.716592,105,25*6*6,96*12*2
1183,15769.7,4339,1,0,0.35449,0.677245,105,25*6*6,96*12*2
1184,16219.7,4340,1,0,0.344655,0.672327,105,25*6*6,96*12*2
1185,5168.01,4339,0,0,0.977262,0.988631,104,25*6*5,96*12*2
1186,16291.9,4339,0,0,0.343128,0.671564,105,25*6*6,96*12*2
1187,3660.29,2169,0,0,0.993118,0.996559,99,25*6*3,96*6*2
1188,0,0,0,0,0,0,0,1*1*1,1*1*1
1189,446.643,90,0,0,0.995202,0.997601,20,25*2*1,48*1*1
1190,132.942,0,0,0,0,0,0,1*1*1,1*1*1
1191,252.873,45,0,0,0.883052,0.941526,8,5*1*1,24*1*1
1192,139.665,0,0,0,0,0,0,1*1*1,1*1*1
1193,609.431,180,0,0,0.995847,0.997923,33,25*3*1,96*1*1
1194,2219.08,1446,0,0,0.986084,0.993042,89,25*6*2,96*4*2
1195,1083.48,543,1,0,0.892864,0.946432,58,25*2*2,96*3*1
1196,10164.8,4339,0,0,0.549957,0.774978,105,25*6*6,96*12*2
1197,1574.6,723,0,0,0.883335,0.941668,75,25*6*1,96*2*2
1198,19668.5,4339,0,0,0.284221,0.64211,105,25*6*6,96*12*2
1199,20107.9,4339,1,0,0.27801,0.639005,105,25*6*6,96*12*2
1200,12873.6,4340,1,0,0.434238,0.717119,105,25*6*6,96*12*2
1201,1749.48,723,0,0,0.795036,0.897518,75,25*6*1,96*2*2
1202,7907.71,4339,0,0,0.70693,0.853465,105,25*6*6,96*12*2
1203,15741.3,4339,1,0,0.35513,0.677565,105,25*6*6,96*12*2
1204,15797.1,4340,1,0,0.353875,0.676938,105,25*6*6,96*12*2
1205,20412.9,4339,1,0,0.273856,0.636928,105,25*6*6,96*12*2
1206,12576.5,4340,1,0,0.444496,0.722248,105,25*6*6,96*12*2
1207,1604.29,723,0,0,0.866988,0.933494,75,25*6*1,96*2*2
1208,0,0,0,0,0,0,0,1*1*1,1*1*1
1209,0,0,0,0,0,0,0,1*1*1,1*1*1
1210,117.469,0,0,0,0,0,0,1*1*1,1*1*1
1211,1984.46,1446,0,0,0.97815,0.989075,87,25*3*3,96*4*2
1212,730.274,271,0,0,0.988259,0.99413,46,25*3*1,48*3*1
1213,0,0,0,0,0,0,0,1*1*1,1*1*1
1214,629.57,181,1,0,0.999571,0.999786,37,25*3*1,96*1*1
1215,499.701,180,1,0,0.995996,0.997998,30,25*2*1,96*1*1
1216,293.91,61,1,0,0.959818,0.979909,9,25*1*1,32*1*1
1217,1159.71,542,1,0,0.972398,0.986199,61,25*6*1,96*3*1
1218,1855.64,1085,0,0,0.958537,0.979269,76,25*3*3,96*3*2
1219,1319.5,723,0,0,0.977719,0.988859,73,25*6*1,96*2*2
1220,229.153,45,0,0,0.974458,0.987229,8,5*1*1,24*1*1
1221,700.68,271,0,0,0.982046,0.991023,45,25*3*1,48*3*1
1222,821.165,271,1,0,0.878873,0.939437,46,25*3*1,48*3*1
1223,250.186,45,0,0,0.892536,0.946268,8,5*1*1,24*1*1
1224,376.987,90,0,0,0.91913,0.959565,19,25*1*1,48*1*1
1225,53.2052,0,0,0,0,0,0,1*1*1,1*1*1
1226,0,0,0,0,0,0,0,1*1*1,1*1*1
1227,341.432,90,1,0,0.965639,0.982819,18,25*1*1,48*1*1
1228,365.757,91,1,0,0.94735,0.973675,19,25*1*1,48*1*1
1229,390.202,90,1,0,0.888002,0.944001,19,25*1*1,48*1*1
1230,0,0,0,0,0,0,0,1*1*1,1*1*1
1231,0,0,0,0,0,0,0,1*1*1,1*1*1
1232,676.427,271,1,0,0.99242,0.99621,44,25*3*1,48*3*1
1233,211.906,30,0,0,0.974489,0.987244,7,5*1*1,16*1*1
1234,122.434,0,0,0,0,0,0,1*1*1,1*1*1
1235,220.302,30,1,0,0.93735,0.968675,7,5*1*1,16*1*1
1236,409.156,90,0,0,0.846865,0.923433,19,25*1*1,48*1*1
1237,365.359,90,1,0,0.948382,0.974191,19,25*1*1,48*1*1
1238,177.602,7,0,0,0.973525,0.986763,3,1*1*1,4*1*1
1239,169.182,4,1,0,0.997151,0.998575,1,1*1*1,2*1*1
1240,197.452,15,0,0,0.96074,0.98037,5,5*1*1,8*1*1
1241,0,0,0,0,0,0,0,1*1*1,1*1*1
1242,479.775,90,0,0,0.996509,0.998254,27,25*2*1,48*1*1
1243,448.027,90,1,0,0.992128,0.996064,20,25*2*1,48*1*1
1244,330.691,91,1,0,0.997003,0.998502,18,25*1*1,48*1*1
1245,357.704,90,1,0,0.968678,0.984339,19,25*1*1,48*1*1
1246,555.876,181,1,0,0.915492,0.957746,31,25*2*1,96*1*1
1247,547.3,181,1,0,0.929837,0.964919,31,25*2*1,96*1*1
1248,336.133,90,1,0,0.980862,0.990431,18,25*1*1,48*1*1
1249,12.3406,0,0,0,0,0,0,1*1*1,1*1*1
1250,94.4406,0,0,0,0,0,0,1*1*1,1*1*1
1251,461.186,91,1,0,0.998729,0.999365,21,25*2*1,48*1*1
1252,0,0,0,0,0,0,0,1*1*1,1*1*1
1253,225.233,45,0,0,0.991418,0.995709,8,5*1*1,24*1*1
1254,94.3636,0,0,0,0,0,0,1*1*1,1*1*1
1255,343.261,90,0,0,0.960494,0.980247,18,25*1*1,48*1*1
1256,606.955,181,1,0,0.999909,0.999955,33,25*3*1,96*1*1
1257,196.357,15,0,0,0.966097,0.983049,5,5*1*1,8*1*1
1258,393.63,90,0,0,0.880268,0.940134,19,25*1*1,48*1*1
1259,1167.01,542,1,0,0.995107,0.997554,62,25*6*1,96*3*1
1260,2856.76,2169,0,0,0.860065,0.930033,91,25*6*2,96*6*2
1261,5307.31,4339,0,0,0.951612,0.975806,104,25*6*5,96*12*2
1262,16083.4,4339,0,0,0.347576,0.673788,105,25*6*6,96*12*2
1263,6452.81,4339,1,0,0.86632,0.93316,105,25*6*6,96*12*2
1264,16334.4,4340,1,0,0.342235,0.671117,105,25*6*6,96*12*2
1265,788.606,271,0,0,0.915159,0.95758,46,25*3*1,48*3*1
1266,10570.4,4339,0,0,0.528854,0.764427,105,25*6*6,96*12*2
1267,7903.32,4339,1,0,0.707323,0.853661,105,25*6*6,96*12*2
1268,1585.11,723,0,0,0.877479,0.938739,75,25*6*1,96*2*2
1269,16082.3,4339,0,0,0.3476,0.6738,105,25*6*6,96*12*2
1270,2484.51,2169,0,0,0.988927,0.994464,91,25*6*2,96*6*2
1271,20410.6,4339,0,0,0.273887,0.636944,105,25*6*6,96*12*2
1272,12841.2,4339,1,0,0.435333,0.717667,105,25*6*6,96*12*2
1273,3096.52,2169,0,0,0.793471,0.896736,91,25*6*2,96*6*2
1274,3468.91,2170,1,0,0.708292,0.854146,91,25*6*2,96*6*2
1275,3898.94,2169,0,0,0.966801,0.983401,102,25*6*3,96*6*2
1276,2693.85,2169,0,0,0.912078,0.956039,91,25*6*2,96*6*2
1277,3249.73,2170,1,0,0.756063,0.878031,91,25*6*2,96*6*2
1278,1329.07,723,0,0,0.99596,0.99798,74,25*6*1,96*2*2
1279,1230.67,542,1,0,0.998237,0.999118,69,25*6*1,96*3*1
1280,1989.65,1446,0,0,0.975599,0.987799,87,25*3*3,96*4*2
1281,2858.78,2169,0,0,0.859458,0.929729,91,25*6*2,96*6*2
1282,3875.38,2169,0,0,0.972679,0.986339,102,25*6*3,96*6*2
1283,4334.48,2170,1,0,0.869654,0.934827,102,25*6*3,96*6*2
1284,12595.5,4339,0,0,0.443825,0.721913,105,25*6*6,96*12*2
1285,1221.06,542,0,0,0.994628,0.997314,67,25*6*1,96*3*1
1286,2057.81,1446,0,0,0.943284,0.971642,87,25*3*3,96*4*2
1287,2546.61,2169,0,0,0.964812,0.982406,91,25*6*2,96*6*2
1288,6811.99,4339,0,0,0.820641,0.910321,105,25*6*6,96*12*2
1289,2946.38,2169,0,0,0.833905,0.916952,91,25*6*2,96*6*2
1290,1447.18,723,0,0,0.961111,0.980555,75,25*6*1,96*2*2
1291,334.69,90,1,0,0.985091,0.992545,18,25*1*1,48*1*1
1292,1385.94,724,1,0,0.955092,0.977546,74,25*6*1,96*2*2
1293,795.325,271,1,0,0.907428,0.953714,46,25*3*1,48*3*1
1294,878.578,542,0,0,0.995928,0.997964,47,25*2*2,96*3*1
1295,1488.51,723,0,0,0.934424,0.967212,75,25*6*1,96*2*2
1296,841.806,271,1,0,0.857323,0.928662,46,25*3*1,48*3*1
1297,744.788,271,1,0,0.969001,0.9845,46,25*3*1,48*3*1
1298,2529.38,2169,0,0,0.971384,0.985692,91,25*6*2,96*6*2
1299,2437.81,1447,1,0,0.925175,0.962587,90,25*6*2,96*4*2
1300,2235.11,1447,1,0,0.979012,0.989506,89,25*6*2,96*4*2
1301,2138.39,1446,0,0,0.907739,0.953869,87,25*3*3,96*4*2
1302,3218.19,2169,0,0,0.763473,0.881736,91,25*6*2,96*6*2
1303,3108.55,2170,1,0,0.790401,0.8952,91,25*6*2,96*6*2
1304,2690.69,2170,1,0,0.913149,0.956574,91,25*6*2,96*6*2
1305,15963,4339,0,0,0.350197,0.675099,105,25*6*6,96*12*2
1306,16317.8,4339,1,0,0.342583,0.671291,105,25*6*6,96*12*2
1307,20157,4340,1,0,0.277333,0.638666,105,25*6*6,96*12*2
1308,5101.56,4339,0,0,0.989991,0.994996,104,25*6*5,96*12*2
1309,4844.47,4339,0,0,0.931124,0.965562,103,25*6*4,96*12*2
1310,16292.9,4339,0,0,0.343107,0.671553,105,25*6*6,96*12*2
1311,6272.56,4339,1,0,0.891215,0.945608,105,25*6*6,96*12*2
1312,6696.27,4340,1,0,0.834823,0.917411,105,25*6*6,96*12*2
1313,6429.27,4339,1,0,0.869492,0.934746,105,25*6*6,96*12*2
1314,16146.6,4340,1,0,0.346215,0.673108,105,25*6*6,96*12*2
1315,16208.6,4339,1,0,0.344891,0.672445,105,25*6*6,96*12*2
1316,10514.6,4340,1,0,0.531661,0.76583,105,25*6*6,96*12*2
1317,7880.82,4339,1,0,0.709342,0.854671,105,25*6*6,96*12*2
1318,15982.9,4340,1,0,0.349761,0.674881,105,25*6*6,96*12*2
1319,8189.28,4339,1,0,0.682624,0.841312,105,25*6*6,96*12*2
1320,12786.9,4340,1,0,0.437182,0.718591,105,25*6*6,96*12*2
1321,8064.45,4339,1,0,0.69319,0.846595,105,25*6*6,96*12*2
1322,8084.63,4340,1,0,0.69146,0.84573,105,25*6*6,96*12*2
1323,7951.48,4339,1,0,0.703039,0.851519,105,25*6*6,96*12*2
1324,8123.31,4340,1,0,0.688168,0.844084,105,25*6*6,96*12*2
1325,7786.76,4339,1,0,0.717911,0.858955,105,25*6*6,96*12*2
1326,10294.7,4340,1,0,0.543017,0.771509,105,25*6*6,96*12*2
1327,6505.01,4339,1,0,0.859368,0.929684,105,25*6*6,96*12*2
1328,8232.59,4340,1,0,0.679033,0.839516,105,25*6*6,96*12*2
1329,6471.99,4339,1,0,0.863753,0.931876,105,25*6*6,96*12*2
1330,5101.35,4339,0,0,0.990032,0.995016,104,25*6*5,96*12*2
1331,1839.91,1085,0,0,0.966732,0.983366,76,25*3*3,96*3*2
1332,1647.47,723,0,0,0.844264,0.922132,75,25*6*1,96*2*2
1333,1923.75,1085,0,0,0.994464,0.997232,85,25*3*3,96*3*2
1334,2628.16,2169,0,0,0.934875,0.967437,91,25*6*2,96*6*2
1335,5339.56,4339,0,0,0.945864,0.972932,104,25*6*5,96*12*2
1336,5355.11,4339,1,0,0.943118,0.971559,104,25*6*5,96*12*2
1337,20476.9,4339,0,0,0.273,0.6365,105,25*6*6,96*12*2
1338,3169.64,2169,0,0,0.775167,0.887583,91,25*6*2,96*6*2
1339,6038.78,4339,0,0,0.925717,0.962858,105,25*6*6,96*12*2
1340,20322.5,4339,1,0,0.275074,0.637537,105,25*6*6,96*12*2
1341,12668.6,4340,1,0,0.441264,0.720632,105,25*6*6,96*12*2
1342,12924.9,4339,1,0,0.432514,0.716257,105,25*6*6,96*12*2
1343,6479.19,4340,1,0,0.862793,0.931397,105,25*6*6,96*12*2
1344,12349.7,4339,1,0,0.452659,0.726329,105,25*6*6,96*12*2
1345,12571,4340,1,0,0.44469,0.722345,105,25*6*6,96*12*2
1346,8145.81,4339,1,0,0.686267,0.843133,105,25*6*6,96*12*2
1347,2241.64,1446,0,0,0.97616,0.98808,89,25*6*2,96*4*2
1348,917.595,543,1,0,0.968837,0.984419,48,25*2*2,96*3*1
1349,514.316,180,0,0,0.98947,0.994735,31,25*2*1,96*1*1
1350,279.225,45,0,0,0.799713,0.899857,8,5*1*1,24*1*1
1351,251.448,45,1,0,0.888056,0.944028,8,5*1*1,24*1*1
1352,490.149,90,0,0,0.986843,0.993421,28,25*2*1,48*1*1
1353,0,0,0,0,0,0,0,1*1*1,1*1*1
1354,477.558,90,1,0,0.995272,0.997636,26,25*2*1,48*1*1
1355,727.753,272,1,0,0.991683,0.995841,46,25*3*1,48*3*1
1356,454.081,90,1,0,0.9789,0.98945,20,25*2*1,48*1*1
1357,269.201,45,0,0,0.829492,0.914746,8,5*1*1,24*1*1
1358,1138.53,542,0,0,0.990488,0.995244,61,25*6*1,96*3*1
1359,1868.01,1085,0,0,0.999406,0.999703,78,25*3*3,96*3*2
1360,1878.69,1085,1,0,0.998196,0.999098,81,25*3*3,96*3*2
1361,4351.87,2169,1,0,0.866179,0.93309,102,25*6*3,96*6*2
1362,5137.31,4339,0,0,0.983102,0.991551,104,25*6*5,96*12*2
1363,6516.58,4339,0,0,0.857843,0.928921,105,25*6*6,96*12*2
1364,4148.49,2169,0,0,0.908644,0.954322,102,25*6*3,96*6*2
1365,1919.16,1085,1,0,0.996842,0.998421,85,25*3*3,96*3*2
1366,2291.86,1446,0,0,0.984092,0.992046,90,25*6*2,96*4*2
1367,635.905,180,0,0,0.996218,0.998109,38,25*3*1,96*1*1
1368,1605.99,724,1,0,0.86607,0.933035,75,25*6*1,96*2*2
1369,0,0,0,0,0,0,0,1*1*1,1*1*1
1370,394.356,90,1,0,0.878648,0.939324,19,25*1*1,48*1*1
1371,764.364,271,1,0,0.944184,0.972092,46,25*3*1,48*3*1
1372,97.7432,0,0,0,0,0,0,1*1*1,1*1*1
1373,284.984,61,1,0,0.98988,0.99494,9,25*1*1,32*1*1
1374,405.341,90,1,0,0.854836,0.927418,19,25*1*1,48*1*1
1375,351.245,91,1,0,0.986491,0.993245,19,25*1*1,48*1*1
1376,612.627,180,1,0,0.990652,0.995326,33,25*3*1,96*1*1
1377,465.018,91,1,0,0.999531,0.999766,23,25*2*1,48*1*1
1378,774.529,271,1,0,0.931792,0.965896,46,25*3*1,48*3*1
1379,491.655,90,1,0,0.98382,0.99191,28,25*2*1,48*1*1
1380,331.673,91,1,0,0.994051,0.997026,18,25*1*1,48*1*1
1381,335.808,90,1,0,0.981811,0.990906,18,25*1*1,48*1*1
1382,528.931,181,1,0,0.962129,0.981065,31,25*2*1,96*1*1
1383,1103.69,543,1,0,0.991311,0.995655,59,25*6*1,96*3*1
1384,3039.98,2169,0,0,0.808229,0.904115,91,25*6*2,96*6*2
1385,4830.47,4339,0,0,0.933822,0.966911,103,25*6*4,96*12*2
1386,5047.86,4339,1,0,0.893606,0.946803,103,25*6*4,96*12*2
1387,919.927,542,0,0,0.999101,0.999551,49,25*2*2,96*3*1
1388,16353,4339,0,0,0.341846,0.670923,105,25*6*6,96*12*2
1389,1969.53,1446,0,0,0.985565,0.992783,87,25*3*3,96*4*2
1390,19922,4339,0,0,0.280604,0.640302,105,25*6*6,96*12*2
1391,2572.53,2169,0,0,0.955091,0.977545,91,25*6*2,96*6*2
1392,2368.15,1447,1,0,0.952389,0.976194,90,25*6*2,96*4*2
1393,3029.44,2170,1,0,0.811041,0.90552,91,25*6*2,96*6*2
1394,4245.58,2169,0,0,0.887865,0.943932,102,25*6*3,96*6*2
1395,3524.73,2169,0,0,0.697075,0.848537,91,25*6*2,96*6*2
1396,3717.95,2169,0,0,0.995791,0.997895,101,25*6*3,96*6*2
1397,1866.6,1085,1,0,0.999036,0.999518,77,25*3*3,96*3*2
1398,4196.62,2170,1,0,0.898223,0.949111,102,25*6*3,96*6*2
1399,4252.37,2170,1,0,0.886447,0.943223,102,25*6*3,96*6*2
1400,3258.97,2169,0,0,0.753919,0.87696,91,25*6*2,96*6*2
1401,2545.55,2170,1,0,0.965214,0.982607,91,25*6*2,96*6*2
1402,5198.27,4339,0,0,0.971573,0.985787,104,25*6*5,96*12*2
1403,4229.66,2169,0,0,0.891206,0.945603,102,25*6*3,96*6*2
1404,3882.95,2170,1,0,0.970783,0.985391,102,25*6*3,96*6*2
1405,2558.77,2169,0,0,0.960227,0.980113,91,25*6*2,96*6*2
1406,2098.34,1446,0,0,0.925065,0.962532,87,25*3*3,96*4*2
1407,3593.33,2170,1,0,0.999936,0.999968,96,25*6*3,96*6*2
1408,4118.84,2170,1,0,0.915185,0.957592,102,25*6*3,96*6*2
1409,3963.86,2170,1,0,0.950967,0.975483,102,25*6*3,96*6*2
1410,2757.55,2169,0,0,0.891008,0.945504,91,25*6*2,96*6*2
1411,4291.01,2169,0,0,0.878465,0.939232,102,25*6*3,96*6*2
1412,6400.3,4339,0,0,0.873428,0.936714,105,25*6*6,96*12*2
1413,5004.05,4339,0,0,0.90143,0.950715,103,25*6*4,96*12*2
1414,5372.82,4339,0,0,0.940009,0.970005,104,25*6*5,96*12*2
1415,2660.59,2169,0,0,0.923479,0.96174,91,25*6*2,96*6*2
1416,1851.78,1085,0,0,0.960535,0.980268,76,25*3*3,96*3*2
1417,481.371,90,0,0,0.993205,0.996602,27,25*2*1,48*1*1
1418,2237.11,1446,0,0,0.978137,0.989068,89,25*6*2,96*4*2
1419,419.941,90,0,0,0.825116,0.912558,19,25*1*1,48*1*1
1420,298.642,60,1,0,0.99852,0.99926,10,25*1*1,32*1*1
1421,148.33,0,0,0,0,0,0,1*1*1,1*1*1
1422,330.182,91,1,0,0.99854,0.99927,18,25*1*1,48*1*1
1423,869.077,271,1,0,0.830421,0.915211,46,25*3*1,48*3*1
1424,1314.08,723,1,0,0.981751,0.990876,73,25*6*1,96*2*2
1425,937.923,542,0,0,0.995604,0.997802,54,25*2*2,96*3*1
1426,2193.99,1447,1,0,0.997361,0.99868,89,25*6*2,96*4*2
1427,1137.68,542,0,0,0.991228,0.995614,61,25*6*1,96*3*1
1428,1822.16,1085,0,0,0.976149,0.988075,76,25*3*3,96*3*2
1429,195.297,15,0,0,0.971341,0.985671,5,5*1*1,8*1*1
1430,287.654,60,0,0,0.980692,0.990346,9,25*1*1,32*1*1
1431,528.144,181,1,0,0.963563,0.981781,31,25*2*1,96*1*1
1432,0,0,0,0,0,0,0,1*1*1,1*1*1
1433,512.231,180,1,0,0.993497,0.996749,31,25*2*1,96*1*1
1434,0,0,0,0,0,0,0,1*1*1,1*1*1
1435,198.026,15,0,0,0.957955,0.978978,5,5*1*1,8*1*1
1436,367.489,90,0,0,0.942885,0.971443,19,25*1*1,48*1*1
1437,145.351,0,0,0,0,0,0,1*1*1,1*1*1
1438,299.787,60,1,0,0.994706,0.997353,10,25*1*1,32*1*1
1439,141.483,0,0,0,0,0,0,1*1*1,1*1*1
1440,471.944,91,1,0,0.998212,0.999106,25,25*2*1,48*1*1
1441,433.542,90,1,0,0.799231,0.899615,19,25*1*1,48*1*1
1442,34.5325,0,0,0,0,0,0,1*1*1,1*1*1
1443,541.878,181,1,0,0.939141,0.969571,31,25*2*1,96*1*1
1444,1378.08,723,1,0,0.960539,0.98027,74,25*6*1,96*2*2
1445,661.479,272,1,0,0.997915,0.998958,43,25*3*1,48*3*1
1446,70.2251,0,0,0,0,0,0,1*1*1,1*1*1
1447,1372.53,723,1,0,0.964423,0.982212,74,25*6*1,96*2*2
1448,2763.21,2169,0,0,0.889183,0.944592,91,25*6*2,96*6*2
1449,1565.86,723,0,0,0.888266,0.944133,75,25*6*1,96*2*2
1450,3412.79,2169,0,0,0.719939,0.859969,91,25*6*2,96*6*2
1451,15778.1,4339,0,0,0.354301,0.677151,105,25*6*6,96*12*2
1452,20407.9,4339,1,0,0.273923,0.636962,105,25*6*6,96*12*2
1453,16097.4,4340,1,0,0.347273,0.673637,105,25*6*6,96*12*2
1454,15842.8,4339,1,0,0.352854,0.676427,105,25*6*6,96*12*2
1455,20135.9,4340,1,0,0.277624,0.638812,105,25*6*6,96*12*2
1456,12913.9,4339,1,0,0.432882,0.716441,105,25*6*6,96*12*2
1457,16002,4340,1,0,0.349344,0.674672,105,25*6*6,96*12*2
1458,25152.1,4339,1,0,0.222256,0.611128,105,25*6*6,96*12*2
1459,20220.9,4340,1,0,0.276457,0.638228,105,25*6*6,96*12*2
1460,16137.7,4339,1,0,0.346406,0.673203,105,25*6*6,96*12*2
1461,16046.1,4340,1,0,0.348384,0.674192,105,25*6*6,96*12*2
1462,15309.3,4339,1,0,0.365151,0.682575,105,25*6*6,96*12*2
1463,20018.8,4340,1,0,0.279248,0.639624,105,25*6*6,96*12*2
1464,10464.9,4339,1,0,0.534186,0.767093,105,25*6*6,96*12*2
1465,20209.7,4340,1,0,0.27661,0.638305,105,25*6*6,96*12*2
1466,25351.4,4339,1,0,0.220509,0.610254,105,25*6*6,96*12*2
1467,16058.4,4340,1,0,0.348117,0.674058,105,25*6*6,96*12*2
1468,12734,4339,1,0,0.438998,0.719499,105,25*6*6,96*12*2
1469,16410.2,4340,1,0,0.340654,0.670327,105,25*6*6,96*12*2
1470,25758.4,4339,1,0,0.217024,0.608512,105,25*6*6,96*12*2
1471,20025.1,4340,1,0,0.27916,0.63958,105,25*6*6,96*12*2
1472,25345.6,4339,1,0,0.220559,0.610279,105,25*6*6,96*12*2
1473,13080.6,4340,1,0,0.427366,0.713683,105,25*6*6,96*12*2
1474,12908.2,4339,1,0,0.433074,0.716537,105,25*6*6,96*12*2
1475,12888.1,4340,1,0,0.433749,0.716874,105,25*6*6,96*12*2
1476,15714.6,4339,1,0,0.355733,0.677866,105,25*6*6,96*12*2
1477,12460.4,4340,1,0,0.448637,0.724319,105,25*6*6,96*12*2
1478,12863.5,4339,1,0,0.434578,0.717289,105,25*6*6,96*12*2
1479,16175.5,4339,1,0,0.345597,0.672798,105,25*6*6,96*12*2
1480,12478.1,4340,1,0,0.448001,0.724,105,25*6*6,96*12*2
1481,10013,4339,1,0,0.558294,0.779147,105,25*6*6,96*12*2
1482,12825.4,4340,1,0,0.435869,0.717935,105,25*6*6,96*12*2
1483,16405.3,4339,1,0,0.340756,0.670378,105,25*6*6,96*12*2
1484,15700.7,4340,1,0,0.356048,0.678024,105,25*6*6,96*12*2
1485,5212.19,4339,0,0,0.968978,0.984489,104,25*6*5,96*12*2
1486,16065.2,4339,0,0,0.34797,0.673985,105,25*6*6,96*12*2
1487,3982.07,2169,0,0,0.946618,0.973309,102,25*6*3,96*6*2
1488,71.3969,0,0,0,0,0,0,1*1*1,1*1*1
1489,404.066,90,0,0,0.857533,0.928767,19,25*1*1,48*1*1
1490,483.953,90,1,0,0.999477,0.999739,28,25*2*1,48*1*1
1491,484.355,91,1,0,0.998648,0.999324,28,25*2*1,48*1*1
1492,423.791,90,1,0,0.81762,0.90881,19,25*1*1,48*1*1
1493,623.869,181,1,0,0.998607,0.999304,34,25*3*1,96*1*1
1494,2267.57,1446,0,0,0.994633,0.997317,90,25*6*2,96*4*2
1495,774.219,271,0,0,0.932165,0.966083,46,25*3*1,48*3*1
1496,10293.6,4339,0,0,0.543075,0.771538,105,25*6*6,96*12*2
1497,1729.51,723,0,0,0.804216,0.902108,75,25*6*1,96*2*2
1498,20213.3,4339,0,0,0.27656,0.63828,105,25*6*6,96*12*2
1499,20175.6,4339,1,0,0.277077,0.638539,105,25*6*6,96*12*2
1500,12976.8,4340,1,0,0.430784,0.715392,105,25*6*6,96*12*2
1501,1531.85,723,0,0,0.907987,0.953994,75,25*6*1,96*2*2
1502,7453.11,4339,0,0,0.750049,0.875025,105,25*6*6,96*12*2
1503,15652,4339,1,0,0.357156,0.678578,105,25*6*6,96*12*2
1504,15838.5,4340,1,0,0.35295,0.676475,105,25*6*6,96*12*2
1505,19061.9,4339,1,0,0.293266,0.646633,105,25*6*6,96*12*2
1506,12755.6,4340,1,0,0.438255,0.719127,105,25*6*6,96*12*2
1507,1574.17,723,0,0,0.883577,0.941788,75,25*6*1,96*2*2
1508,0,0,0,0,0,0,0,1*1*1,1*1*1
1509,101.877,0,0,0,0,0,0,1*1*1,1*1*1
1510,238.555,45,0,0,0.936052,0.968026,8,5*1*1,24*1*1
1511,1738.6,723,0,0,0.800012,0.900006,75,25*6*1,96*2*2
1512,372.136,90,1,0,0.931111,0.965556,19,25*1*1,48*1*1
1513,245.24,45,0,0,0.910537,0.955268,8,5*1*1,24*1*1
1514,683.274,271,0,0,0.982476,0.991238,44,25*3*1,48*3*1
1515,0,0,0,0,0,0,0,1*1*1,1*1*1
1516,0,0,0,0,0,0,0,1*1*1,1*1*1
1517,1613.39,723,1,0,0.862098,0.931049,75,25*6*1,96*2*2
1518,2021.13,1446,0,0,0.960403,0.980202,87,25*3*3,96*4*2
1519,1740.61,723,0,0,0.799088,0.899544,75,25*6*1,96*2*2
1520,0,0,0,0,0,0,0,1*1*1,1*1*1
1521,116.768,0,0,0,0,0,0,1*1*1,1*1*1
1522,166.356,0,0,0,0,0,0,1*1*1,1*1*1
1523,0,0,0,0,0,0,0,1*1*1,1*1*1
1524,620.212,181,1,0,0.978536,0.989268,33,25*3*1,96*1*1
1525,177.327,7,0,0,0.975035,0.987517,3,1*1*1,4*1*1
1526,253.856,45,0,0,0.879633,0.939816,8,5*1*1,24*1*1
1527,438.13,90,0,0,0.790861,0.895431,19,25*1*1,48*1*1
1528,0,0,0,0,0,0,0,1*1*1,1*1*1
1529,45.4251,0,0,0,0,0,0,1*1*1,1*1*1
1530,0,0,0,0,0,0,0,1*1*1,1*1*1
1531,0,0,0,0,0,0,0,1*1*1,1*1*1
1532,0,0,0,0,0,0,0,1*1*1,1*1*1
1533,150.62,0,0,0,0,0,0,1*1*1,1*1*1
1534,41.4484,0,0,0,0,0,0,1*1*1,1*1*1
1535,0,0,0,0,0,0,0,1*1*1,1*1*1
1536,0,0,0,0,0,0,0,1*1*1,1*1*1
1537,0,0,0,0,0,0,0,1*1*1,1*1*1
1538,0,0,0,0,0,0,0,1*1*1,1*1*1
1539,262.83,45,0,0,0.849599,0.924799,8,5*1*1,24*1*1
1540,667.122,271,0,0,0.989474,0.994737,43,25*3*1,48*3*1
1541,144.978,0,0,0,0,0,0,1*1*1,1*1*1
1542,265.562,45,0,0,0.840858,0.920429,8,5*1*1,24*1*1
1543,410.506,90,0,0,0.84408,0.92204,19,25*1*1,48*1*1
1544,248.833,45,0,0,0.897389,0.948695,8,5*1*1,24*1*1
1545,681.083,271,0,0,0.985636,0.992818,44,25*3*1,48*3*1
1546,117.126,0,0,0,0,0,0,1*1*1,1*1*1
1547,199.762,22,0,0,0.99168,0.99584,6,5*1*1,12*1*1
1548,119.357,0,0,0,0,0,0,1*1*1,1*1*1
1549,0,0,0,0,0,0,0,1*1*1,1*1*1
1550,0,0,0,0,0,0,0,1*1*1,1*1*1
1551,577.567,180,0,0,0.88111,0.940555,31,25*2*1,96*1*1
1552,0,0,0,0,0,0,0,1*1*1,1*1*1
1553,556.684,181,1,0,0.914163,0.957082,31,25*2*1,96*1*1
1554,0,0,0,0,0,0,0,1*1*1,1*1*1
1555,436.79,91,1,0,0.793287,0.896644,19,25*1*1,48*1*1
1556,0,0,0,0,0,0,0,1*1*1,1*1*1
1557,0,0,0,0,0,0,0,1*1*1,1*1*1
1558,624.484,180,1,0,0.997624,0.998812,34,25*3*1,96*1*1
1559,1050.5,542,0,0,0.920895,0.960447,58,25*2*2,96*3*1
1560,3103.54,2170,1,0,0.791677,0.895838,91,25*6*2,96*6*2
1561,4718.09,4339,0,0,0.956065,0.978032,103,25*6*4,96*12*2
1562,15259.5,4339,0,0,0.366342,0.683171,105,25*6*6,96*12*2
1563,6724.39,4339,1,0,0.831332,0.915666,105,25*6*6,96*12*2
1564,15977.7,4340,1,0,0.349875,0.674938,105,25*6*6,96*12*2
1565,1209,542,0,0,0.997601,0.998801,66,25*6*1,96*3*1
1566,9686.95,4339,0,0,0.577086,0.788543,105,25*6*6,96*12*2
1567,8720.5,4339,1,0,0.641041,0.820521,105,25*6*6,96*12*2
1568,1935.59,1085,0,0,0.99706,0.99853,86,25*3*3,96*3*2
1569,15180,4339,0,0,0.368261,0.68413,105,25*6*6,96*12*2
1570,2816.13,2169,0,0,0.872474,0.936237,91,25*6*2,96*6*2
1571,20602.6,4339,0,0,0.271335,0.635667,105,25*6*6,96*12*2
1572,12179.6,4339,1,0,0.458981,0.72949,105,25*6*6,96*12*2
1573,3541.96,2169,0,0,0.693684,0.846842,91,25*6*2,96*6*2
1574,3363.31,2170,1,0,0.73053,0.865265,91,25*6*2,96*6*2
1575,3974.24,2169,0,0,0.948483,0.974242,102,25*6*3,96*6*2
1576,2473.81,2169,0,0,0.993205,0.996602,91,25*6*2,96*6*2
1577,3353.67,2170,1,0,0.73263,0.866315,91,25*6*2,96*6*2
1578,1980.91,1446,0,0,0.979903,0.989952,87,25*3*3,96*4*2
1579,1435.45,723,0,0,0.968964,0.984482,75,25*6*1,96*2*2
1580,1884.18,1085,0,0,0.997516,0.998758,82,25*3*3,96*3*2
1581,3087.63,2169,0,0,0.795756,0.897878,91,25*6*2,96*6*2
1582,3378.55,2170,1,0,0.727235,0.863618,91,25*6*2,96*6*2
1583,4301.24,2169,0,0,0.876375,0.938188,102,25*6*3,96*6*2
1584,12049.5,4339,0,0,0.463936,0.731968,105,25*6*6,96*12*2
1585,625.071,180,0,0,0.996687,0.998343,34,25*3*1,96*1*1
1586,2173.02,1446,0,0,0.989268,0.994634,88,25*2*5,96*4*2
1587,3307.09,2169,0,0,0.742949,0.871475,91,25*6*2,96*6*2
1588,6469.68,4339,0,0,0.864061,0.932031,105,25*6*6,96*12*2
1589,2152.94,1446,0,0,0.998495,0.999248,88,25*2*5,96*4*2
1590,1033.12,542,0,0,0.936387,0.968193,58,25*2*2,96*3*1
1591,546.8,180,0,0,0.930688,0.965344,31,25*2*1,96*1*1
1592,760.848,272,1,0,0.948547,0.974273,46,25*3*1,48*3*1
1593,1150.71,542,1,0,0.980004,0.990002,61,25*6*1,96*3*1
1594,1483.41,723,1,0,0.937637,0.968818,75,25*6*1,96*2*2
1595,1846.34,1085,0,0,0.963365,0.981683,76,25*3*3,96*3*2
1596,792.485,271,0,0,0.91068,0.95534,46,25*3*1,48*3*1
1597,43.7316,0,0,0,0,0,0,1*1*1,1*1*1
1598,2518.01,2169,0,0,0.975771,0.987885,91,25*6*2,96*6*2
1599,2244.93,1447,1,0,0.97473,0.987365,89,25*6*2,96*4*2
1600,2313.23,1447,1,0,0.975,0.9875,90,25*6*2,96*4*2
1601,2978.58,2170,1,0,0.82489,0.912445,91,25*6*2,96*6*2
1602,3704.18,2169,0,0,0.999492,0.999746,101,25*6*3,96*6*2
1603,3842.7,2170,1,0,0.980951,0.990475,102,25*6*3,96*6*2
1604,1907.48,1085,1,0,0.994139,0.997069,84,25*3*3,96*3*2
1605,16435.6,4339,0,0,0.340128,0.670064,105,25*6*6,96*12*2
1606,16234.8,4339,1,0,0.344334,0.672167,105,25*6*6,96*12*2
1607,19615.5,4340,1,0,0.284989,0.642494,105,25*6*6,96*12*2
1608,4847.39,4339,0,0,0.930563,0.965281,103,25*6*4,96*12*2
1609,4579.71,4339,1,0,0.984953,0.992477,103,25*6*4,96*12*2
1610,15894.4,4339,0,0,0.351709,0.675854,105,25*6*6,96*12*2
1611,6120.98,4339,1,0,0.913285,0.956643,105,25*6*6,96*12*2
1612,6659.26,4340,1,0,0.839463,0.919731,105,25*6*6,96*12*2
1613,6120.95,4339,1,0,0.91329,0.956645,105,25*6*6,96*12*2
1614,15882.8,4340,1,0,0.351966,0.675983,105,25*6*6,96*12*2
1615,16472.4,4339,1,0,0.339368,0.669684,105,25*6*6,96*12*2
1616,10227.3,4340,1,0,0.546596,0.773298,105,25*6*6,96*12*2
1617,8120.05,4339,1,0,0.688444,0.844222,105,25*6*6,96*12*2
1618,16244.8,4340,1,0,0.344122,0.672061,105,25*6*6,96*12*2
1619,7789.32,4339,1,0,0.717675,0.858837,105,25*6*6,96*12*2
1620,12516.3,4340,1,0,0.446634,0.723317,105,25*6*6,96*12*2
1621,7930.32,4339,1,0,0.704915,0.852457,105,25*6*6,96*12*2
1622,8152.17,4340,1,0,0.685732,0.842866,105,25*6*6,96*12*2
1623,7957.25,4339,1,0,0.702529,0.851265,105,25*6*6,96*12*2
1624,7757.67,4340,1,0,0.720603,0.860301,105,25*6*6,96*12*2
1625,8241.72,4339,1,0,0.678281,0.83914,105,25*6*6,96*12*2
1626,9771.85,4340,1,0,0.572072,0.786036,105,25*6*6,96*12*2
1627,7142.14,4339,1,0,0.782707,0.891353,105,25*6*6,96*12*2
1628,7792.92,4340,1,0,0.717343,0.858672,105,25*6*6,96*12*2
1629,5741.6,4339,1,0,0.973631,0.986816,105,25*6*6,96*12*2
1630,4141.92,2169,0,0,0.910085,0.955043,102,25*6*3,96*6*2
1631,2887.05,2169,0,0,0.851042,0.925521,91,25*6*2,96*6*2
1632,1582.09,723,0,0,0.879154,0.939577,75,25*6*1,96*2*2
1633,2635.4,2169,0,0,0.932306,0.966153,91,25*6*2,96*6*2
1634,2757.91,2170,1,0,0.890892,0.945446,91,25*6*2,96*6*2
1635,4802.37,4339,0,0,0.939286,0.969643,103,25*6*4,96*12*2
1636,5347.52,4339,0,0,0.944456,0.972228,104,25*6*5,96*12*2
1637,20385.6,4339,0,0,0.274223,0.637111,105,25*6*6,96*12*2
1638,3083.11,2169,0,0,0.796923,0.898461,91,25*6*2,96*6*2
1639,6336.67,4339,0,0,0.882198,0.941099,105,25*6*6,96*12*2
1640,19514.3,4339,1,0,0.286467,0.643233,105,25*6*6,96*12*2
1641,13003.9,4340,1,0,0.429886,0.714943,105,25*6*6,96*12*2
1642,12352.1,4339,1,0,0.452571,0.726285,105,25*6*6,96*12*2
1643,6289.46,4340,1,0,0.88882,0.94441,105,25*6*6,96*12*2
1644,12510.3,4339,1,0,0.446848,0.723424,105,25*6*6,96*12*2
1645,12352.9,4340,1,0,0.452542,0.726271,105,25*6*6,96*12*2
1646,8239.32,4339,1,0,0.678478,0.839239,105,25*6*6,96*12*2
1647,2231.93,1446,0,0,0.980407,0.990204,89,25*6*2,96*4*2
1648,921.417,543,1,0,0.999764,0.999882,50,25*2*2,96*3*1
1649,765.947,271,0,0,0.942232,0.971116,46,25*3*1,48*3*1
1650,720.232,271,1,0,0.955387,0.977693,45,25*3*1,48*3*1
1651,73.5151,0,0,0,0,0,0,1*1*1,1*1*1
1652,958.976,542,0,0,0.997105,0.998553,57,25*2*2,96*3*1
1653,0,0,0,0,0,0,0,1*1*1,1*1*1
1654,0,0,0,0,0,0,0,1*1*1,1*1*1
1655,222.894,30,0,0,0.926449,0.963225,7,5*1*1,16*1*1
1656,631.732,180,0,0,0.99615,0.998075,37,25*3*1,96*1*1
1657,0,0,0,0,0,0,0,1*1*1,1*1*1
1658,1760.12,724,1,0,0.79023,0.895115,75,25*6*1,96*2*2
1659,1175.46,542,1,0,0.987954,0.993977,62,25*6*1,96*3*1
1660,1585.97,724,1,0,0.877003,0.938501,75,25*6*1,96*2*2
1661,3581.65,2169,0,0,0.999679,0.999839,94,25*6*3,96*6*2
1662,6187.04,4339,0,0,0.903534,0.951767,105,25*6*6,96*12*2
1663,7019.61,4339,1,0,0.796369,0.898185,105,25*6*6,96*12*2
1664,4577.22,4339,0,0,0.985489,0.992745,103,25*6*4,96*12*2
1665,1295.19,723,0,0,0.99607,0.998035,73,25*6*1,96*2*2
1666,1409.96,723,1,0,0.986482,0.993241,75,25*6*1,96*2*2
1667,1044.02,542,0,0,0.926611,0.963305,58,25*2*2,96*3*1
1668,1531.39,723,0,0,0.90826,0.95413,75,25*6*1,96*2*2
1669,256.774,45,0,0,0.869636,0.934818,8,5*1*1,24*1*1
1670,482.945,90,0,0,0.989968,0.994984,27,25*2*1,48*1*1
1671,578.295,181,1,0,0.880001,0.94,31,25*2*1,96*1*1
1672,51.7029,0,0,0,0,0,0,1*1*1,1*1*1
1673,0,0,0,0,0,0,0,1*1*1,1*1*1
1674,0,0,0,0,0,0,0,1*1*1,1*1*1
1675,0,0,0,0,0,0,0,1*1*1,1*1*1
1676,105.832,0,0,0,0,0,0,1*1*1,1*1*1
1677,8.59027,0,0,0,0,0,0,1*1*1,1*1*1
1678,493.265,90,1,0,0.997638,0.998819,29,25*2*1,48*1*1
1679,409.315,91,1,0,0.846536,0.923268,19,25*1*1,48*1*1
1680,330.409,90,1,0,0.997854,0.998927,18,25*1*1,48*1*1
1681,0,0,0,0,0,0,0,1*1*1,1*1*1
1682,766.88,271,1,0,0.941086,0.970543,46,25*3*1,48*3*1
1683,822.826,272,1,0,0.877099,0.93855,46,25*3*1,48*3*1
1684,2671.81,2169,0,0,0.919601,0.959801,91,25*6*2,96*6*2
1685,6022.47,4339,0,0,0.928224,0.964112,105,25*6*6,96*12*2
1686,4226.78,2169,0,0,0.891814,0.945907,102,25*6*3,96*6*2
1687,1276.51,723,0,0,0.993098,0.996549,72,25*6*1,96*2*2
1688,15514.2,4339,0,0,0.360328,0.680164,105,25*6*6,96*12*2
1689,2543.19,2169,0,0,0.966109,0.983055,91,25*6*2,96*6*2
1690,20169.8,4339,0,0,0.277157,0.638578,105,25*6*6,96*12*2
1691,2165.56,1446,0,0,0.992676,0.996338,88,25*2*5,96*4*2
1692,2361.7,1446,0,0,0.95499,0.977495,90,25*6*2,96*4*2
1693,3875.52,2169,0,0,0.972644,0.986322,102,25*6*3,96*6*2
1694,3898.64,2170,1,0,0.966876,0.983438,102,25*6*3,96*6*2
1695,3513.31,2169,0,0,0.699341,0.84967,91,25*6*2,96*6*2
1696,2378.39,1447,1,0,0.948289,0.974144,90,25*6*2,96*4*2
1697,2055.81,1446,0,0,0.944202,0.972101,87,25*3*3,96*4*2
1698,4116.2,2170,1,0,0.915772,0.957886,102,25*6*3,96*6*2
1699,4674.41,4339,0,0,0.964999,0.982499,103,25*6*4,96*12*2
1700,3014.58,2169,0,0,0.815039,0.907519,91,25*6*2,96*6*2
1701,2611.23,2170,1,0,0.940936,0.970468,91,25*6*2,96*6*2
1702,4819.27,4339,0,0,0.935992,0.967996,103,25*6*4,96*12*2
1703,4366.1,2169,0,0,0.863356,0.931678,102,25*6*3,96*6*2
1704,4510.11,2170,1,0,0.835789,0.917894,102,25*6*3,96*6*2
1705,3317.31,2169,0,0,0.74066,0.87033,91,25*6*2,96*6*2
1706,1554.08,723,0,0,0.894999,0.947499,75,25*6*1,96*2*2
1707,2393.84,1446,0,0,0.942168,0.971084,90,25*6*2,96*4*2
1708,3734.29,2169,0,0,0.991433,0.995717,101,25*6*3,96*6*2
1709,4442.39,2170,1,0,0.84853,0.924265,102,25*6*3,96*6*2
1710,1848.69,1085,1,0,0.962141,0.98107,76,25*3*3,96*3*2
1711,3520.24,2169,0,0,0.697964,0.848982,91,25*6*2,96*6*2
1712,6800.41,4339,0,0,0.822039,0.911019,105,25*6*6,96*12*2
1713,5594.8,4339,1,0,0.999178,0.999589,105,25*6*6,96*12*2
1714,5400.78,4339,0,0,0.935143,0.967571,104,25*6*5,96*12*2
1715,2006.34,1446,0,0,0.967483,0.983742,87,25*3*3,96*4*2
1716,1131.81,542,0,0,0.996369,0.998184,61,25*6*1,96*3*1
1717,975.545,542,0,0,0.991651,0.995825,58,25*2*2,96*3*1
1718,1747.99,723,0,0,0.795714,0.897857,75,25*6*1,96*2*2
1719,0,0,0,0,0,0,0,1*1*1,1*1*1
1720,0,0,0,0,0,0,0,1*1*1,1*1*1
1721,529.581,181,1,0,0.960948,0.980474,31,25*2*1,96*1*1
1722,1090.02,542,0,0,0.887507,0.943753,58,25*2*2,96*3*1
1723,1046.11,543,1,0,0.924759,0.96238,58,25*2*2,96*3*1
1724,941.979,542,1,0,0.991317,0.995659,54,25*2*2,96*3*1
1725,977.604,543,1,0,0.989562,0.994781,58,25*2*2,96*3*1
1726,2358.43,1446,1,0,0.956314,0.978157,90,25*6*2,96*4*2
1727,1051.51,543,1,0,0.92001,0.960005,58,25*2*2,96*3*1
1728,137.689,0,0,0,0,0,0,1*1*1,1*1*1
1729,462.848,90,0,0,0.99968,0.99984,22,25*2*1,48*1*1
1730,533.268,181,1,0,0.954304,0.977152,31,25*2*1,96*1*1
1731,1068.44,542,0,0,0.905432,0.952716,58,25*2*2,96*3*1
1732,153.007,0,0,0,0,0,0,1*1*1,1*1*1
1733,398.196,90,0,0,0.870174,0.935087,19,25*1*1,48*1*1
1734,497.162,90,1,0,0.989818,0.994909,29,25*2*1,48*1*1
1735,958.045,542,0,0,0.998074,0.999037,57,25*2*2,96*3*1
1736,0,0,0,0,0,0,0,1*1*1,1*1*1
1737,0,0,0,0,0,0,0,1*1*1,1*1*1
1738,0,0,0,0,0,0,0,1*1*1,1*1*1
1739,0,0,0,0,0,0,0,1*1*1,1*1*1
1740,334.165,90,0,0,0.986638,0.993319,18,25*1*1,48*1*1
1741,1049.62,542,0,0,0.921667,0.960833,58,25*2*2,96*3*1
1742,318.693,90,0,0,0.990609,0.995304,16,25*1*1,48*1*1
1743,768.928,271,1,0,0.938579,0.96929,46,25*3*1,48*3*1
1744,1180.7,543,1,0,0.983569,0.991785,62,25*6*1,96*3*1
1745,1124.7,542,1,0,0.982751,0.991375,60,25*6*1,96*3*1
1746,0,0,0,0,0,0,0,1*1*1,1*1*1
1747,1001.89,542,0,0,0.965575,0.982788,58,25*2*2,96*3*1
1748,2060.01,1446,0,0,0.942277,0.971138,87,25*3*3,96*4*2
1749,1685.63,723,0,0,0.825151,0.912576,75,25*6*1,96*2*2
1750,2796.95,2169,0,0,0.878457,0.939228,91,25*6*2,96*6*2
1751,15838.1,4339,0,0,0.352959,0.67648,105,25*6*6,96*12*2
1752,20275.8,4339,1,0,0.275708,0.637854,105,25*6*6,96*12*2
1753,15508.9,4340,1,0,0.360451,0.680226,105,25*6*6,96*12*2
1754,16593.7,4339,1,0,0.336887,0.668443,105,25*6*6,96*12*2
1755,19486.7,4340,1,0,0.286873,0.643436,105,25*6*6,96*12*2
1756,12161.4,4339,1,0,0.459667,0.729834,105,25*6*6,96*12*2
1757,15271.9,4340,1,0,0.366045,0.683022,105,25*6*6,96*12*2
1758,25193.5,4339,1,0,0.221891,0.610945,105,25*6*6,96*12*2
1759,19616.1,4340,1,0,0.28498,0.64249,105,25*6*6,96*12*2
1760,15185,4339,1,0,0.36814,0.68407,105,25*6*6,96*12*2
1761,16321.9,4340,1,0,0.342497,0.671248,105,25*6*6,96*12*2
1762,15704.8,4339,1,0,0.355955,0.677977,105,25*6*6,96*12*2
1763,19740.3,4340,1,0,0.283187,0.641594,105,25*6*6,96*12*2
1764,10009.5,4339,1,0,0.558489,0.779245,105,25*6*6,96*12*2
1765,20506.9,4340,1,0,0.272601,0.6363,105,25*6*6,96*12*2
1766,25139.9,4339,1,0,0.222364,0.611182,105,25*6*6,96*12*2
1767,15834.1,4340,1,0,0.353048,0.676524,105,25*6*6,96*12*2
1768,12361.5,4339,1,0,0.452227,0.726113,105,25*6*6,96*12*2
1769,16285.1,4340,1,0,0.343271,0.671635,105,25*6*6,96*12*2
1770,25436.6,4339,1,0,0.21977,0.609885,105,25*6*6,96*12*2
1771,19915.9,4340,1,0,0.28069,0.640345,105,25*6*6,96*12*2
1772,24709.5,4339,1,0,0.226237,0.613118,105,25*6*6,96*12*2
1773,13508.4,4340,1,0,0.413831,0.706916,105,25*6*6,96*12*2
1774,13114.9,4339,1,0,0.426248,0.713124,105,25*6*6,96*12*2
1775,13001.4,4340,1,0,0.429969,0.714985,105,25*6*6,96*12*2
1776,15278.2,4339,1,0,0.365894,0.682947,105,25*6*6,96*12*2
1777,12030.9,4340,1,0,0.464654,0.732327,105,25*6*6,96*12*2
1778,13240.2,4339,1,0,0.422214,0.711107,105,25*6*6,96*12*2
1779,16112.6,4339,1,0,0.346946,0.673473,105,25*6*6,96*12*2
1780,12868.8,4340,1,0,0.434399,0.7172,105,25*6*6,96*12*2
1781,9997.93,4339,1,0,0.559136,0.779568,105,25*6*6,96*12*2
1782,13547.2,4340,1,0,0.412646,0.706323,105,25*6*6,96*12*2
1783,15422.9,4339,1,0,0.362461,0.681231,105,25*6*6,96*12*2
1784,15684.7,4340,1,0,0.356411,0.678206,105,25*6*6,96*12*2
1785,4670.52,4339,0,0,0.965803,0.982901,103,25*6*4,96*12*2
1786,15525.1,4339,0,0,0.360075,0.680037,105,25*6*6,96*12*2
1787,4052.45,2169,0,0,0.930178,0.965089,102,25*6*3,96*6*2
1788,597.703,180,0,0,0.991964,0.995982,32,25*3*1,96*1*1
1789,345.714,91,1,0,0.953678,0.976839,18,25*1*1,48*1*1
1790,140.798,0,0,0,0,0,0,1*1*1,1*1*1
1791,128.156,0,0,0,0,0,0,1*1*1,1*1*1
1792,0,0,0,0,0,0,0,1*1*1,1*1*1
1793,293.243,60,1,0,0.962001,0.981,9,25*1*1,32*1*1
1794,1587.39,723,1,0,0.876218,0.938109,75,25*6*1,96*2*2
1795,1304.62,724,1,0,0.98887,0.994435,73,25*6*1,96*2*2
1796,9835.32,4339,0,0,0.56838,0.78419,105,25*6*6,96*12*2
1797,1655.42,723,0,0,0.84021,0.920105,75,25*6*1,96*2*2
1798,20195.9,4339,0,0,0.276799,0.638399,105,25*6*6,96*12*2
1799,20402.4,4339,1,0,0.273997,0.636999,105,25*6*6,96*12*2
1800,13189.4,4340,1,0,0.42384,0.71192,105,25*6*6,96*12*2
