1,2509,2391,0,0,0.979419,0.98971,85,25*3*5,150*4*3
2,2509,2391,1,0,0.979419,0.98971,85,25*3*5,150*4*3
3,2509,2392,1,0,0.979419,0.98971,85,25*3*5,150*4*3
4,2509,2391,1,0,0.979419,0.98971,85,25*3*5,150*4*3
5,2509,2392,1,0,0.979419,0.98971,85,25*3*5,150*4*3
6,2509,2391,1,0,0.979419,0.98971,85,25*3*5,150*4*3
7,2509,2392,1,0,0.979419,0.98971,85,25*3*5,150*4*3
8,2509,2391,1,0,0.979419,0.98971,85,25*3*5,150*4*3
9,2509,2392,1,0,0.979419,0.98971,85,25*3*5,150*4*3
10,2509,2391,1,0,0.979419,0.98971,85,25*3*5,150*4*3
11,2509,2392,1,0,0.979419,0.98971,85,25*3*5,150*4*3
12,2509,2391,1,0,0.979419,0.98971,85,25*3*5,150*4*3
13,2509,2391,1,0,0.979419,0.98971,85,25*3*5,150*4*3
14,2509,2392,1,0,0.979419,0.98971,85,25*3*5,150*4*3
15,2509,2391,1,0,0.979419,0.98971,85,25*3*5,150*4*3
16,2509,2392,1,0,0.979419,0.98971,85,25*3*5,150*4*3
17,2509,2391,1,0,0.979419,0.98971,85,25*3*5,150*4*3
18,2509,2392,1,0,0.979419,0.98971,85,25*3*5,150*4*3
19,2509,2391,1,0,0.979419,0.98971,85,25*3*5,150*4*3
20,2509,2392,1,0,0.979419,0.98971,85,25*3*5,150*4*3
21,2509,2391,1,0,0.979419,0.98971,85,25*3*5,150*4*3
22,2509,2392,1,0,0.979419,0.98971,85,25*3*5,150*4*3
23,2509,2391,1,0,0.979419,0.98971,85,25*3*5,150*4*3
24,2509,2392,1,0,0.979419,0.98971,85,25*3*5,150*4*3
25,2509,2391,1,0,0.979419,0.98971,85,25*3*5,150*4*3
26,2509,2391,1,0,0.979419,0.98971,85,25*3*5,150*4*3
27,2509,2392,1,0,0.979419,0.98971,85,25*3*5,150*4*3
28,2509,2391,1,0,0.979419,0.98971,85,25*3*5,150*4*3
29,2509,2392,1,0,0.979419,0.98971,85,25*3*5,150*4*3
30,2509,2391,1,0,0.979419,0.98971,85,25*3*5,150*4*3
31,2509,2392,1,0,0.979419,0.98971,85,25*3*5,150*4*3
32,2509,2391,1,0,0.979419,0.98971,85,25*3*5,150*4*3
33,2509,2392,1,0,0.979419,0.98971,85,25*3*5,150*4*3
34,2509,2391,1,0,0.979419,0.98971,85,25*3*5,150*4*3
35,2509,2392,1,0,0.979419,0.98971,85,25*3*5,150*4*3
36,2509,2391,1,0,0.979419,0.98971,85,25*3*5,150*4*3
37,2509,2392,1,0,0.979419,0.98971,85,25*3*5,150*4*3
38,2509,2391,1,0,0.979419,0.98971,85,25*3*5,150*4*3
39,2509,2391,1,0,0.979419,0.98971,85,25*3*5,150*4*3
40,2509,2392,1,0,0.979419,0.98971,85,25*3*5,150*4*3
41,2509,2391,1,0,0.979419,0.98971,85,25*3*5,150*4*3
42,2509,2392,1,0,0.979419,0.98971,85,25*3*5,150*4*3
43,2509,2391,1,0,0.979419,0.98971,85,25*3*5,150*4*3
44,2509,2392,1,0,0.979419,0.98971,85,25*3*5,150*4*3
45,2509,2391,1,0,0.979419,0.98971,85,25*3*5,150*4*3
46,2509,2392,1,0,0.979419,0.98971,85,25*3*5,150*4*3
47,2509.01,2391,1,0,0.979414,0.989707,85,25*3*5,150*4*3
48,2509.15,2392,1,0,0.979362,0.989681,85,25*3*5,150*4*3
49,2509.19,2391,1,0,0.979343,0.989672,85,25*3*5,150*4*3
50,2509.45,2392,1,0,0.979243,0.989621,85,25*3*5,150*4*3
51,2509.58,2391,1,0,0.979194,0.989597,85,25*3*5,150*4*3
52,2510.1,2391,1,0,0.97899,0.989495,85,25*3*5,150*4*3
53,2510.75,2392,1,0,0.978738,0.989369,85,25*3*5,150*4*3
54,2511.27,2391,1,0,0.978533,0.989266,85,25*3*5,150*4*3
55,2512.21,2392,1,0,0.978169,0.989084,85,25*3*5,150*4*3
56,2513.25,2391,1,0,0.977764,0.988882,85,25*3*5,150*4*3
57,2514.38,2392,1,0,0.977324,0.988662,85,25*3*5,150*4*3
58,2515.04,2391,1,0,0.977069,0.988534,85,25*3*5,150*4*3
59,2516.85,2392,1,0,0.976366,0.988183,85,25*3*5,150*4*3
60,2517,2391,1,0,0.976306,0.988153,85,25*3*5,150*4*3
61,2518.29,2392,1,0,0.975805,0.987903,85,25*3*5,150*4*3
62,2518.35,2391,1,0,0.975783,0.987892,85,25*3*5,150*4*3
63,2518.73,2392,1,0,0.975637,0.987819,85,25*3*5,150*4*3
64,2518.84,2391,1,0,0.975591,0.987796,85,25*3*5,150*4*3
65,2519.09,2391,1,0,0.975497,0.987748,85,25*3*5,150*4*3
66,2519.72,2392,1,0,0.975253,0.987627,85,25*3*5,150*4*3
67,2520.29,2391,1,0,0.975033,0.987517,85,25*3*5,150*4*3
68,2520.81,2392,1,0,0.97483,0.987415,85,25*3*5,150*4*3
69,2521.39,2391,1,0,0.974605,0.987302,85,25*3*5,150*4*3
70,2522.01,2392,1,0,0.974366,0.987183,85,25*3*5,150*4*3
71,2523,2391,1,0,0.973983,0.986992,85,25*3*5,150*4*3
72,2523.35,2392,1,0,0.973848,0.986924,85,25*3*5,150*4*3
73,2524.35,2391,1,0,0.973465,0.986732,85,25*3*5,150*4*3
74,2526.66,2392,1,0,0.972574,0.986287,85,25*3*5,150*4*3
75,2527.04,2391,1,0,0.972425,0.986213,85,25*3*5,150*4*3
76,2527.36,2391,1,0,0.972305,0.986153,85,25*3*5,150*4*3
77,2528.3,2392,1,0,0.971943,0.985972,85,25*3*5,150*4*3
78,2529.72,2391,1,0,0.971397,0.985699,85,25*3*5,150*4*3
79,2530.53,2392,1,0,0.971085,0.985542,85,25*3*5,150*4*3
80,2534.4,2391,1,0,0.969604,0.984802,85,25*3*5,150*4*3
81,2535.67,2392,1,0,0.969118,0.984559,85,25*3*5,150*4*3
82,2540.34,3188,0,0,0.998765,0.999382,88,25*2*8,150*4*4
83,2543.82,3189,1,0,0.997399,0.998699,88,25*2*8,150*4*4
84,2551.14,3188,1,0,0.994537,0.997269,88,25*2*8,150*4*4
85,2564.28,3189,1,0,0.989441,0.99472,88,25*2*8,150*4*4
86,2564.85,3188,1,0,0.989219,0.994609,88,25*2*8,150*4*4
87,2565.21,3189,1,0,0.989082,0.994541,88,25*2*8,150*4*4
88,2565.5,3188,1,0,0.98897,0.994485,88,25*2*8,150*4*4
89,2567.57,3189,1,0,0.988172,0.994086,88,25*2*8,150*4*4
90,2567.87,3189,1,0,0.988057,0.994028,88,25*2*8,150*4*4
91,2570.9,3188,1,0,0.986893,0.993447,88,25*2*8,150*4*4
92,2573.71,3189,1,0,0.985813,0.992907,88,25*2*8,150*4*4
93,2573.71,3188,1,0,0.985813,0.992906,88,25*2*8,150*4*4
94,2577.27,3189,1,0,0.984453,0.992227,88,25*2*8,150*4*4
95,2578.34,3188,1,0,0.984045,0.992023,88,25*2*8,150*4*4
96,2578.46,3189,1,0,0.983998,0.991999,88,25*2*8,150*4*4
97,2579.96,3188,1,0,0.983425,0.991713,88,25*2*8,150*4*4
98,2580.69,3189,1,0,0.98315,0.991575,88,25*2*8,150*4*4
99,2585.91,3189,1,0,0.981162,0.990581,88,25*2*8,150*4*4
100,2591.06,3188,1,0,0.979211,0.989606,88,25*2*8,150*4*4
101,2591.53,3189,1,0,0.979037,0.989519,88,25*2*8,150*4*4
102,2592.28,3188,1,0,0.978751,0.989375,88,25*2*8,150*4*4
103,2598.89,3189,1,0,0.976264,0.988132,88,25*2*8,150*4*4
104,2604.06,3188,1,0,0.974325,0.987163,88,25*2*8,150*4*4
105,2604.46,3189,1,0,0.974175,0.987087,88,25*2*8,150*4*4
106,2609.56,3189,1,0,0.972271,0.986136,88,25*2*8,150*4*4
107,2610.69,3188,1,0,0.97185,0.985925,88,25*2*8,150*4*4
108,2613.94,3189,1,0,0.970642,0.985321,88,25*2*8,150*4*4
109,2614.03,3188,1,0,0.970609,0.985305,88,25*2*8,150*4*4
110,2614.82,3189,1,0,0.970314,0.985157,88,25*2*8,150*4*4
111,2616.29,3188,1,0,0.969772,0.984886,88,25*2*8,150*4*4
112,2616.97,3189,1,0,0.969518,0.984759,88,25*2*8,150*4*4
113,2618.8,3188,1,0,0.968839,0.98442,88,25*2*8,150*4*4
114,2628.01,3189,1,0,0.965446,0.982723,88,25*2*8,150*4*4
115,2630.49,3189,1,0,0.964534,0.982267,88,25*2*8,150*4*4
116,2631.93,3188,1,0,0.964008,0.982004,88,25*2*8,150*4*4
117,2632.54,3189,1,0,0.963784,0.981892,88,25*2*8,150*4*4
118,2636.45,3188,1,0,0.962355,0.981177,88,25*2*8,150*4*4
119,2639.19,3189,1,0,0.961356,0.980678,88,25*2*8,150*4*4
120,2644.44,3188,1,0,0.959447,0.979724,88,25*2*8,150*4*4
121,2651.06,3189,1,0,0.957052,0.978526,88,25*2*8,150*4*4
122,2653.73,3189,1,0,0.956089,0.978045,88,25*2*8,150*4*4
123,2654.72,3188,1,0,0.955733,0.977867,88,25*2*8,150*4*4
124,2655.17,3189,1,0,0.95557,0.977785,88,25*2*8,150*4*4
125,2655.28,3188,1,0,0.95553,0.977765,88,25*2*8,150*4*4
126,2658.31,3189,1,0,0.954442,0.977221,88,25*2*8,150*4*4
127,2658.42,3188,1,0,0.954403,0.977201,88,25*2*8,150*4*4
128,2662.89,3189,1,0,0.952799,0.9764,88,25*2*8,150*4*4
129,2662.94,3188,1,0,0.952782,0.976391,88,25*2*8,150*4*4
130,2664.86,3189,1,0,0.952097,0.976048,88,25*2*8,150*4*4
131,2665.15,3189,1,0,0.95199,0.975995,88,25*2*8,150*4*4
132,2666.69,3188,1,0,0.951442,0.975721,88,25*2*8,150*4*4
133,2673.65,3189,1,0,0.948966,0.974483,88,25*2*8,150*4*4
134,2680.59,3188,1,0,0.946509,0.973255,88,25*2*8,150*4*4
135,2685.29,3189,1,0,0.944853,0.972426,88,25*2*8,150*4*4
136,2687.29,3188,1,0,0.944147,0.972073,88,25*2*8,150*4*4
137,2691.04,3189,1,0,0.942832,0.971416,88,25*2*8,150*4*4
138,2694.15,3188,1,0,0.941743,0.970872,88,25*2*8,150*4*4
139,2699.53,3189,1,0,0.939866,0.969933,88,25*2*8,150*4*4
140,2701.57,3189,1,0,0.939158,0.969579,88,25*2*8,150*4*4
141,2701.63,3188,1,0,0.939138,0.969569,88,25*2*8,150*4*4
142,2704.26,3189,1,0,0.938223,0.969112,88,25*2*8,150*4*4
143,2705.08,3188,1,0,0.937939,0.968969,88,25*2*8,150*4*4
144,2709.44,3189,1,0,0.936431,0.968215,88,25*2*8,150*4*4
145,2710.55,3188,1,0,0.936047,0.968023,88,25*2*8,150*4*4
146,2712.57,3189,1,0,0.935351,0.967675,88,25*2*8,150*4*4
147,2713.06,3189,1,0,0.935182,0.967591,88,25*2*8,150*4*4
148,2713.74,3188,1,0,0.934947,0.967473,88,25*2*8,150*4*4
149,2715.95,3189,1,0,0.934184,0.967092,88,25*2*8,150*4*4
150,2719.28,3188,1,0,0.933041,0.966521,88,25*2*8,150*4*4
151,2719.38,3189,1,0,0.933007,0.966504,88,25*2*8,150*4*4
152,2720.15,3188,1,0,0.932741,0.966371,88,25*2*8,150*4*4
153,2721.4,3189,1,0,0.932313,0.966156,88,25*2*8,150*4*4
154,2724.24,3188,1,0,0.931342,0.965671,88,25*2*8,150*4*4
155,2730.5,3189,1,0,0.929207,0.964604,88,25*2*8,150*4*4
156,2731.39,3189,1,0,0.928903,0.964451,88,25*2*8,150*4*4
157,2731.5,3188,1,0,0.928868,0.964434,88,25*2*8,150*4*4
158,2735.63,3189,1,0,0.927465,0.963732,88,25*2*8,150*4*4
159,2736.1,3188,1,0,0.927305,0.963652,88,25*2*8,150*4*4
160,2738.39,3189,1,0,0.926528,0.963264,88,25*2*8,150*4*4
161,2745.02,3188,1,0,0.924292,0.962146,88,25*2*8,150*4*4
162,2746.47,3189,1,0,0.923805,0.961903,88,25*2*8,150*4*4
163,2746.99,3189,1,0,0.92363,0.961815,88,25*2*8,150*4*4
164,2748.22,3188,1,0,0.923214,0.961607,88,25*2*8,150*4*4
165,2752.12,3189,1,0,0.921907,0.960953,88,25*2*8,150*4*4
166,2754.94,3188,1,0,0.920963,0.960481,88,25*2*8,150*4*4
167,2758.03,3189,1,0,0.919932,0.959966,88,25*2*8,150*4*4
168,2759.5,3188,1,0,0.919442,0.959721,88,25*2*8,150*4*4
169,2764.35,3189,1,0,0.917829,0.958915,88,25*2*8,150*4*4
170,2764.56,3188,1,0,0.917759,0.958879,88,25*2*8,150*4*4
171,2765.37,3189,1,0,0.91749,0.958745,88,25*2*8,150*4*4
172,2768.19,3189,1,0,0.916556,0.958278,88,25*2*8,150*4*4
173,2774.1,3188,1,0,0.914604,0.957302,88,25*2*8,150*4*4
174,2774.51,3189,1,0,0.914467,0.957234,88,25*2*8,150*4*4
175,2776.31,3188,1,0,0.913874,0.956937,88,25*2*8,150*4*4
176,2778.86,3189,1,0,0.913035,0.956517,88,25*2*8,150*4*4
177,2780.11,3188,1,0,0.912626,0.956313,88,25*2*8,150*4*4
178,2782.57,3189,1,0,0.911818,0.955909,88,25*2*8,150*4*4
179,2784.96,3188,1,0,0.911036,0.955518,88,25*2*8,150*4*4
180,2789.88,3189,1,0,0.90943,0.954715,88,25*2*8,150*4*4
181,2799.68,3189,1,0,0.906247,0.953123,88,25*2*8,150*4*4
182,2807.16,3188,1,0,0.90383,0.951915,88,25*2*8,150*4*4
183,2808.19,3189,1,0,0.9035,0.95175,88,25*2*8,150*4*4
184,2810.67,3188,1,0,0.902703,0.951351,88,25*2*8,150*4*4
185,2810.87,3189,1,0,0.90264,0.95132,88,25*2*8,150*4*4
186,2813.55,3188,1,0,0.90178,0.95089,88,25*2*8,150*4*4
187,2821.53,3189,1,0,0.899228,0.949614,88,25*2*8,150*4*4
188,2821.83,3189,1,0,0.899132,0.949566,88,25*2*8,150*4*4
189,2822.81,3188,1,0,0.898822,0.949411,88,25*2*8,150*4*4
190,2826.35,3189,1,0,0.897696,0.948848,88,25*2*8,150*4*4
191,2826.66,3188,1,0,0.897595,0.948797,88,25*2*8,150*4*4
192,2829.66,3189,1,0,0.896646,0.948323,88,25*2*8,150*4*4
193,2832.88,3188,1,0,0.895626,0.947813,88,25*2*8,150*4*4
194,2833.96,3189,1,0,0.895283,0.947642,88,25*2*8,150*4*4
195,2853.71,3188,1,0,0.889087,0.944543,88,25*2*8,150*4*4
196,2859.87,3189,1,0,0.887173,0.943586,88,25*2*8,150*4*4
197,2864.9,3189,1,0,0.885616,0.942808,88,25*2*8,150*4*4
198,2866.29,3188,1,0,0.885187,0.942594,88,25*2*8,150*4*4
199,2868.9,3189,1,0,0.884381,0.94219,88,25*2*8,150*4*4
200,2869.11,3188,1,0,0.884317,0.942159,88,25*2*8,150*4*4
201,2870.03,3189,1,0,0.884032,0.942016,88,25*2*8,150*4*4
202,2870.25,3188,1,0,0.883966,0.941983,88,25*2*8,150*4*4
203,2875.45,3189,1,0,0.882367,0.941183,88,25*2*8,150*4*4
204,2878.16,3189,1,0,0.881536,0.940768,88,25*2*8,150*4*4
205,2879.84,3188,1,0,0.88102,0.94051,88,25*2*8,150*4*4
206,2880.51,3189,1,0,0.880815,0.940407,88,25*2*8,150*4*4
207,2887.34,3188,1,0,0.878731,0.939366,88,25*2*8,150*4*4
208,2888.57,3189,1,0,0.87836,0.93918,88,25*2*8,150*4*4
209,2890.03,3188,1,0,0.877915,0.938957,88,25*2*8,150*4*4
210,2893.82,3189,1,0,0.876766,0.938383,88,25*2*8,150*4*4
211,2896.51,3188,1,0,0.875951,0.937975,88,25*2*8,150*4*4
212,2899.02,3189,1,0,0.875193,0.937597,88,25*2*8,150*4*4
213,2903.9,3189,1,0,0.873721,0.93686,88,25*2*8,150*4*4
214,2904.35,3188,1,0,0.873585,0.936793,88,25*2*8,150*4*4
215,2906.73,3189,1,0,0.87287,0.936435,88,25*2*8,150*4*4
216,2907.9,3188,1,0,0.87252,0.93626,88,25*2*8,150*4*4
217,2931.53,3189,1,0,0.865488,0.932744,88,25*2*8,150*4*4
218,2935.69,3188,1,0,0.86426,0.93213,88,25*2*8,150*4*4
219,2941.54,3189,1,0,0.862543,0.931271,88,25*2*8,150*4*4
220,2945.68,3188,1,0,0.861328,0.930664,88,25*2*8,150*4*4
221,2946.14,3189,1,0,0.861195,0.930597,88,25*2*8,150*4*4
222,2948.75,3189,1,0,0.860432,0.930216,88,25*2*8,150*4*4
223,2949.69,3188,1,0,0.860157,0.930079,88,25*2*8,150*4*4
224,2955.44,3189,1,0,0.858484,0.929242,88,25*2*8,150*4*4
225,2958.93,3188,1,0,0.857473,0.928737,88,25*2*8,150*4*4
226,2960.66,3189,1,0,0.85697,0.928485,88,25*2*8,150*4*4
227,2962.61,3188,1,0,0.856406,0.928203,88,25*2*8,150*4*4
228,2972.27,3189,1,0,0.853623,0.926812,88,25*2*8,150*4*4
229,2973.68,3189,1,0,0.853219,0.926609,88,25*2*8,150*4*4
230,2980.2,3188,1,0,0.851352,0.925676,88,25*2*8,150*4*4
231,2981.07,3189,1,0,0.851105,0.925552,88,25*2*8,150*4*4
232,2983.07,3188,1,0,0.850532,0.925266,88,25*2*8,150*4*4
233,2983.69,3189,1,0,0.850356,0.925178,88,25*2*8,150*4*4
234,2986.74,3188,1,0,0.849487,0.924743,88,25*2*8,150*4*4
235,2990.58,3189,1,0,0.848398,0.924199,88,25*2*8,150*4*4
236,2996.54,3188,1,0,0.84671,0.923355,88,25*2*8,150*4*4
237,2998.66,3189,1,0,0.846112,0.923056,88,25*2*8,150*4*4
238,3004.56,3189,1,0,0.84445,0.922225,88,25*2*8,150*4*4
239,3007.23,3188,1,0,0.843699,0.921849,88,25*2*8,150*4*4
240,3008.4,3189,1,0,0.843373,0.921686,88,25*2*8,150*4*4
241,3009.01,3188,1,0,0.8432,0.9216,88,25*2*8,150*4*4
242,3009.95,3189,1,0,0.842938,0.921469,88,25*2*8,150*4*4
243,3013.41,3188,1,0,0.841971,0.920986,88,25*2*8,150*4*4
244,3014.09,3189,1,0,0.841779,0.92089,88,25*2*8,150*4*4
245,3018.45,3189,1,0,0.840563,0.920281,88,25*2*8,150*4*4
246,3020.26,3188,1,0,0.840059,0.920029,88,25*2*8,150*4*4
247,3021.28,3189,1,0,0.839775,0.919888,88,25*2*8,150*4*4
248,3027.38,3188,1,0,0.838084,0.919042,88,25*2*8,150*4*4
249,3029.39,3189,1,0,0.837529,0.918765,88,25*2*8,150*4*4
250,3031.45,3188,1,0,0.836959,0.918479,88,25*2*8,150*4*4
251,3032.07,3189,1,0,0.836789,0.918394,88,25*2*8,150*4*4
252,3032.44,3188,1,0,0.836687,0.918344,88,25*2*8,150*4*4
253,3033.58,3189,1,0,0.836371,0.918185,88,25*2*8,150*4*4
254,3038.59,3189,1,0,0.834993,0.917496,88,25*2*8,150*4*4
255,3041.04,3188,1,0,0.83432,0.91716,88,25*2*8,150*4*4
256,3041.34,3189,1,0,0.834237,0.917118,88,25*2*8,150*4*4
257,3043.57,3188,1,0,0.833626,0.916813,88,25*2*8,150*4*4
258,3054.27,3189,1,0,0.830707,0.915353,88,25*2*8,150*4*4
259,3056.04,3188,1,0,0.830224,0.915112,88,25*2*8,150*4*4
260,3056.17,3189,1,0,0.830189,0.915094,88,25*2*8,150*4*4
261,3058.03,3189,1,0,0.829684,0.914842,88,25*2*8,150*4*4
262,3062.06,3188,1,0,0.828593,0.914297,88,25*2*8,150*4*4
263,3064.67,3189,1,0,0.827886,0.913943,88,25*2*8,150*4*4
264,3069.06,3188,1,0,0.826703,0.913351,88,25*2*8,150*4*4
265,3071.43,3189,1,0,0.826064,0.913032,88,25*2*8,150*4*4
266,3072.47,3188,1,0,0.825786,0.912893,88,25*2*8,150*4*4
267,3072.56,3189,1,0,0.82576,0.91288,88,25*2*8,150*4*4
268,3074.97,3188,1,0,0.825115,0.912557,88,25*2*8,150*4*4
269,3077.89,3189,1,0,0.824332,0.912166,88,25*2*8,150*4*4
270,3084.87,3189,1,0,0.822466,0.911233,88,25*2*8,150*4*4
271,3085.06,3188,1,0,0.822414,0.911207,88,25*2*8,150*4*4
272,3085.64,3189,1,0,0.82226,0.91113,88,25*2*8,150*4*4
273,3086.92,3188,1,0,0.82192,0.91096,88,25*2*8,150*4*4
274,3089.17,3189,1,0,0.821322,0.910661,88,25*2*8,150*4*4
275,3090.24,3188,1,0,0.821035,0.910518,88,25*2*8,150*4*4
276,3090.37,3189,1,0,0.821002,0.910501,88,25*2*8,150*4*4
277,3090.78,3188,1,0,0.820893,0.910446,88,25*2*8,150*4*4
278,3094.75,3189,1,0,0.819841,0.909921,88,25*2*8,150*4*4
279,3095.34,3189,1,0,0.819683,0.909842,88,25*2*8,150*4*4
280,3095.65,3188,1,0,0.819602,0.909801,88,25*2*8,150*4*4
281,3097.09,3189,1,0,0.819221,0.90961,88,25*2*8,150*4*4
282,3100.2,3188,1,0,0.818398,0.909199,88,25*2*8,150*4*4
283,3100.57,3189,1,0,0.818302,0.909151,88,25*2*8,150*4*4
284,3115.83,3188,1,0,0.814293,0.907146,88,25*2*8,150*4*4
285,3118.12,3189,1,0,0.813695,0.906847,88,25*2*8,150*4*4
286,3119.26,3189,1,0,0.813397,0.906699,88,25*2*8,150*4*4
287,3121.68,3188,1,0,0.812767,0.906383,88,25*2*8,150*4*4
288,3121.87,3189,1,0,0.812717,0.906359,88,25*2*8,150*4*4
289,3122.71,3188,1,0,0.812499,0.906249,88,25*2*8,150*4*4
290,3123.5,3189,1,0,0.812293,0.906147,88,25*2*8,150*4*4
291,3123.9,3188,1,0,0.81219,0.906095,88,25*2*8,150*4*4
292,3127.93,3189,1,0,0.811142,0.905571,88,25*2*8,150*4*4
293,3128.14,3188,1,0,0.81109,0.905545,88,25*2*8,150*4*4
294,3129.72,3189,1,0,0.810679,0.905339,88,25*2*8,150*4*4
295,3130.3,3189,1,0,0.810531,0.905265,88,25*2*8,150*4*4
296,3132.07,3188,1,0,0.810071,0.905035,88,25*2*8,150*4*4
297,3132.21,3189,1,0,0.810035,0.905017,88,25*2*8,150*4*4
298,3136.44,3188,1,0,0.808943,0.904471,88,25*2*8,150*4*4
299,3137.82,3189,1,0,0.808587,0.904293,88,25*2*8,150*4*4
300,3141.76,3188,1,0,0.807574,0.903787,88,25*2*8,150*4*4
301,3142,3189,1,0,0.80751,0.903755,88,25*2*8,150*4*4
302,3146.46,3189,1,0,0.806366,0.903183,88,25*2*8,150*4*4
303,3149.62,3188,1,0,0.805558,0.902779,88,25*2*8,150*4*4
304,3150.99,3189,1,0,0.805208,0.902604,88,25*2*8,150*4*4
305,3152.09,3188,1,0,0.804925,0.902463,88,25*2*8,150*4*4
306,3153.39,3189,1,0,0.804594,0.902297,88,25*2*8,150*4*4
307,3153.72,3188,1,0,0.80451,0.902255,88,25*2*8,150*4*4
308,3155.18,3189,1,0,0.804137,0.902068,88,25*2*8,150*4*4
309,3155.62,3188,1,0,0.804025,0.902012,88,25*2*8,150*4*4
310,3155.7,3189,1,0,0.804006,0.902003,88,25*2*8,150*4*4
311,3160.8,3189,1,0,0.802707,0.901353,88,25*2*8,150*4*4
312,3163.43,3188,1,0,0.80204,0.90102,88,25*2*8,150*4*4
313,3168.22,3189,1,0,0.800827,0.900413,88,25*2*8,150*4*4
314,3168.9,3188,1,0,0.800657,0.900328,88,25*2*8,150*4*4
315,3170.24,3189,1,0,0.800317,0.900158,88,25*2*8,150*4*4
316,3170.62,3188,1,0,0.800221,0.90011,88,25*2*8,150*4*4
317,3173.49,3189,1,0,0.799499,0.899749,88,25*2*8,150*4*4
318,3178.28,3188,1,0,0.798294,0.899147,88,25*2*8,150*4*4
319,3178.56,3189,1,0,0.798223,0.899112,88,25*2*8,150*4*4
320,3178.56,3189,1,0,0.798223,0.899112,88,25*2*8,150*4*4
321,3179.75,3188,1,0,0.797925,0.898963,88,25*2*8,150*4*4
322,3179.88,3189,1,0,0.797892,0.898946,88,25*2*8,150*4*4
323,3181.21,3188,1,0,0.797559,0.89878,88,25*2*8,150*4*4
324,3181.44,3189,1,0,0.797501,0.89875,88,25*2*8,150*4*4
325,3184.95,3188,1,0,0.796623,0.898311,88,25*2*8,150*4*4
326,3184.99,3189,1,0,0.796613,0.898306,88,25*2*8,150*4*4
327,3186.39,3189,1,0,0.796263,0.898131,88,25*2*8,150*4*4
328,3189.44,3188,1,0,0.7955,0.89775,88,25*2*8,150*4*4
329,3190.96,3189,1,0,0.795121,0.89756,88,25*2*8,150*4*4
330,3195.45,3188,1,0,0.794005,0.897002,88,25*2*8,150*4*4
331,3195.61,3189,1,0,0.793964,0.896982,88,25*2*8,150*4*4
332,3197.02,3188,1,0,0.793614,0.896807,88,25*2*8,150*4*4
333,3197.04,3189,1,0,0.793609,0.896805,88,25*2*8,150*4*4
334,3197.96,3188,1,0,0.793382,0.896691,88,25*2*8,150*4*4
335,3198.05,3189,1,0,0.793358,0.896679,88,25*2*8,150*4*4
336,3198.72,3189,1,0,0.793191,0.896596,88,25*2*8,150*4*4
337,3199.87,3188,1,0,0.792908,0.896454,88,25*2*8,150*4*4
338,3202.9,3189,1,0,0.792156,0.896078,88,25*2*8,150*4*4
339,3202.92,3188,1,0,0.792153,0.896076,88,25*2*8,150*4*4
340,3208.09,3189,1,0,0.790876,0.895438,88,25*2*8,150*4*4
341,3210.89,3188,1,0,0.790186,0.895093,88,25*2*8,150*4*4
342,3211.03,3189,1,0,0.79015,0.895075,88,25*2*8,150*4*4
343,3212.67,3189,1,0,0.789748,0.894874,88,25*2*8,150*4*4
344,3213.25,3188,1,0,0.789606,0.894803,88,25*2*8,150*4*4
345,3226.77,3189,1,0,0.786297,0.893148,88,25*2*8,150*4*4
346,3234.51,3188,1,0,0.784415,0.892208,88,25*2*8,150*4*4
347,3235.85,3189,1,0,0.78409,0.892045,88,25*2*8,150*4*4
348,3237.93,3188,1,0,0.783586,0.891793,88,25*2*8,150*4*4
349,3241.96,3189,1,0,0.782612,0.891306,88,25*2*8,150*4*4
350,3242.54,3188,1,0,0.782473,0.891237,88,25*2*8,150*4*4
351,3242.99,3189,1,0,0.782364,0.891182,88,25*2*8,150*4*4
352,3244.64,3189,1,0,0.781966,0.890983,88,25*2*8,150*4*4
353,3245.35,3188,1,0,0.781795,0.890898,88,25*2*8,150*4*4
354,3245.93,3189,1,0,0.781656,0.890828,88,25*2*8,150*4*4
355,3245.93,3188,1,0,0.781656,0.890828,88,25*2*8,150*4*4
356,3246.19,3189,1,0,0.781592,0.890796,88,25*2*8,150*4*4
357,3246.23,3188,1,0,0.781585,0.890792,88,25*2*8,150*4*4
358,3248.34,3189,1,0,0.781077,0.890538,88,25*2*8,150*4*4
359,3250.35,3188,1,0,0.780592,0.890296,88,25*2*8,150*4*4
360,3257.4,3189,1,0,0.778904,0.889452,88,25*2*8,150*4*4
361,3259.75,3189,1,0,0.778341,0.889171,88,25*2*8,150*4*4
362,3261.63,3188,1,0,0.777894,0.888947,88,25*2*8,150*4*4
363,3262.35,3189,1,0,0.777721,0.888861,88,25*2*8,150*4*4
364,3266.47,3188,1,0,0.776741,0.88837,88,25*2*8,150*4*4
365,3269.84,3189,1,0,0.775941,0.88797,88,25*2*8,150*4*4
366,3269.99,3188,1,0,0.775905,0.887952,88,25*2*8,150*4*4
367,3274.74,3189,1,0,0.77478,0.88739,88,25*2*8,150*4*4
368,3276.88,3189,1,0,0.774272,0.887136,88,25*2*8,150*4*4
369,3278.22,3188,1,0,0.773956,0.886978,88,25*2*8,150*4*4
370,3279.64,3189,1,0,0.773623,0.886811,88,25*2*8,150*4*4
371,3286.03,3188,1,0,0.772118,0.886059,88,25*2*8,150*4*4
372,3287.3,3189,1,0,0.771818,0.885909,88,25*2*8,150*4*4
373,3288.25,3188,1,0,0.771596,0.885798,88,25*2*8,150*4*4
374,3289.54,3189,1,0,0.771292,0.885646,88,25*2*8,150*4*4
375,3291.15,3188,1,0,0.770917,0.885458,88,25*2*8,150*4*4
376,3291.21,3189,1,0,0.770902,0.885451,88,25*2*8,150*4*4
377,3291.93,3189,1,0,0.770734,0.885367,88,25*2*8,150*4*4
378,3293.92,3188,1,0,0.770269,0.885134,88,25*2*8,150*4*4
379,3294.15,3189,1,0,0.770213,0.885107,88,25*2*8,150*4*4
380,3294.27,3188,1,0,0.770187,0.885093,88,25*2*8,150*4*4
381,3296.82,3189,1,0,0.769591,0.884796,88,25*2*8,150*4*4
382,3297.77,3188,1,0,0.769369,0.884685,88,25*2*8,150*4*4
383,3298.11,3189,1,0,0.76929,0.884645,88,25*2*8,150*4*4
384,3298.54,3189,1,0,0.769188,0.884594,88,25*2*8,150*4*4
385,3299.3,3188,1,0,0.76901,0.884505,88,25*2*8,150*4*4
386,3300.44,3189,1,0,0.768747,0.884373,88,25*2*8,150*4*4
387,3301.64,3188,1,0,0.768466,0.884233,88,25*2*8,150*4*4
388,3301.81,3189,1,0,0.768427,0.884214,88,25*2*8,150*4*4
389,3304.34,3188,1,0,0.767839,0.883919,88,25*2*8,150*4*4
390,3304.54,3189,1,0,0.767792,0.883896,88,25*2*8,150*4*4
391,3304.9,3188,1,0,0.767708,0.883854,88,25*2*8,150*4*4
392,3306.03,3189,1,0,0.767447,0.883724,88,25*2*8,150*4*4
393,3308.73,3189,1,0,0.766821,0.88341,88,25*2*8,150*4*4
394,3312,3188,1,0,0.766063,0.883032,88,25*2*8,150*4*4
395,3315.65,3189,1,0,0.76522,0.88261,88,25*2*8,150*4*4
396,3315.84,3188,1,0,0.765174,0.882587,88,25*2*8,150*4*4
397,3315.88,3189,1,0,0.765167,0.882583,88,25*2*8,150*4*4
398,3316.78,3188,1,0,0.764958,0.882479,88,25*2*8,150*4*4
399,3318.9,3189,1,0,0.76447,0.882235,88,25*2*8,150*4*4
400,3319.76,3189,1,0,0.764271,0.882135,88,25*2*8,150*4*4
401,3320.21,3188,1,0,0.764168,0.882084,88,25*2*8,150*4*4
402,3321.91,3189,1,0,0.763778,0.881889,88,25*2*8,150*4*4
403,3322.23,3188,1,0,0.763703,0.881851,88,25*2*8,150*4*4
404,3322.38,3189,1,0,0.763668,0.881834,88,25*2*8,150*4*4
405,3322.81,3188,1,0,0.763572,0.881786,88,25*2*8,150*4*4
406,3322.82,3189,1,0,0.763569,0.881784,88,25*2*8,150*4*4
407,3323.39,3188,1,0,0.763437,0.881718,88,25*2*8,150*4*4
408,3323.74,3189,1,0,0.763357,0.881679,88,25*2*8,150*4*4
409,3323.95,3189,1,0,0.763309,0.881654,88,25*2*8,150*4*4
410,3324.17,3188,1,0,0.763257,0.881629,88,25*2*8,150*4*4
411,3325.21,3189,1,0,0.76302,0.88151,88,25*2*8,150*4*4
412,3326.2,3188,1,0,0.762792,0.881396,88,25*2*8,150*4*4
413,3326.32,3189,1,0,0.762765,0.881383,88,25*2*8,150*4*4
414,3326.62,3188,1,0,0.762696,0.881348,88,25*2*8,150*4*4
415,3326.64,3189,1,0,0.762692,0.881346,88,25*2*8,150*4*4
416,3327.2,3188,1,0,0.762563,0.881281,88,25*2*8,150*4*4
417,3329,3189,1,0,0.76215,0.881075,88,25*2*8,150*4*4
418,3330.45,3189,1,0,0.761819,0.88091,88,25*2*8,150*4*4
419,3330.46,3188,1,0,0.761816,0.880908,88,25*2*8,150*4*4
420,3331.56,3189,1,0,0.761566,0.880783,88,25*2*8,150*4*4
421,3331.95,3188,1,0,0.761476,0.880738,88,25*2*8,150*4*4
422,3332.81,3189,1,0,0.761279,0.880639,88,25*2*8,150*4*4
423,3334.31,3188,1,0,0.760938,0.880469,88,25*2*8,150*4*4
424,3334.41,3189,1,0,0.760914,0.880457,88,25*2*8,150*4*4
425,3335.33,3189,1,0,0.760703,0.880352,88,25*2*8,150*4*4
426,3337.76,3188,1,0,0.76015,0.880075,88,25*2*8,150*4*4
427,3339.93,3189,1,0,0.759656,0.879828,88,25*2*8,150*4*4
428,3340.81,3188,1,0,0.759457,0.879728,88,25*2*8,150*4*4
429,3341.2,3189,1,0,0.759368,0.879684,88,25*2*8,150*4*4
430,3341.2,3188,1,0,0.759367,0.879683,88,25*2*8,150*4*4
431,3341.24,3189,1,0,0.759359,0.87968,88,25*2*8,150*4*4
432,3342.61,3188,1,0,0.759048,0.879524,88,25*2*8,150*4*4
433,3343.03,3189,1,0,0.758951,0.879476,88,25*2*8,150*4*4
434,3343.17,3189,1,0,0.75892,0.87946,88,25*2*8,150*4*4
435,3343.34,3188,1,0,0.758883,0.879441,88,25*2*8,150*4*4
436,3343.67,3189,1,0,0.758806,0.879403,88,25*2*8,150*4*4
437,3343.77,3188,1,0,0.758785,0.879393,88,25*2*8,150*4*4
438,3343.91,3189,1,0,0.758752,0.879376,88,25*2*8,150*4*4
439,3343.92,3188,1,0,0.758751,0.879375,88,25*2*8,150*4*4
440,3344.55,3189,1,0,0.758608,0.879304,88,25*2*8,150*4*4
441,3345.61,3189,1,0,0.758368,0.879184,88,25*2*8,150*4*4
442,3346.17,3188,1,0,0.758241,0.87912,88,25*2*8,150*4*4
443,3346.7,3189,1,0,0.758119,0.87906,88,25*2*8,150*4*4
444,3346.85,3188,1,0,0.758086,0.879043,88,25*2*8,150*4*4
445,3347.17,3189,1,0,0.758013,0.879007,88,25*2*8,150*4*4
446,3348.67,3188,1,0,0.757675,0.878837,88,25*2*8,150*4*4
447,3349.54,3189,1,0,0.757477,0.878738,88,25*2*8,150*4*4
448,3351.26,3188,1,0,0.757087,0.878544,88,25*2*8,150*4*4
449,3352,3189,1,0,0.756921,0.878461,88,25*2*8,150*4*4
450,3353.02,3189,1,0,0.756692,0.878346,88,25*2*8,150*4*4
451,3353.98,3188,1,0,0.756475,0.878238,88,25*2*8,150*4*4
452,3355.7,3189,1,0,0.756086,0.878043,88,25*2*8,150*4*4
453,3355.8,3188,1,0,0.756065,0.878033,88,25*2*8,150*4*4
454,3356.17,3189,1,0,0.755981,0.87799,88,25*2*8,150*4*4
455,3356.9,3188,1,0,0.755816,0.877908,88,25*2*8,150*4*4
456,3357.01,3189,1,0,0.755791,0.877895,88,25*2*8,150*4*4
457,3357.36,3188,1,0,0.755712,0.877856,88,25*2*8,150*4*4
458,3357.42,3189,1,0,0.7557,0.87785,88,25*2*8,150*4*4
459,3358.01,3189,1,0,0.755567,0.877784,88,25*2*8,150*4*4
460,3358.32,3188,1,0,0.755497,0.877748,88,25*2*8,150*4*4
461,3358.34,3189,1,0,0.755492,0.877746,88,25*2*8,150*4*4
462,3358.54,3188,1,0,0.755448,0.877724,88,25*2*8,150*4*4
463,3358.58,3189,1,0,0.755438,0.877719,88,25*2*8,150*4*4
464,3359.57,3188,1,0,0.755215,0.877607,88,25*2*8,150*4*4
465,3359.95,3189,1,0,0.755131,0.877566,88,25*2*8,150*4*4
466,3360.49,3189,1,0,0.755009,0.877504,88,25*2*8,150*4*4
467,3360.78,3188,1,0,0.754943,0.877471,88,25*2*8,150*4*4
468,3360.92,3189,1,0,0.754913,0.877457,88,25*2*8,150*4*4
469,3361.75,3188,1,0,0.754727,0.877363,88,25*2*8,150*4*4
470,3361.89,3189,1,0,0.754694,0.877347,88,25*2*8,150*4*4
471,3362.39,3188,1,0,0.754582,0.877291,88,25*2*8,150*4*4
472,3362.41,3189,1,0,0.754577,0.877289,88,25*2*8,150*4*4
473,3363.24,3188,1,0,0.754391,0.877195,88,25*2*8,150*4*4
474,3363.41,3189,1,0,0.754354,0.877177,88,25*2*8,150*4*4
475,3363.45,3189,1,0,0.754345,0.877172,88,25*2*8,150*4*4
476,3363.88,3188,1,0,0.754248,0.877124,88,25*2*8,150*4*4
477,3363.91,3189,1,0,0.754242,0.877121,88,25*2*8,150*4*4
478,3364.15,3188,1,0,0.754187,0.877094,88,25*2*8,150*4*4
479,3364.45,3189,1,0,0.754119,0.87706,88,25*2*8,150*4*4
480,3364.61,3188,1,0,0.754085,0.877043,88,25*2*8,150*4*4
481,3364.66,3189,1,0,0.754074,0.877037,88,25*2*8,150*4*4
482,3364.75,3189,1,0,0.754053,0.877027,88,25*2*8,150*4*4
483,3364.84,3188,1,0,0.754033,0.877016,88,25*2*8,150*4*4
484,3364.85,3189,1,0,0.75403,0.877015,88,25*2*8,150*4*4
485,3365.53,3188,1,0,0.753879,0.87694,88,25*2*8,150*4*4
486,3365.6,3189,1,0,0.753863,0.876932,88,25*2*8,150*4*4
487,3365.9,3188,1,0,0.753796,0.876898,88,25*2*8,150*4*4
488,3365.94,3189,1,0,0.753786,0.876893,88,25*2*8,150*4*4
489,3366.26,3188,1,0,0.753715,0.876857,88,25*2*8,150*4*4
490,3366.73,3189,1,0,0.75361,0.876805,88,25*2*8,150*4*4
491,3366.78,3189,1,0,0.753598,0.876799,88,25*2*8,150*4*4
492,3366.84,3188,1,0,0.753586,0.876793,88,25*2*8,150*4*4
493,3367.13,3189,1,0,0.753519,0.87676,88,25*2*8,150*4*4
494,3367.28,3188,1,0,0.753487,0.876743,88,25*2*8,150*4*4
495,3367.31,3189,1,0,0.75348,0.87674,88,25*2*8,150*4*4
496,3367.32,3188,1,0,0.753477,0.876739,88,25*2*8,150*4*4
497,3367.56,3189,1,0,0.753423,0.876712,88,25*2*8,150*4*4
498,3367.78,3188,1,0,0.753376,0.876688,88,25*2*8,150*4*4
499,3367.83,3189,1,0,0.753364,0.876682,88,25*2*8,150*4*4
500,3367.84,3189,1,0,0.753361,0.876681,88,25*2*8,150*4*4
501,3367.84,3188,1,0,0.753361,0.87668,88,25*2*8,150*4*4
502,3368.1,3189,1,0,0.753303,0.876651,88,25*2*8,150*4*4
503,3368.17,3188,1,0,0.753287,0.876643,88,25*2*8,150*4*4
504,3368.22,3189,1,0,0.753276,0.876638,88,25*2*8,150*4*4
505,3368.26,3188,1,0,0.753266,0.876633,88,25*2*8,150*4*4
506,3368.28,3189,1,0,0.753262,0.876631,88,25*2*8,150*4*4
507,3368.6,3189,1,0,0.753192,0.876596,88,25*2*8,150*4*4
508,3368.73,3188,1,0,0.753163,0.876582,88,25*2*8,150*4*4
509,3368.8,3189,1,0,0.753146,0.876573,88,25*2*8,150*4*4
510,3369.07,3188,1,0,0.753085,0.876543,88,25*2*8,150*4*4
511,3369.1,3189,1,0,0.753079,0.87654,88,25*2*8,150*4*4
512,3369.39,3188,1,0,0.753015,0.876508,88,25*2*8,150*4*4
513,3369.39,3189,1,0,0.753015,0.876508,88,25*2*8,150*4*4
514,3369.45,3188,1,0,0.753001,0.8765,88,25*2*8,150*4*4
515,3369.49,3189,1,0,0.752992,0.876496,88,25*2*8,150*4*4
516,3369.76,3189,1,0,0.752933,0.876466,88,25*2*8,150*4*4
517,3369.81,3188,1,0,0.75292,0.87646,88,25*2*8,150*4*4
518,3369.93,3189,1,0,0.752893,0.876446,88,25*2*8,150*4*4
519,3370.08,3188,1,0,0.75286,0.87643,88,25*2*8,150*4*4
520,3370.11,3189,1,0,0.752853,0.876427,88,25*2*8,150*4*4
521,3370.42,3188,1,0,0.752785,0.876393,88,25*2*8,150*4*4
522,3370.64,3189,1,0,0.752735,0.876368,88,25*2*8,150*4*4
523,3371.22,3189,1,0,0.752606,0.876303,88,25*2*8,150*4*4
524,3371.26,3188,1,0,0.752596,0.876298,88,25*2*8,150*4*4
525,3371.34,3189,1,0,0.752579,0.876289,88,25*2*8,150*4*4
526,3371.43,3188,1,0,0.752558,0.876279,88,25*2*8,150*4*4
527,3371.64,3189,1,0,0.752511,0.876256,88,25*2*8,150*4*4
528,3371.75,3188,1,0,0.752487,0.876243,88,25*2*8,150*4*4
529,3371.82,3189,1,0,0.752473,0.876236,88,25*2*8,150*4*4
530,3371.88,3188,1,0,0.752459,0.87623,88,25*2*8,150*4*4
531,3372.09,3189,1,0,0.752412,0.876206,88,25*2*8,150*4*4
532,3372.28,3189,1,0,0.752369,0.876185,88,25*2*8,150*4*4
533,3372.39,3188,1,0,0.752344,0.876172,88,25*2*8,150*4*4
534,3372.42,3189,1,0,0.752338,0.876169,88,25*2*8,150*4*4
535,3372.55,3188,1,0,0.752309,0.876154,88,25*2*8,150*4*4
536,3372.8,3189,1,0,0.752254,0.876127,88,25*2*8,150*4*4
537,3372.82,3188,1,0,0.75225,0.876125,88,25*2*8,150*4*4
538,3373.01,3189,1,0,0.752208,0.876104,88,25*2*8,150*4*4
539,3373.02,3189,1,0,0.752205,0.876102,88,25*2*8,150*4*4
540,3374.2,3188,1,0,0.751941,0.87597,88,25*2*8,150*4*4
541,3374.66,3189,1,0,0.751839,0.87592,88,25*2*8,150*4*4
542,3374.78,3188,1,0,0.751812,0.875906,88,25*2*8,150*4*4
543,3375.01,3189,1,0,0.75176,0.87588,88,25*2*8,150*4*4
544,3376.59,3188,1,0,0.751409,0.875705,88,25*2*8,150*4*4
545,3377.48,3189,1,0,0.751212,0.875606,88,25*2*8,150*4*4
546,3377.48,3188,1,0,0.751212,0.875606,88,25*2*8,150*4*4
547,3377.48,3189,1,0,0.751212,0.875606,88,25*2*8,150*4*4
548,3377.48,3189,1,0,0.751212,0.875606,88,25*2*8,150*4*4
549,3377.48,3188,1,0,0.751212,0.875606,88,25*2*8,150*4*4
550,3377.48,3189,1,0,0.751212,0.875606,88,25*2*8,150*4*4
551,3377.48,3188,1,0,0.751212,0.875606,88,25*2*8,150*4*4
552,3377.48,3189,1,0,0.751212,0.875606,88,25*2*8,150*4*4
553,3377.48,3188,1,0,0.751212,0.875606,88,25*2*8,150*4*4
554,3377.48,3189,1,0,0.751212,0.875606,88,25*2*8,150*4*4
555,3377.48,3188,1,0,0.751212,0.875606,88,25*2*8,150*4*4
556,3377.48,3189,1,0,0.751212,0.875606,88,25*2*8,150*4*4
557,3377.48,3189,1,0,0.751212,0.875606,88,25*2*8,150*4*4
558,3377.48,3188,1,0,0.751212,0.875606,88,25*2*8,150*4*4
559,3377.48,3189,1,0,0.751212,0.875606,88,25*2*8,150*4*4
560,3377.48,3188,1,0,0.751212,0.875606,88,25*2*8,150*4*4
561,3377.48,3189,1,0,0.751212,0.875606,88,25*2*8,150*4*4
562,3377.48,3188,1,0,0.751212,0.875606,88,25*2*8,150*4*4
563,3377.48,3189,1,0,0.751212,0.875606,88,25*2*8,150*4*4
564,3377.48,3189,1,0,0.751212,0.875606,88,25*2*8,150*4*4
565,3377.48,3188,1,0,0.751212,0.875606,88,25*2*8,150*4*4
566,3377.48,3189,1,0,0.751212,0.875606,88,25*2*8,150*4*4
567,3377.48,3188,1,0,0.751212,0.875606,88,25*2*8,150*4*4
568,3377.48,3189,1,0,0.751212,0.875606,88,25*2*8,150*4*4
569,3377.48,3188,1,0,0.751212,0.875606,88,25*2*8,150*4*4
570,3377.48,3189,1,0,0.751212,0.875606,88,25*2*8,150*4*4
571,3377.48,3188,1,0,0.751212,0.875606,88,25*2*8,150*4*4
572,3377.48,3189,1,0,0.751212,0.875606,88,25*2*8,150*4*4
573,3377.48,3189,1,0,0.751212,0.875606,88,25*2*8,150*4*4
574,3377.48,3188,1,0,0.751212,0.875606,88,25*2*8,150*4*4
575,3377.48,3189,1,0,0.751212,0.875606,88,25*2*8,150*4*4
576,3377.48,3188,1,0,0.751212,0.875606,88,25*2*8,150*4*4
577,3377.48,3189,1,0,0.751212,0.875606,88,25*2*8,150*4*4
578,3377.48,3188,1,0,0.751212,0.875606,88,25*2*8,150*4*4
579,3377.48,3189,1,0,0.751212,0.875606,88,25*2*8,150*4*4
580,3377.48,3189,1,0,0.751212,0.875606,88,25*2*8,150*4*4
581,3377.48,3188,1,0,0.751212,0.875606,88,25*2*8,150*4*4
582,3377.48,3189,1,0,0.751212,0.875606,88,25*2*8,150*4*4
583,3377.48,3188,1,0,0.751212,0.875606,88,25*2*8,150*4*4
584,3377.48,3189,1,0,0.751212,0.875606,88,25*2*8,150*4*4
585,3377.48,3188,1,0,0.751212,0.875606,88,25*2*8,150*4*4
586,3377.48,3189,1,0,0.751212,0.875606,88,25*2*8,150*4*4
587,3377.48,3188,1,0,0.751212,0.875606,88,25*2*8,150*4*4
588,3377.48,3189,1,0,0.751212,0.875606,88,25*2*8,150*4*4
589,3377.48,3189,1,0,0.751212,0.875606,88,25*2*8,150*4*4
590,3377.48,3188,1,0,0.751212,0.875606,88,25*2*8,150*4*4
591,3377.48,3189,1,0,0.751212,0.875606,88,25*2*8,150*4*4
592,3377.48,3188,1,0,0.751212,0.875606,88,25*2*8,150*4*4
593,3377.48,3189,1,0,0.751212,0.875606,88,25*2*8,150*4*4
594,3377.48,3188,1,0,0.751212,0.875606,88,25*2*8,150*4*4
595,3378,3189,1,0,0.751095,0.875548,88,25*2*8,150*4*4
596,3377.99,3188,1,0,0.751098,0.875549,88,25*2*8,150*4*4
597,3377.85,3189,1,0,0.751128,0.875564,88,25*2*8,150*4*4
598,3377.81,3189,1,0,0.751139,0.875569,88,25*2*8,150*4*4
599,3377.55,3188,1,0,0.751196,0.875598,88,25*2*8,150*4*4
600,3377.42,3189,1,0,0.751224,0.875612,88,25*2*8,150*4*4
601,3376.9,3188,1,0,0.75134,0.87567,88,25*2*8,150*4*4
602,3376.25,3189,1,0,0.751484,0.875742,88,25*2*8,150*4*4
603,3375.73,3188,1,0,0.751601,0.8758,88,25*2*8,150*4*4
604,3374.79,3189,1,0,0.751809,0.875905,88,25*2*8,150*4*4
605,3373.75,3189,1,0,0.752041,0.87602,88,25*2*8,150*4*4
606,3372.62,3188,1,0,0.752293,0.876146,88,25*2*8,150*4*4
607,3371.96,3189,1,0,0.75244,0.87622,88,25*2*8,150*4*4
608,3370.15,3188,1,0,0.752844,0.876422,88,25*2*8,150*4*4
609,3370,3189,1,0,0.752879,0.876439,88,25*2*8,150*4*4
610,3368.71,3188,1,0,0.753167,0.876583,88,25*2*8,150*4*4
611,3368.65,3189,1,0,0.75318,0.87659,88,25*2*8,150*4*4
612,3368.27,3188,1,0,0.753264,0.876632,88,25*2*8,150*4*4
613,3368.16,3189,1,0,0.753291,0.876645,88,25*2*8,150*4*4
614,3367.91,3189,1,0,0.753345,0.876673,88,25*2*8,150*4*4
615,3367.28,3188,1,0,0.753486,0.876743,88,25*2*8,150*4*4
616,3366.71,3189,1,0,0.753613,0.876807,88,25*2*8,150*4*4
617,3366.19,3188,1,0,0.753731,0.876865,88,25*2*8,150*4*4
618,3365.61,3189,1,0,0.753861,0.876931,88,25*2*8,150*4*4
619,3364.99,3188,1,0,0.754,0.877,88,25*2*8,150*4*4
620,3364,3189,1,0,0.754222,0.877111,88,25*2*8,150*4*4
621,3363.65,3189,1,0,0.7543,0.87715,88,25*2*8,150*4*4
622,3362.65,3188,1,0,0.754523,0.877262,88,25*2*8,150*4*4
623,3360.34,3189,1,0,0.755042,0.877521,88,25*2*8,150*4*4
624,3359.96,3188,1,0,0.755129,0.877565,88,25*2*8,150*4*4
625,3359.64,3189,1,0,0.755199,0.8776,88,25*2*8,150*4*4
626,3358.7,3188,1,0,0.755411,0.877705,88,25*2*8,150*4*4
627,3357.28,3189,1,0,0.755731,0.877865,88,25*2*8,150*4*4
628,3356.47,3188,1,0,0.755914,0.877957,88,25*2*8,150*4*4
629,3352.6,3189,1,0,0.756785,0.878393,88,25*2*8,150*4*4
630,3351.33,3189,1,0,0.757073,0.878536,88,25*2*8,150*4*4
631,3346.66,3188,1,0,0.758128,0.879064,88,25*2*8,150*4*4
632,3343.18,3189,1,0,0.758917,0.879459,88,25*2*8,150*4*4
633,3335.86,3188,1,0,0.760583,0.880291,88,25*2*8,150*4*4
634,3322.72,3189,1,0,0.76359,0.881795,88,25*2*8,150*4*4
635,3322.15,3188,1,0,0.763723,0.881861,88,25*2*8,150*4*4
636,3321.79,3189,1,0,0.763804,0.881902,88,25*2*8,150*4*4
637,3321.5,3188,1,0,0.763871,0.881936,88,25*2*8,150*4*4
638,3319.43,3189,1,0,0.764348,0.882174,88,25*2*8,150*4*4
639,3319.13,3189,1,0,0.764417,0.882208,88,25*2*8,150*4*4
640,3316.1,3188,1,0,0.765115,0.882557,88,25*2*8,150*4*4
641,3313.29,3189,1,0,0.765765,0.882883,88,25*2*8,150*4*4
642,3313.29,3188,1,0,0.765765,0.882883,88,25*2*8,150*4*4
643,3309.73,3189,1,0,0.766588,0.883294,88,25*2*8,150*4*4
644,3308.66,3188,1,0,0.766835,0.883418,88,25*2*8,150*4*4
645,3308.54,3189,1,0,0.766864,0.883432,88,25*2*8,150*4*4
646,3307.04,3189,1,0,0.767212,0.883606,88,25*2*8,150*4*4
647,3306.31,3188,1,0,0.76738,0.88369,88,25*2*8,150*4*4
648,3301.09,3189,1,0,0.768596,0.884298,88,25*2*8,150*4*4
649,3295.94,3188,1,0,0.769797,0.884898,88,25*2*8,150*4*4
650,3295.47,3189,1,0,0.769904,0.884952,88,25*2*8,150*4*4
651,3294.72,3188,1,0,0.770082,0.885041,88,25*2*8,150*4*4
652,3288.11,3189,1,0,0.771628,0.885814,88,25*2*8,150*4*4
653,3282.94,3188,1,0,0.772843,0.886422,88,25*2*8,150*4*4
654,3282.54,3189,1,0,0.772938,0.886469,88,25*2*8,150*4*4
655,3277.44,3189,1,0,0.774141,0.88707,88,25*2*8,150*4*4
656,3276.31,3188,1,0,0.774408,0.887204,88,25*2*8,150*4*4
657,3273.06,3189,1,0,0.775177,0.887588,88,25*2*8,150*4*4
658,3272.97,3188,1,0,0.775198,0.887599,88,25*2*8,150*4*4
659,3272.18,3189,1,0,0.775386,0.887693,88,25*2*8,150*4*4
660,3270.71,3188,1,0,0.775733,0.887866,88,25*2*8,150*4*4
661,3270.03,3189,1,0,0.775895,0.887948,88,25*2*8,150*4*4
662,3268.2,3189,1,0,0.77633,0.888165,88,25*2*8,150*4*4
663,3258.99,3188,1,0,0.778523,0.889261,88,25*2*8,150*4*4
664,3256.51,3189,1,0,0.779117,0.889559,88,25*2*8,150*4*4
665,3255.07,3188,1,0,0.77946,0.88973,88,25*2*8,150*4*4
666,3254.46,3189,1,0,0.779607,0.889804,88,25*2*8,150*4*4
667,3250.55,3188,1,0,0.780545,0.890272,88,25*2*8,150*4*4
668,3247.81,3189,1,0,0.781203,0.890602,88,25*2*8,150*4*4
669,3242.56,3188,1,0,0.782468,0.891234,88,25*2*8,150*4*4
670,3235.94,3189,1,0,0.784069,0.892034,88,25*2*8,150*4*4
671,3233.27,3189,1,0,0.784716,0.892358,88,25*2*8,150*4*4
672,3232.28,3188,1,0,0.784956,0.892478,88,25*2*8,150*4*4
673,3231.83,3189,1,0,0.785066,0.892533,88,25*2*8,150*4*4
674,3231.72,3188,1,0,0.785093,0.892547,88,25*2*8,150*4*4
675,3228.69,3189,1,0,0.785829,0.892915,88,25*2*8,150*4*4
676,3228.58,3188,1,0,0.785856,0.892928,88,25*2*8,150*4*4
677,3224.11,3189,1,0,0.786946,0.893473,88,25*2*8,150*4*4
678,3224.06,3189,1,0,0.786958,0.893479,88,25*2*8,150*4*4
679,3222.14,3188,1,0,0.787426,0.893713,88,25*2*8,150*4*4
680,3221.85,3189,1,0,0.787499,0.893749,88,25*2*8,150*4*4
681,3220.31,3188,1,0,0.787874,0.893937,88,25*2*8,150*4*4
682,3213.35,3189,1,0,0.78958,0.89479,88,25*2*8,150*4*4
683,3206.41,3188,1,0,0.791289,0.895645,88,25*2*8,150*4*4
684,3201.71,3189,1,0,0.792451,0.896225,88,25*2*8,150*4*4
685,3199.71,3188,1,0,0.792948,0.896474,88,25*2*8,150*4*4
686,3195.96,3189,1,0,0.793878,0.896939,88,25*2*8,150*4*4
687,3192.85,3189,1,0,0.794651,0.897326,88,25*2*8,150*4*4
688,3187.47,3188,1,0,0.795993,0.897996,88,25*2*8,150*4*4
689,3185.43,3189,1,0,0.796501,0.898251,88,25*2*8,150*4*4
690,3185.37,3188,1,0,0.796516,0.898258,88,25*2*8,150*4*4
691,3182.74,3189,1,0,0.797175,0.898588,88,25*2*8,150*4*4
692,3181.92,3188,1,0,0.79738,0.89869,88,25*2*8,150*4*4
693,3177.56,3189,1,0,0.798474,0.899237,88,25*2*8,150*4*4
694,3176.45,3188,1,0,0.798753,0.899377,88,25*2*8,150*4*4
695,3174.43,3189,1,0,0.799261,0.89963,88,25*2*8,150*4*4
696,3173.94,3189,1,0,0.799384,0.899692,88,25*2*8,150*4*4
697,3173.26,3188,1,0,0.799556,0.899778,88,25*2*8,150*4*4
698,3171.05,3189,1,0,0.800114,0.900057,88,25*2*8,150*4*4
699,3167.72,3188,1,0,0.800954,0.900477,88,25*2*8,150*4*4
700,3167.62,3189,1,0,0.800979,0.90049,88,25*2*8,150*4*4
701,3166.85,3188,1,0,0.801176,0.900588,88,25*2*8,150*4*4
702,3165.6,3189,1,0,0.801492,0.900746,88,25*2*8,150*4*4
703,3162.76,3189,1,0,0.802211,0.901106,88,25*2*8,150*4*4
704,3156.5,3188,1,0,0.803801,0.901901,88,25*2*8,150*4*4
705,3155.61,3189,1,0,0.804029,0.902015,88,25*2*8,150*4*4
706,3155.5,3188,1,0,0.804056,0.902028,88,25*2*8,150*4*4
707,3151.37,3189,1,0,0.80511,0.902555,88,25*2*8,150*4*4
708,3150.9,3188,1,0,0.805231,0.902615,88,25*2*8,150*4*4
709,3148.61,3189,1,0,0.805817,0.902909,88,25*2*8,150*4*4
710,3141.98,3188,1,0,0.807516,0.903758,88,25*2*8,150*4*4
711,3140.53,3189,1,0,0.807888,0.903944,88,25*2*8,150*4*4
712,3140.01,3189,1,0,0.808022,0.904011,88,25*2*8,150*4*4
713,3138.78,3188,1,0,0.808341,0.90417,88,25*2*8,150*4*4
714,3134.88,3189,1,0,0.809346,0.904673,88,25*2*8,150*4*4
715,3132.06,3188,1,0,0.810075,0.905037,88,25*2*8,150*4*4
716,3128.97,3189,1,0,0.810874,0.905437,88,25*2*8,150*4*4
717,3127.5,3188,1,0,0.811255,0.905628,88,25*2*8,150*4*4
718,3122.65,3189,1,0,0.812514,0.906257,88,25*2*8,150*4*4
719,3122.44,3189,1,0,0.81257,0.906285,88,25*2*8,150*4*4
720,3121.63,3188,1,0,0.812781,0.90639,88,25*2*8,150*4*4
721,3118.81,3189,1,0,0.813515,0.906758,88,25*2*8,150*4*4
722,3112.9,3188,1,0,0.815059,0.90753,88,25*2*8,150*4*4
723,3112.49,3189,1,0,0.815168,0.907584,88,25*2*8,150*4*4
724,3110.69,3188,1,0,0.81564,0.90782,88,25*2*8,150*4*4
725,3108.14,3189,1,0,0.816309,0.908155,88,25*2*8,150*4*4
726,3106.89,3188,1,0,0.816636,0.908318,88,25*2*8,150*4*4
727,3104.43,3189,1,0,0.817285,0.908642,88,25*2*8,150*4*4
728,3102.04,3189,1,0,0.817914,0.908957,88,25*2*8,150*4*4
729,3097.12,3188,1,0,0.819213,0.909606,88,25*2*8,150*4*4
730,3087.32,3189,1,0,0.821813,0.910906,88,25*2*8,150*4*4
731,3079.84,3188,1,0,0.82381,0.911905,88,25*2*8,150*4*4
732,3078.81,3189,1,0,0.824085,0.912042,88,25*2*8,150*4*4
733,3076.33,3188,1,0,0.824749,0.912375,88,25*2*8,150*4*4
734,3076.13,3189,1,0,0.824802,0.912401,88,25*2*8,150*4*4
735,3073.45,3188,1,0,0.825521,0.91276,88,25*2*8,150*4*4
736,3065.47,3189,1,0,0.827671,0.913836,88,25*2*8,150*4*4
737,3065.17,3189,1,0,0.827753,0.913876,88,25*2*8,150*4*4
738,3064.19,3188,1,0,0.828015,0.914008,88,25*2*8,150*4*4
739,3060.65,3189,1,0,0.828973,0.914487,88,25*2*8,150*4*4
740,3060.34,3188,1,0,0.82906,0.91453,88,25*2*8,150*4*4
741,3057.34,3189,1,0,0.829871,0.914935,88,25*2*8,150*4*4
742,3054.12,3188,1,0,0.830746,0.915373,88,25*2*8,150*4*4
743,3053.04,3189,1,0,0.831041,0.915521,88,25*2*8,150*4*4
744,3033.29,3189,1,0,0.836453,0.918226,88,25*2*8,150*4*4
745,3027.13,3188,1,0,0.838154,0.919077,88,25*2*8,150*4*4
746,3022.1,3189,1,0,0.839548,0.919774,88,25*2*8,150*4*4
747,3020.71,3188,1,0,0.839934,0.919967,88,25*2*8,150*4*4
748,3018.1,3189,1,0,0.840661,0.920331,88,25*2*8,150*4*4
749,3017.89,3188,1,0,0.840719,0.920359,88,25*2*8,150*4*4
750,3016.97,3189,1,0,0.840976,0.920488,88,25*2*8,150*4*4
751,3016.75,3188,1,0,0.841036,0.920518,88,25*2*8,150*4*4
752,3011.55,3189,1,0,0.842489,0.921245,88,25*2*8,150*4*4
753,3008.84,3189,1,0,0.843248,0.921624,88,25*2*8,150*4*4
754,3007.16,3188,1,0,0.843721,0.921861,88,25*2*8,150*4*4
755,3006.49,3189,1,0,0.843909,0.921955,88,25*2*8,150*4*4
756,2999.66,3188,1,0,0.84583,0.922915,88,25*2*8,150*4*4
757,2998.43,3189,1,0,0.846175,0.923087,88,25*2*8,150*4*4
758,2996.97,3188,1,0,0.846588,0.923294,88,25*2*8,150*4*4
759,2993.18,3189,1,0,0.847659,0.923829,88,25*2*8,150*4*4
760,2990.49,3189,1,0,0.848423,0.924211,88,25*2*8,150*4*4
761,2987.98,3188,1,0,0.849135,0.924567,88,25*2*8,150*4*4
762,2983.1,3189,1,0,0.850525,0.925263,88,25*2*8,150*4*4
763,2982.65,3188,1,0,0.850654,0.925327,88,25*2*8,150*4*4
764,2980.27,3189,1,0,0.851333,0.925667,88,25*2*8,150*4*4
765,2979.1,3188,1,0,0.851666,0.925833,88,25*2*8,150*4*4
766,2955.47,3189,1,0,0.858475,0.929237,88,25*2*8,150*4*4
767,2951.31,3188,1,0,0.859687,0.929843,88,25*2*8,150*4*4
768,2945.46,3189,1,0,0.861392,0.930696,88,25*2*8,150*4*4
769,2941.32,3189,1,0,0.862607,0.931303,88,25*2*8,150*4*4
770,2940.86,3188,1,0,0.862741,0.93137,88,25*2*8,150*4*4
771,2938.25,3189,1,0,0.863507,0.931754,88,25*2*8,150*4*4
772,2937.31,3188,1,0,0.863785,0.931892,88,25*2*8,150*4*4
773,2931.56,3189,1,0,0.865478,0.932739,88,25*2*8,150*4*4
774,2928.07,3188,1,0,0.866508,0.933254,88,25*2*8,150*4*4
775,2926.34,3189,1,0,0.867023,0.933511,88,25*2*8,150*4*4
776,2924.39,3188,1,0,0.867601,0.9338,88,25*2*8,150*4*4
777,2914.73,3189,1,0,0.870476,0.935238,88,25*2*8,150*4*4
778,2913.32,3189,1,0,0.870897,0.935448,88,25*2*8,150*4*4
779,2906.8,3188,1,0,0.87285,0.936425,88,25*2*8,150*4*4
780,2905.93,3189,1,0,0.87311,0.936555,88,25*2*8,150*4*4
781,2903.93,3188,1,0,0.873713,0.936857,88,25*2*8,150*4*4
782,2903.31,3189,1,0,0.873899,0.93695,88,25*2*8,150*4*4
783,2900.26,3188,1,0,0.87482,0.93741,88,25*2*8,150*4*4
784,2896.42,3189,1,0,0.875978,0.937989,88,25*2*8,150*4*4
785,2890.46,3189,1,0,0.877784,0.938892,88,25*2*8,150*4*4
786,2888.34,3188,1,0,0.878428,0.939214,88,25*2*8,150*4*4
787,2882.44,3189,1,0,0.880226,0.940113,88,25*2*8,150*4*4
788,2879.77,3188,1,0,0.881044,0.940522,88,25*2*8,150*4*4
789,2878.6,3189,1,0,0.8814,0.9407,88,25*2*8,150*4*4
790,2877.99,3188,1,0,0.881588,0.940794,88,25*2*8,150*4*4
791,2877.05,3189,1,0,0.881876,0.940938,88,25*2*8,150*4*4
792,2873.59,3188,1,0,0.882936,0.941468,88,25*2*8,150*4*4
793,2872.91,3189,1,0,0.883147,0.941573,88,25*2*8,150*4*4
794,2868.55,3189,1,0,0.88449,0.942245,88,25*2*8,150*4*4
795,2866.74,3188,1,0,0.885049,0.942524,88,25*2*8,150*4*4
796,2865.72,3189,1,0,0.885364,0.942682,88,25*2*8,150*4*4
797,2859.62,3188,1,0,0.887251,0.943626,88,25*2*8,150*4*4
798,2857.61,3189,1,0,0.887874,0.943937,88,25*2*8,150*4*4
799,2855.55,3188,1,0,0.888516,0.944258,88,25*2*8,150*4*4
800,2854.93,3189,1,0,0.888707,0.944354,88,25*2*8,150*4*4
801,2854.56,3189,1,0,0.888822,0.944411,88,25*2*8,150*4*4
802,2853.42,3188,1,0,0.88918,0.94459,88,25*2*8,150*4*4
803,2848.41,3189,1,0,0.890742,0.945371,88,25*2*8,150*4*4
804,2845.96,3188,1,0,0.891509,0.945754,88,25*2*8,150*4*4
805,2845.66,3189,1,0,0.891604,0.945802,88,25*2*8,150*4*4
806,2843.43,3188,1,0,0.892303,0.946152,88,25*2*8,150*4*4
807,2832.73,3189,1,0,0.895672,0.947836,88,25*2*8,150*4*4
808,2830.96,3188,1,0,0.896234,0.948117,88,25*2*8,150*4*4
809,2830.83,3189,1,0,0.896275,0.948137,88,25*2*8,150*4*4
810,2828.97,3189,1,0,0.896864,0.948432,88,25*2*8,150*4*4
811,2824.94,3188,1,0,0.898142,0.949071,88,25*2*8,150*4*4
812,2822.33,3189,1,0,0.898975,0.949487,88,25*2*8,150*4*4
813,2817.94,3188,1,0,0.900374,0.950187,88,25*2*8,150*4*4
814,2815.57,3189,1,0,0.901133,0.950566,88,25*2*8,150*4*4
815,2814.53,3188,1,0,0.901464,0.950732,88,25*2*8,150*4*4
816,2814.44,3189,1,0,0.901494,0.950747,88,25*2*8,150*4*4
817,2812.03,3189,1,0,0.902265,0.951133,88,25*2*8,150*4*4
818,2809.11,3188,1,0,0.903203,0.951601,88,25*2*8,150*4*4
819,2802.13,3189,1,0,0.905454,0.952727,88,25*2*8,150*4*4
820,2801.94,3188,1,0,0.905516,0.952758,88,25*2*8,150*4*4
821,2801.36,3189,1,0,0.905704,0.952852,88,25*2*8,150*4*4
822,2800.08,3188,1,0,0.906116,0.953058,88,25*2*8,150*4*4
823,2797.83,3189,1,0,0.906845,0.953422,88,25*2*8,150*4*4
824,2796.76,3188,1,0,0.907194,0.953597,88,25*2*8,150*4*4
825,2796.63,3189,1,0,0.907235,0.953618,88,25*2*8,150*4*4
826,2796.22,3189,1,0,0.907368,0.953684,88,25*2*8,150*4*4
827,2792.25,3188,1,0,0.908657,0.954328,88,25*2*8,150*4*4
828,2791.66,3189,1,0,0.908851,0.954425,88,25*2*8,150*4*4
829,2791.35,3188,1,0,0.90895,0.954475,88,25*2*8,150*4*4
830,2789.91,3189,1,0,0.90942,0.95471,88,25*2*8,150*4*4
831,2786.8,3188,1,0,0.910436,0.955218,88,25*2*8,150*4*4
832,2786.43,3189,1,0,0.910555,0.955278,88,25*2*8,150*4*4
833,2771.17,3188,1,0,0.915571,0.957785,88,25*2*8,150*4*4
834,2768.88,3189,1,0,0.916328,0.958164,88,25*2*8,150*4*4
835,2767.74,3189,1,0,0.916706,0.958353,88,25*2*8,150*4*4
836,2765.32,3188,1,0,0.917507,0.958754,88,25*2*8,150*4*4
837,2765.13,3189,1,0,0.917571,0.958785,88,25*2*8,150*4*4
838,2764.29,3188,1,0,0.91785,0.958925,88,25*2*8,150*4*4
839,2763.5,3189,1,0,0.918112,0.959056,88,25*2*8,150*4*4
840,2763.1,3188,1,0,0.918244,0.959122,88,25*2*8,150*4*4
841,2759.07,3189,1,0,0.919587,0.959793,88,25*2*8,150*4*4
842,2758.86,3189,1,0,0.919654,0.959827,88,25*2*8,150*4*4
843,2757.28,3188,1,0,0.920183,0.960092,88,25*2*8,150*4*4
844,2756.7,3189,1,0,0.920374,0.960187,88,25*2*8,150*4*4
845,2754.93,3188,1,0,0.920968,0.960484,88,25*2*8,150*4*4
846,2754.79,3189,1,0,0.921015,0.960507,88,25*2*8,150*4*4
847,2750.56,3188,1,0,0.92243,0.961215,88,25*2*8,150*4*4
848,2749.18,3189,1,0,0.922893,0.961447,88,25*2*8,150*4*4
849,2745.24,3188,1,0,0.924216,0.962108,88,25*2*8,150*4*4
850,2745,3189,1,0,0.9243,0.96215,88,25*2*8,150*4*4
851,2740.54,3189,1,0,0.925804,0.962902,88,25*2*8,150*4*4
852,2737.38,3188,1,0,0.926871,0.963436,88,25*2*8,150*4*4
853,2736.01,3189,1,0,0.927334,0.963667,88,25*2*8,150*4*4
854,2734.91,3188,1,0,0.92771,0.963855,88,25*2*8,150*4*4
855,2733.61,3189,1,0,0.928151,0.964075,88,25*2*8,150*4*4
856,2733.28,3188,1,0,0.928263,0.964131,88,25*2*8,150*4*4
857,2731.82,3189,1,0,0.92876,0.96438,88,25*2*8,150*4*4
858,2731.38,3189,1,0,0.928909,0.964455,88,25*2*8,150*4*4
859,2731.3,3188,1,0,0.928935,0.964467,88,25*2*8,150*4*4
860,2726.2,3189,1,0,0.930674,0.965337,88,25*2*8,150*4*4
861,2723.57,3188,1,0,0.931573,0.965786,88,25*2*8,150*4*4
862,2718.78,3189,1,0,0.933214,0.966607,88,25*2*8,150*4*4
863,2718.1,3188,1,0,0.933446,0.966723,88,25*2*8,150*4*4
864,2716.76,3189,1,0,0.933908,0.966954,88,25*2*8,150*4*4
865,2716.38,3188,1,0,0.934039,0.967019,88,25*2*8,150*4*4
866,2713.51,3189,1,0,0.935025,0.967512,88,25*2*8,150*4*4
867,2708.72,3189,1,0,0.936677,0.968339,88,25*2*8,150*4*4
868,2708.44,3188,1,0,0.936775,0.968388,88,25*2*8,150*4*4
869,2708.44,3189,1,0,0.936775,0.968388,88,25*2*8,150*4*4
870,2707.25,3188,1,0,0.937186,0.968593,88,25*2*8,150*4*4
871,2707.12,3189,1,0,0.937231,0.968616,88,25*2*8,150*4*4
872,2705.79,3188,1,0,0.937691,0.968846,88,25*2*8,150*4*4
873,2705.56,3189,1,0,0.937773,0.968886,88,25*2*8,150*4*4
874,2702.05,3188,1,0,0.938989,0.969495,88,25*2*8,150*4*4
875,2702.01,3189,1,0,0.939003,0.969501,88,25*2*8,150*4*4
876,2700.61,3189,1,0,0.93949,0.969745,88,25*2*8,150*4*4
877,2697.56,3188,1,0,0.940554,0.970277,88,25*2*8,150*4*4
878,2696.04,3189,1,0,0.941085,0.970542,88,25*2*8,150*4*4
879,2691.55,3188,1,0,0.942653,0.971326,88,25*2*8,150*4*4
880,2691.39,3189,1,0,0.94271,0.971355,88,25*2*8,150*4*4
881,2689.98,3188,1,0,0.943204,0.971602,88,25*2*8,150*4*4
882,2689.96,3189,1,0,0.943211,0.971605,88,25*2*8,150*4*4
883,2689.04,3189,1,0,0.943532,0.971766,88,25*2*8,150*4*4
884,2688.95,3188,1,0,0.943566,0.971783,88,25*2*8,150*4*4
885,2688.28,3189,1,0,0.943802,0.971901,88,25*2*8,150*4*4
886,2687.13,3188,1,0,0.944203,0.972102,88,25*2*8,150*4*4
887,2684.1,3189,1,0,0.945272,0.972636,88,25*2*8,150*4*4
888,2684.08,3188,1,0,0.945277,0.972638,88,25*2*8,150*4*4
889,2678.91,3189,1,0,0.947101,0.97355,88,25*2*8,150*4*4
890,2676.11,3188,1,0,0.948093,0.974046,88,25*2*8,150*4*4
891,2675.97,3189,1,0,0.948144,0.974072,88,25*2*8,150*4*4
892,2674.33,3189,1,0,0.948724,0.974362,88,25*2*8,150*4*4
893,2673.75,3188,1,0,0.948928,0.974464,88,25*2*8,150*4*4
894,2660.23,3189,1,0,0.953753,0.976876,88,25*2*8,150*4*4
895,2652.49,3188,1,0,0.956536,0.978268,88,25*2*8,150*4*4
896,2651.15,3189,1,0,0.95702,0.97851,88,25*2*8,150*4*4
897,2649.07,3188,1,0,0.957772,0.978886,88,25*2*8,150*4*4
898,2645.04,3189,1,0,0.959231,0.979615,88,25*2*8,150*4*4
899,2644.46,3189,1,0,0.959439,0.97972,88,25*2*8,150*4*4
900,2644.01,3188,1,0,0.959604,0.979802,88,25*2*8,150*4*4
901,2642.36,3189,1,0,0.960203,0.980101,88,25*2*8,150*4*4
902,2641.65,3188,1,0,0.960461,0.980231,88,25*2*8,150*4*4
903,2641.07,3189,1,0,0.960671,0.980335,88,25*2*8,150*4*4
904,2641.07,3188,1,0,0.960671,0.980336,88,25*2*8,150*4*4
905,2640.81,3189,1,0,0.960767,0.980384,88,25*2*8,150*4*4
906,2640.77,3188,1,0,0.960779,0.980389,88,25*2*8,150*4*4
907,2638.66,3189,1,0,0.961547,0.980774,88,25*2*8,150*4*4
908,2636.65,3189,1,0,0.962282,0.981141,88,25*2*8,150*4*4
909,2629.6,3188,1,0,0.96486,0.98243,88,25*2*8,150*4*4
910,2627.25,3189,1,0,0.965726,0.982863,88,25*2*8,150*4*4
911,2625.37,3188,1,0,0.966415,0.983208,88,25*2*8,150*4*4
912,2624.65,3189,1,0,0.966682,0.983341,88,25*2*8,150*4*4
913,2620.53,3188,1,0,0.968201,0.9841,88,25*2*8,150*4*4
914,2617.16,3189,1,0,0.969447,0.984723,88,25*2*8,150*4*4
915,2617.01,3188,1,0,0.969503,0.984751,88,25*2*8,150*4*4
916,2612.26,3189,1,0,0.971265,0.985633,88,25*2*8,150*4*4
917,2610.12,3189,1,0,0.972064,0.986032,88,25*2*8,150*4*4
918,2608.78,3188,1,0,0.972563,0.986282,88,25*2*8,150*4*4
919,2607.36,3189,1,0,0.97309,0.986545,88,25*2*8,150*4*4
920,2600.97,3188,1,0,0.975481,0.98774,88,25*2*8,150*4*4
921,2599.7,3189,1,0,0.975961,0.98798,88,25*2*8,150*4*4
922,2598.75,3188,1,0,0.976316,0.988158,88,25*2*8,150*4*4
923,2597.46,3189,1,0,0.976802,0.988401,88,25*2*8,150*4*4
924,2595.85,3189,1,0,0.977405,0.988703,88,25*2*8,150*4*4
925,2595.79,3188,1,0,0.977428,0.988714,88,25*2*8,150*4*4
926,2595.07,3189,1,0,0.977699,0.98885,88,25*2*8,150*4*4
927,2593.08,3188,1,0,0.978449,0.989224,88,25*2*8,150*4*4
928,2592.85,3189,1,0,0.978538,0.989269,88,25*2*8,150*4*4
929,2592.73,3188,1,0,0.978581,0.989291,88,25*2*8,150*4*4
930,2590.18,3189,1,0,0.979544,0.989772,88,25*2*8,150*4*4
931,2589.23,3188,1,0,0.979904,0.989952,88,25*2*8,150*4*4
932,2588.89,3189,1,0,0.980032,0.990016,88,25*2*8,150*4*4
933,2588.46,3189,1,0,0.980198,0.990099,88,25*2*8,150*4*4
934,2587.7,3188,1,0,0.980486,0.990243,88,25*2*8,150*4*4
935,2586.56,3189,1,0,0.980916,0.990458,88,25*2*8,150*4*4
936,2585.36,3188,1,0,0.981373,0.990687,88,25*2*8,150*4*4
937,2585.19,3189,1,0,0.981436,0.990718,88,25*2*8,150*4*4
938,2582.66,3188,1,0,0.982398,0.991199,88,25*2*8,150*4*4
939,2582.46,3189,1,0,0.982474,0.991237,88,25*2*8,150*4*4
940,2582.1,3189,1,0,0.982612,0.991306,88,25*2*8,150*4*4
941,2580.97,3188,1,0,0.98304,0.99152,88,25*2*8,150*4*4
942,2578.27,3189,1,0,0.984069,0.992035,88,25*2*8,150*4*4
943,2575,3188,1,0,0.985319,0.99266,88,25*2*8,150*4*4
944,2571.35,3189,1,0,0.986718,0.993359,88,25*2*8,150*4*4
945,2571.16,3188,1,0,0.986794,0.993397,88,25*2*8,150*4*4
946,2571.12,3189,1,0,0.986807,0.993403,88,25*2*8,150*4*4
947,2570.22,3188,1,0,0.987155,0.993577,88,25*2*8,150*4*4
948,2568.1,3189,1,0,0.987968,0.993984,88,25*2*8,150*4*4
949,2567.24,3189,1,0,0.988301,0.99415,88,25*2*8,150*4*4
950,2566.79,3188,1,0,0.988473,0.994237,88,25*2*8,150*4*4
951,2565.09,3189,1,0,0.989126,0.994563,88,25*2*8,150*4*4
952,2564.77,3188,1,0,0.989252,0.994626,88,25*2*8,150*4*4
953,2564.62,3189,1,0,0.98931,0.994655,88,25*2*8,150*4*4
954,2564.19,3188,1,0,0.989473,0.994736,88,25*2*8,150*4*4
955,2564.18,3189,1,0,0.989477,0.994738,88,25*2*8,150*4*4
956,2563.61,3189,1,0,0.989699,0.99485,88,25*2*8,150*4*4
957,2563.26,3188,1,0,0.989833,0.994916,88,25*2*8,150*4*4
958,2563.05,3189,1,0,0.989914,0.994957,88,25*2*8,150*4*4
959,2562.83,3188,1,0,0.990001,0.995,88,25*2*8,150*4*4
960,2561.79,3189,1,0,0.990401,0.9952,88,25*2*8,150*4*4
961,2560.8,3188,1,0,0.990784,0.995392,88,25*2*8,150*4*4
962,2560.68,3189,1,0,0.99083,0.995415,88,25*2*8,150*4*4
963,2560.38,3188,1,0,0.990947,0.995473,88,25*2*8,150*4*4
964,2560.36,3189,1,0,0.990954,0.995477,88,25*2*8,150*4*4
965,2559.8,3189,1,0,0.991172,0.995586,88,25*2*8,150*4*4
966,2558,3188,1,0,0.991869,0.995935,88,25*2*8,150*4*4
967,2556.55,3189,1,0,0.992431,0.996215,88,25*2*8,150*4*4
968,2556.54,3188,1,0,0.992436,0.996218,88,25*2*8,150*4*4
969,2555.44,3189,1,0,0.992861,0.996431,88,25*2*8,150*4*4
970,2555.05,3188,1,0,0.993013,0.996507,88,25*2*8,150*4*4
971,2554.19,3189,1,0,0.99335,0.996675,88,25*2*8,150*4*4
972,2552.69,3188,1,0,0.993931,0.996965,88,25*2*8,150*4*4
973,2552.59,3189,1,0,0.993971,0.996986,88,25*2*8,150*4*4
974,2551.67,3189,1,0,0.994331,0.997165,88,25*2*8,150*4*4
975,2549.24,3188,1,0,0.995279,0.997639,88,25*2*8,150*4*4
976,2547.07,3189,1,0,0.996127,0.998063,88,25*2*8,150*4*4
977,2546.19,3188,1,0,0.996468,0.998234,88,25*2*8,150*4*4
978,2545.8,3189,1,0,0.996622,0.998311,88,25*2*8,150*4*4
979,2545.8,3188,1,0,0.996623,0.998312,88,25*2*8,150*4*4
980,2545.76,3189,1,0,0.996637,0.998319,88,25*2*8,150*4*4
981,2544.39,3189,1,0,0.997173,0.998587,88,25*2*8,150*4*4
982,2543.97,3188,1,0,0.99734,0.99867,88,25*2*8,150*4*4
983,2543.83,3189,1,0,0.997394,0.998697,88,25*2*8,150*4*4
984,2543.66,3188,1,0,0.997459,0.99873,88,25*2*8,150*4*4
985,2543.33,3189,1,0,0.997591,0.998796,88,25*2*8,150*4*4
986,2543.23,3188,1,0,0.997627,0.998814,88,25*2*8,150*4*4
987,2543.09,3189,1,0,0.997684,0.998842,88,25*2*8,150*4*4
988,2543.08,3188,1,0,0.997687,0.998843,88,25*2*8,150*4*4
989,2542.45,3189,1,0,0.997934,0.998967,88,25*2*8,150*4*4
990,2541.39,3189,1,0,0.99835,0.999175,88,25*2*8,150*4*4
991,2540.83,3188,1,0,0.99857,0.999285,88,25*2*8,150*4*4
992,2540.3,3189,1,0,0.998781,0.999391,88,25*2*8,150*4*4
993,2540.15,3188,1,0,0.998839,0.99942,88,25*2*8,150*4*4
994,2539.83,3189,1,0,0.998965,0.999483,88,25*2*8,150*4*4
995,2538.33,3188,1,0,0.999553,0.999777,88,25*2*8,150*4*4
996,2537.46,3189,1,0,0.999898,0.999949,88,25*2*8,150*4*4
997,2535.74,2391,0,0,0.969092,0.984546,85,25*3*5,150*4*3
998,2535,2391,1,0,0.969374,0.984687,85,25*3*5,150*4*3
999,2533.98,2392,1,0,0.969762,0.984881,85,25*3*5,150*4*3
1000,2533.02,2391,1,0,0.97013,0.985065,85,25*3*5,150*4*3
1001,2531.3,2392,1,0,0.970793,0.985396,85,25*3*5,150*4*3
1002,2531.2,2391,1,0,0.970827,0.985414,85,25*3*5,150*4*3
1003,2530.83,2392,1,0,0.970971,0.985485,85,25*3*5,150*4*3
1004,2530.1,2391,1,0,0.971251,0.985626,85,25*3*5,150*4*3
1005,2529.99,2392,1,0,0.971295,0.985647,85,25*3*5,150*4*3
1006,2529.64,2391,1,0,0.971429,0.985714,85,25*3*5,150*4*3
1007,2529.58,2392,1,0,0.97145,0.985725,85,25*3*5,150*4*3
1008,2528.99,2391,1,0,0.971676,0.985838,85,25*3*5,150*4*3
1009,2528.68,2391,1,0,0.971797,0.985898,85,25*3*5,150*4*3
1010,2528.66,2392,1,0,0.971804,0.985902,85,25*3*5,150*4*3
1011,2528.46,2391,1,0,0.97188,0.98594,85,25*3*5,150*4*3
1012,2528.42,2392,1,0,0.971897,0.985949,85,25*3*5,150*4*3
1013,2527.43,2391,1,0,0.972279,0.986139,85,25*3*5,150*4*3
1014,2527.05,2392,1,0,0.972422,0.986211,85,25*3*5,150*4*3
1015,2526.51,2391,1,0,0.972632,0.986316,85,25*3*5,150*4*3
1016,2526.22,2392,1,0,0.972744,0.986372,85,25*3*5,150*4*3
1017,2526.08,2391,1,0,0.972796,0.986398,85,25*3*5,150*4*3
1018,2525.25,2392,1,0,0.973115,0.986557,85,25*3*5,150*4*3
1019,2525.11,2391,1,0,0.973172,0.986586,85,25*3*5,150*4*3
1020,2524.61,2392,1,0,0.973363,0.986682,85,25*3*5,150*4*3
1021,2524.59,2391,1,0,0.973372,0.986686,85,25*3*5,150*4*3
1022,2523.76,2391,1,0,0.973693,0.986846,85,25*3*5,150*4*3
1023,2523.59,2392,1,0,0.973755,0.986878,85,25*3*5,150*4*3
1024,2523.55,2391,1,0,0.973772,0.986886,85,25*3*5,150*4*3
1025,2523.12,2392,1,0,0.973938,0.986969,85,25*3*5,150*4*3
1026,2523.09,2391,1,0,0.973948,0.986974,85,25*3*5,150*4*3
1027,2522.85,2392,1,0,0.974043,0.987021,85,25*3*5,150*4*3
1028,2522.55,2391,1,0,0.97416,0.98708,85,25*3*5,150*4*3
1029,2522.39,2392,1,0,0.974218,0.987109,85,25*3*5,150*4*3
1030,2522.34,2391,1,0,0.974237,0.987119,85,25*3*5,150*4*3
1031,2522.25,2392,1,0,0.974274,0.987137,85,25*3*5,150*4*3
1032,2522.16,2391,1,0,0.974309,0.987155,85,25*3*5,150*4*3
1033,2522.15,2392,1,0,0.974314,0.987157,85,25*3*5,150*4*3
1034,2521.47,2391,1,0,0.974574,0.987287,85,25*3*5,150*4*3
1035,2521.4,2391,1,0,0.974602,0.987301,85,25*3*5,150*4*3
1036,2521.1,2392,1,0,0.974718,0.987359,85,25*3*5,150*4*3
1037,2521.06,2391,1,0,0.974735,0.987368,85,25*3*5,150*4*3
1038,2520.74,2392,1,0,0.974858,0.987429,85,25*3*5,150*4*3
1039,2520.27,2391,1,0,0.975039,0.987519,85,25*3*5,150*4*3
1040,2520.22,2392,1,0,0.975059,0.98753,85,25*3*5,150*4*3
1041,2520.16,2391,1,0,0.97508,0.98754,85,25*3*5,150*4*3
1042,2519.87,2392,1,0,0.975196,0.987598,85,25*3*5,150*4*3
1043,2519.72,2391,1,0,0.975251,0.987626,85,25*3*5,150*4*3
1044,2519.69,2392,1,0,0.975263,0.987632,85,25*3*5,150*4*3
1045,2519.68,2391,1,0,0.975268,0.987634,85,25*3*5,150*4*3
1046,2519.44,2392,1,0,0.975361,0.987681,85,25*3*5,150*4*3
1047,2519.22,2391,1,0,0.975444,0.987722,85,25*3*5,150*4*3
1048,2519.17,2391,1,0,0.975464,0.987732,85,25*3*5,150*4*3
1049,2519.16,2392,1,0,0.975469,0.987734,85,25*3*5,150*4*3
1050,2519.16,2391,1,0,0.975469,0.987735,85,25*3*5,150*4*3
1051,2518.9,2392,1,0,0.97557,0.987785,85,25*3*5,150*4*3
1052,2518.83,2391,1,0,0.975598,0.987799,85,25*3*5,150*4*3
1053,2518.78,2392,1,0,0.975617,0.987808,85,25*3*5,150*4*3
1054,2518.74,2391,1,0,0.975633,0.987817,85,25*3*5,150*4*3
1055,2518.72,2392,1,0,0.975641,0.98782,85,25*3*5,150*4*3
1056,2518.4,2391,1,0,0.975763,0.987881,85,25*3*5,150*4*3
1057,2518.27,2392,1,0,0.975812,0.987906,85,25*3*5,150*4*3
1058,2518.2,2391,1,0,0.975842,0.987921,85,25*3*5,150*4*3
1059,2517.93,2392,1,0,0.975947,0.987974,85,25*3*5,150*4*3
1060,2517.9,2391,1,0,0.975957,0.987979,85,25*3*5,150*4*3
1061,2517.61,2391,1,0,0.976068,0.988034,85,25*3*5,150*4*3
1062,2517.61,2392,1,0,0.976069,0.988034,85,25*3*5,150*4*3
1063,2517.55,2391,1,0,0.976094,0.988047,85,25*3*5,150*4*3
1064,2517.51,2392,1,0,0.976109,0.988054,85,25*3*5,150*4*3
1065,2517.24,2391,1,0,0.976212,0.988106,85,25*3*5,150*4*3
1066,2517.19,2392,1,0,0.976234,0.988117,85,25*3*5,150*4*3
1067,2517.07,2391,1,0,0.976281,0.98814,85,25*3*5,150*4*3
1068,2516.92,2392,1,0,0.976339,0.988169,85,25*3*5,150*4*3
1069,2516.89,2391,1,0,0.97635,0.988175,85,25*3*5,150*4*3
1070,2516.58,2392,1,0,0.976468,0.988234,85,25*3*5,150*4*3
1071,2516.36,2391,1,0,0.976555,0.988277,85,25*3*5,150*4*3
1072,2515.78,2391,1,0,0.97678,0.98839,85,25*3*5,150*4*3
1073,2515.74,2392,1,0,0.976797,0.988398,85,25*3*5,150*4*3
1074,2515.66,2391,1,0,0.976827,0.988413,85,25*3*5,150*4*3
1075,2515.57,2392,1,0,0.976863,0.988431,85,25*3*5,150*4*3
1076,2515.36,2391,1,0,0.976944,0.988472,85,25*3*5,150*4*3
1077,2515.25,2392,1,0,0.976987,0.988493,85,25*3*5,150*4*3
1078,2515.18,2391,1,0,0.977011,0.988506,85,25*3*5,150*4*3
1079,2515.12,2392,1,0,0.977034,0.988517,85,25*3*5,150*4*3
1080,2514.91,2391,1,0,0.977116,0.988558,85,25*3*5,150*4*3
1081,2514.72,2392,1,0,0.977191,0.988596,85,25*3*5,150*4*3
1082,2514.61,2391,1,0,0.977235,0.988617,85,25*3*5,150*4*3
1083,2514.58,2392,1,0,0.977246,0.988623,85,25*3*5,150*4*3
1084,2514.45,2391,1,0,0.977297,0.988649,85,25*3*5,150*4*3
1085,2514.2,2391,1,0,0.977391,0.988696,85,25*3*5,150*4*3
1086,2514.18,2392,1,0,0.9774,0.9887,85,25*3*5,150*4*3
1087,2513.99,2391,1,0,0.977473,0.988737,85,25*3*5,150*4*3
1088,2513.98,2392,1,0,0.977478,0.988739,85,25*3*5,150*4*3
1089,2512.8,2391,1,0,0.977939,0.98897,85,25*3*5,150*4*3
1090,2512.34,2392,1,0,0.978116,0.989058,85,25*3*5,150*4*3
1091,2512.22,2391,1,0,0.978165,0.989082,85,25*3*5,150*4*3
1092,2511.99,2392,1,0,0.978255,0.989127,85,25*3*5,150*4*3
1093,2510.41,2391,1,0,0.978868,0.989434,85,25*3*5,150*4*3
