1,2509,1594,0,0,0.995735,0.997868,58,25*4*3,64*2*4
2,2509,1594,1,0,0.995735,0.997868,58,25*4*3,64*2*4
3,2509,1595,1,0,0.995735,0.997868,58,25*4*3,64*2*4
4,2509,1594,1,0,0.995735,0.997868,58,25*4*3,64*2*4
5,2509,1594,1,0,0.995735,0.997868,58,25*4*3,64*2*4
6,2509,1595,1,0,0.995735,0.997868,58,25*4*3,64*2*4
7,2509,1594,1,0,0.995735,0.997868,58,25*4*3,64*2*4
8,2509,1594,1,0,0.995735,0.997868,58,25*4*3,64*2*4
9,2509,1595,1,0,0.995735,0.997868,58,25*4*3,64*2*4
10,2509,1594,1,0,0.995735,0.997868,58,25*4*3,64*2*4
11,2509,1594,1,0,0.995735,0.997868,58,25*4*3,64*2*4
12,2509,1595,1,0,0.995735,0.997868,58,25*4*3,64*2*4
13,2509,1594,1,0,0.995735,0.997868,58,25*4*3,64*2*4
14,2509,1594,1,0,0.995735,0.997868,58,25*4*3,64*2*4
15,2509,1595,1,0,0.995735,0.997868,58,25*4*3,64*2*4
16,2509,1594,1,0,0.995735,0.997868,58,25*4*3,64*2*4
17,2509,1594,1,0,0.995735,0.997868,58,25*4*3,64*2*4
18,2509,1595,1,0,0.995735,0.997868,58,25*4*3,64*2*4
19,2509,1594,1,0,0.995735,0.997868,58,25*4*3,64*2*4
20,2509,1594,1,0,0.995735,0.997868,58,25*4*3,64*2*4
21,2509,1595,1,0,0.995735,0.997868,58,25*4*3,64*2*4
22,2509,1594,1,0,0.995735,0.997868,58,25*4*3,64*2*4
23,2509,1594,1,0,0.995735,0.997868,58,25*4*3,64*2*4
24,2509,1595,1,0,0.995735,0.997868,58,25*4*3,64*2*4
25,2509,1594,1,0,0.995735,0.997868,58,25*4*3,64*2*4
26,2509,1594,1,0,0.995735,0.997868,58,25*4*3,64*2*4
27,2509,1595,1,0,0.995735,0.997868,58,25*4*3,64*2*4
28,2509,1594,1,0,0.995735,0.997868,58,25*4*3,64*2*4
29,2509,1594,1,0,0.995735,0.997868,58,25*4*3,64*2*4
30,2509,1595,1,0,0.995735,0.997868,58,25*4*3,64*2*4
31,2509,1594,1,0,0.995735,0.997868,58,25*4*3,64*2*4
32,2509,1594,1,0,0.995735,0.997868,58,25*4*3,64*2*4
33,2509,1595,1,0,0.995735,0.997868,58,25*4*3,64*2*4
34,2509,1594,1,0,0.995735,0.997868,58,25*4*3,64*2*4
35,2509,1594,1,0,0.995735,0.997868,58,25*4*3,64*2*4
36,2509,1595,1,0,0.995735,0.997868,58,25*4*3,64*2*4
37,2509,1594,1,0,0.995735,0.997868,58,25*4*3,64*2*4
38,2509,1594,1,0,0.995735,0.997868,58,25*4*3,64*2*4
39,2509,1595,1,0,0.995735,0.997868,58,25*4*3,64*2*4
40,2509,1594,1,0,0.995735,0.997868,58,25*4*3,64*2*4
41,2509,1594,1,0,0.995735,0.997868,58,25*4*3,64*2*4
42,2509,1595,1,0,0.995735,0.997868,58,25*4*3,64*2*4
43,2509,1594,1,0,0.995735,0.997868,58,25*4*3,64*2*4
44,2509,1594,1,0,0.995735,0.997868,58,25*4*3,64*2*4
45,2509,1595,1,0,0.995735,0.997868,58,25*4*3,64*2*4
46,2509,1594,1,0,0.995735,0.997868,58,25*4*3,64*2*4
47,2509,1594,1,0,0.995735,0.997868,58,25*4*3,64*2*4
48,2509,1595,1,0,0.995735,0.997868,58,25*4*3,64*2*4
49,2509,1594,1,0,0.995735,0.997868,58,25*4*3,64*2*4
50,2509,1594,1,0,0.995735,0.997868,58,25*4*3,64*2*4
51,2509.01,1595,1,0,0.99573,0.997865,58,25*4*3,64*2*4
52,2509.15,1594,1,0,0.995677,0.997839,58,25*4*3,64*2*4
53,2509.19,1594,1,0,0.995658,0.997829,58,25*4*3,64*2*4
54,2509.45,1595,1,0,0.995556,0.997778,58,25*4*3,64*2*4
55,2509.58,2391,1,0,0.999969,0.999985,59,25*4*3,64*4*3
56,2510.1,2391,1,0,0.999761,0.999881,59,25*4*3,64*4*3
57,2510.75,2392,1,0,0.999504,0.999752,59,25*4*3,64*4*3
58,2511.27,2391,1,0,0.999294,0.999647,59,25*4*3,64*4*3
59,2512.21,2392,1,0,0.998922,0.999461,59,25*4*3,64*4*3
60,2513.25,2391,1,0,0.998509,0.999255,59,25*4*3,64*4*3
61,2514.38,2392,1,0,0.99806,0.99903,59,25*4*3,64*4*3
62,2515.04,2391,1,0,0.997799,0.9989,59,25*4*3,64*4*3
63,2516.85,2392,1,0,0.997081,0.99854,59,25*4*3,64*4*3
64,2517,2391,1,0,0.99702,0.99851,59,25*4*3,64*4*3
65,2518.29,2391,1,0,0.996509,0.998254,59,25*4*3,64*4*3
66,2518.35,2392,1,0,0.996486,0.998243,59,25*4*3,64*4*3
67,2518.73,2391,1,0,0.996337,0.998169,59,25*4*3,64*4*3
68,2518.84,2392,1,0,0.99629,0.998145,59,25*4*3,64*4*3
69,2519.09,2391,1,0,0.996194,0.998097,59,25*4*3,64*4*3
70,2519.72,2392,1,0,0.995945,0.997972,59,25*4*3,64*4*3
71,2520.29,2391,1,0,0.995721,0.99786,59,25*4*3,64*4*3
72,2520.81,2392,1,0,0.995513,0.997757,59,25*4*3,64*4*3
73,2521.39,2391,1,0,0.995283,0.997641,59,25*4*3,64*4*3
74,2522.01,2392,1,0,0.995039,0.997519,59,25*4*3,64*4*3
75,2523,2391,1,0,0.994648,0.997324,59,25*4*3,64*4*3
76,2523.35,2392,1,0,0.99451,0.997255,59,25*4*3,64*4*3
77,2524.35,2391,1,0,0.994119,0.997059,59,25*4*3,64*4*3
78,2526.66,2391,1,0,0.993209,0.996605,59,25*4*3,64*4*3
79,2527.04,2392,1,0,0.993057,0.996529,59,25*4*3,64*4*3
80,2527.36,2391,1,0,0.992935,0.996467,59,25*4*3,64*4*3
81,2528.3,2392,1,0,0.992565,0.996282,59,25*4*3,64*4*3
82,2529.72,2391,1,0,0.992007,0.996004,59,25*4*3,64*4*3
83,2530.53,2392,1,0,0.991688,0.995844,59,25*4*3,64*4*3
84,2534.4,2391,1,0,0.990176,0.995088,59,25*4*3,64*4*3
85,2535.67,2392,1,0,0.989679,0.99484,59,25*4*3,64*4*3
86,2540.34,2391,1,0,0.987861,0.99393,59,25*4*3,64*4*3
87,2543.82,2392,1,0,0.98651,0.993255,59,25*4*3,64*4*3
88,2551.14,2391,1,0,0.983679,0.99184,59,25*4*3,64*4*3
89,2564.28,2392,1,0,0.978639,0.989319,59,25*4*3,64*4*3
90,2564.85,2391,1,0,0.978419,0.989209,59,25*4*3,64*4*3
91,2565.21,2391,1,0,0.978284,0.989142,59,25*4*3,64*4*3
92,2565.5,2392,1,0,0.978173,0.989086,59,25*4*3,64*4*3
93,2567.57,2391,1,0,0.999195,0.999597,60,25*4*3,64*4*3
94,2567.87,2392,1,0,0.999077,0.999539,60,25*4*3,64*4*3
95,2570.9,2391,1,0,0.997901,0.998951,60,25*4*3,64*4*3
96,2573.71,2392,1,0,0.996809,0.998405,60,25*4*3,64*4*3
97,2573.71,2391,1,0,0.996809,0.998404,60,25*4*3,64*4*3
98,2577.27,2392,1,0,0.995434,0.997717,60,25*4*3,64*4*3
99,2578.34,2391,1,0,0.995021,0.997511,60,25*4*3,64*4*3
100,2578.46,2392,1,0,0.994974,0.997487,60,25*4*3,64*4*3
101,2579.96,2391,1,0,0.994394,0.997197,60,25*4*3,64*4*3
102,2580.69,2392,1,0,0.994116,0.997058,60,25*4*3,64*4*3
103,2585.91,2391,1,0,0.992106,0.996053,60,25*4*3,64*4*3
104,2591.06,2391,1,0,0.990134,0.995067,60,25*4*3,64*4*3
105,2591.53,2392,1,0,0.989957,0.994979,60,25*4*3,64*4*3
106,2592.28,2391,1,0,0.989668,0.994834,60,25*4*3,64*4*3
107,2598.89,2392,1,0,0.987153,0.993576,60,25*4*3,64*4*3
108,2604.06,2391,1,0,0.985193,0.992597,60,25*4*3,64*4*3
109,2604.46,2392,1,0,0.985041,0.99252,60,25*4*3,64*4*3
110,2609.56,2391,1,0,0.983116,0.991558,60,25*4*3,64*4*3
111,2610.69,2392,1,0,0.98269,0.991345,60,25*4*3,64*4*3
112,2613.94,2391,1,0,0.981468,0.990734,60,25*4*3,64*4*3
113,2614.03,2392,1,0,0.981436,0.990718,60,25*4*3,64*4*3
114,2614.82,2391,1,0,0.981137,0.990568,60,25*4*3,64*4*3
115,2616.29,2391,1,0,0.980589,0.990294,60,25*4*3,64*4*3
116,2616.97,2392,1,0,0.980332,0.990166,60,25*4*3,64*4*3
117,2618.8,2391,1,0,0.979646,0.989823,60,25*4*3,64*4*3
118,2628.01,2392,1,0,0.976215,0.988108,60,25*4*3,64*4*3
119,2630.49,2391,1,0,0.975292,0.987646,60,25*4*3,64*4*3
120,2631.93,2392,1,0,0.974761,0.98738,60,25*4*3,64*4*3
121,2632.54,2391,1,0,0.974534,0.987267,60,25*4*3,64*4*3
122,2636.45,2392,1,0,0.973089,0.986544,60,25*4*3,64*4*3
123,2639.19,2391,1,0,0.972079,0.986039,60,25*4*3,64*4*3
124,2644.44,2392,1,0,0.970149,0.985075,60,25*4*3,64*4*3
125,2651.06,2391,1,0,0.967726,0.983863,60,25*4*3,64*4*3
126,2653.73,2392,1,0,0.966754,0.983377,60,25*4*3,64*4*3
127,2654.72,2391,1,0,0.966394,0.983197,60,25*4*3,64*4*3
128,2655.17,2391,1,0,0.966229,0.983114,60,25*4*3,64*4*3
129,2655.28,2392,1,0,0.966188,0.983094,60,25*4*3,64*4*3
130,2658.31,2391,1,0,0.965088,0.982544,60,25*4*3,64*4*3
131,2658.42,2392,1,0,0.965048,0.982524,60,25*4*3,64*4*3
132,2662.89,2391,1,0,0.963427,0.981713,60,25*4*3,64*4*3
133,2662.94,2392,1,0,0.963409,0.981705,60,25*4*3,64*4*3
134,2664.86,2391,1,0,0.962717,0.981358,60,25*4*3,64*4*3
135,2665.15,2392,1,0,0.962609,0.981304,60,25*4*3,64*4*3
136,2666.69,2391,1,0,0.962055,0.981027,60,25*4*3,64*4*3
137,2673.65,2392,1,0,0.959551,0.979775,60,25*4*3,64*4*3
138,2680.59,2391,1,0,0.957066,0.978533,60,25*4*3,64*4*3
139,2685.29,2392,1,0,0.955392,0.977696,60,25*4*3,64*4*3
140,2687.29,2391,1,0,0.954678,0.977339,60,25*4*3,64*4*3
141,2691.04,2391,1,0,0.953348,0.976674,60,25*4*3,64*4*3
142,2694.15,2392,1,0,0.952247,0.976124,60,25*4*3,64*4*3
143,2699.53,2391,1,0,0.95035,0.975175,60,25*4*3,64*4*3
144,2701.57,2392,1,0,0.949633,0.974817,60,25*4*3,64*4*3
145,2701.63,2391,1,0,0.949613,0.974806,60,25*4*3,64*4*3
146,2704.26,2392,1,0,0.948688,0.974344,60,25*4*3,64*4*3
147,2705.08,2391,1,0,0.948401,0.9742,60,25*4*3,64*4*3
148,2709.44,2392,1,0,0.946876,0.973438,60,25*4*3,64*4*3
149,2710.55,2391,1,0,0.946487,0.973244,60,25*4*3,64*4*3
150,2712.57,2392,1,0,0.945783,0.972892,60,25*4*3,64*4*3
151,2713.06,2391,1,0,0.945613,0.972806,60,25*4*3,64*4*3
152,2713.74,2392,1,0,0.945375,0.972687,60,25*4*3,64*4*3
153,2715.95,2391,1,0,0.944604,0.972302,60,25*4*3,64*4*3
154,2719.28,2391,1,0,0.943449,0.971724,60,25*4*3,64*4*3
155,2719.38,2392,1,0,0.943414,0.971707,60,25*4*3,64*4*3
156,2720.15,2391,1,0,0.943145,0.971573,60,25*4*3,64*4*3
157,2721.4,2392,1,0,0.942712,0.971356,60,25*4*3,64*4*3
158,2724.24,2391,1,0,0.94173,0.970865,60,25*4*3,64*4*3
159,2730.5,2392,1,0,0.939572,0.969786,60,25*4*3,64*4*3
160,2731.39,2391,1,0,0.939264,0.969632,60,25*4*3,64*4*3
161,2731.5,2392,1,0,0.939229,0.969614,60,25*4*3,64*4*3
162,2735.63,2391,1,0,0.93781,0.968905,60,25*4*3,64*4*3
163,2736.1,2392,1,0,0.937648,0.968824,60,25*4*3,64*4*3
164,2738.39,2391,1,0,0.936863,0.968431,60,25*4*3,64*4*3
165,2745.02,2392,1,0,0.934602,0.967301,60,25*4*3,64*4*3
166,2746.47,2391,1,0,0.934109,0.967055,60,25*4*3,64*4*3
167,2746.99,2391,1,0,0.933932,0.966966,60,25*4*3,64*4*3
168,2748.22,2392,1,0,0.933512,0.966756,60,25*4*3,64*4*3
169,2752.12,2391,1,0,0.93219,0.966095,60,25*4*3,64*4*3
170,2754.94,2392,1,0,0.931235,0.965618,60,25*4*3,64*4*3
171,2758.03,2391,1,0,0.930193,0.965097,60,25*4*3,64*4*3
172,2759.5,2392,1,0,0.929697,0.964849,60,25*4*3,64*4*3
173,2764.35,2391,1,0,0.928067,0.964033,60,25*4*3,64*4*3
174,2764.56,2392,1,0,0.927995,0.963998,60,25*4*3,64*4*3
175,2765.37,2391,1,0,0.927724,0.963862,60,25*4*3,64*4*3
176,2768.19,2392,1,0,0.926779,0.96339,60,25*4*3,64*4*3
177,2774.1,2391,1,0,0.924805,0.962403,60,25*4*3,64*4*3
178,2774.51,2391,1,0,0.924667,0.962334,60,25*4*3,64*4*3
179,2776.31,2392,1,0,0.924067,0.962033,60,25*4*3,64*4*3
180,2778.86,2391,1,0,0.923219,0.961609,60,25*4*3,64*4*3
181,2780.11,2392,1,0,0.922806,0.961403,60,25*4*3,64*4*3
182,2782.57,2391,1,0,0.921988,0.960994,60,25*4*3,64*4*3
183,2784.96,2392,1,0,0.921198,0.960599,60,25*4*3,64*4*3
184,2789.88,2391,1,0,0.919574,0.959787,60,25*4*3,64*4*3
185,2799.68,2392,1,0,0.916355,0.958178,60,25*4*3,64*4*3
186,2807.16,2391,1,0,0.913911,0.956956,60,25*4*3,64*4*3
187,2808.19,2392,1,0,0.913577,0.956789,60,25*4*3,64*4*3
188,2810.67,2391,1,0,0.912771,0.956386,60,25*4*3,64*4*3
189,2810.87,2392,1,0,0.912708,0.956354,60,25*4*3,64*4*3
190,2813.55,2391,1,0,0.911839,0.955919,60,25*4*3,64*4*3
191,2821.53,2391,1,0,0.909258,0.954629,60,25*4*3,64*4*3
192,2821.83,2392,1,0,0.90916,0.95458,60,25*4*3,64*4*3
193,2822.81,2391,1,0,0.908847,0.954424,60,25*4*3,64*4*3
194,2826.35,2392,1,0,0.907709,0.953855,60,25*4*3,64*4*3
195,2826.66,2391,1,0,0.907607,0.953803,60,25*4*3,64*4*3
196,2829.66,2392,1,0,0.906647,0.953323,60,25*4*3,64*4*3
197,2832.88,2391,1,0,0.905616,0.952808,60,25*4*3,64*4*3
198,2833.96,2392,1,0,0.905269,0.952635,60,25*4*3,64*4*3
199,2853.71,2391,1,0,0.899004,0.949502,60,25*4*3,64*4*3
200,2859.87,2392,1,0,0.897068,0.948534,60,25*4*3,64*4*3
201,2864.9,2391,1,0,0.895494,0.947747,60,25*4*3,64*4*3
202,2866.29,2392,1,0,0.89506,0.94753,60,25*4*3,64*4*3
203,2868.9,2391,1,0,0.894245,0.947123,60,25*4*3,64*4*3
204,2869.11,2391,1,0,0.894181,0.94709,60,25*4*3,64*4*3
205,2870.03,2392,1,0,0.893893,0.946946,60,25*4*3,64*4*3
206,2870.25,2391,1,0,0.893826,0.946913,60,25*4*3,64*4*3
207,2875.45,2392,1,0,0.892209,0.946104,60,25*4*3,64*4*3
208,2878.16,2391,1,0,0.891368,0.945684,60,25*4*3,64*4*3
209,2879.84,2392,1,0,0.890847,0.945423,60,25*4*3,64*4*3
210,2880.51,2391,1,0,0.890639,0.94532,60,25*4*3,64*4*3
211,2887.34,2392,1,0,0.888533,0.944266,60,25*4*3,64*4*3
212,2888.57,2391,1,0,0.888157,0.944079,60,25*4*3,64*4*3
213,2890.03,2392,1,0,0.887707,0.943854,60,25*4*3,64*4*3
214,2893.82,2391,1,0,0.886546,0.943273,60,25*4*3,64*4*3
215,2896.51,2392,1,0,0.885721,0.942861,60,25*4*3,64*4*3
216,2899.02,2391,1,0,0.884955,0.942478,60,25*4*3,64*4*3
217,2903.9,2391,1,0,0.883466,0.941733,60,25*4*3,64*4*3
218,2904.35,2392,1,0,0.883329,0.941665,60,25*4*3,64*4*3
219,2906.73,2391,1,0,0.882606,0.941303,60,25*4*3,64*4*3
220,2907.9,2392,1,0,0.882252,0.941126,60,25*4*3,64*4*3
221,2931.53,2391,1,0,0.875141,0.937571,60,25*4*3,64*4*3
222,2935.69,2392,1,0,0.8739,0.93695,60,25*4*3,64*4*3
223,2941.54,2391,1,0,0.872163,0.936082,60,25*4*3,64*4*3
224,2945.68,2392,1,0,0.870936,0.935468,60,25*4*3,64*4*3
225,2946.14,2391,1,0,0.870801,0.9354,60,25*4*3,64*4*3
226,2948.75,2392,1,0,0.870029,0.935015,60,25*4*3,64*4*3
227,2949.69,2391,1,0,0.869751,0.934876,60,25*4*3,64*4*3
228,2955.44,2392,1,0,0.86806,0.93403,60,25*4*3,64*4*3
229,2958.93,2391,1,0,0.867038,0.933519,60,25*4*3,64*4*3
230,2960.66,2391,1,0,0.866529,0.933264,60,25*4*3,64*4*3
231,2962.61,2392,1,0,0.865959,0.932979,60,25*4*3,64*4*3
232,2972.27,2391,1,0,0.863144,0.931572,60,25*4*3,64*4*3
233,2973.68,2392,1,0,0.862735,0.931368,60,25*4*3,64*4*3
234,2980.2,2391,1,0,0.860848,0.930424,60,25*4*3,64*4*3
235,2981.07,2392,1,0,0.860598,0.930299,60,25*4*3,64*4*3
236,2983.07,2391,1,0,0.860019,0.93001,60,25*4*3,64*4*3
237,2983.69,2392,1,0,0.859841,0.929921,60,25*4*3,64*4*3
238,2986.74,2391,1,0,0.858962,0.929481,60,25*4*3,64*4*3
239,2990.58,2392,1,0,0.857861,0.92893,60,25*4*3,64*4*3
240,2996.54,2391,1,0,0.856154,0.928077,60,25*4*3,64*4*3
241,2998.66,2391,1,0,0.855549,0.927775,60,25*4*3,64*4*3
242,3004.56,2392,1,0,0.853869,0.926935,60,25*4*3,64*4*3
243,3007.23,2391,1,0,0.85311,0.926555,60,25*4*3,64*4*3
244,3008.4,2392,1,0,0.85278,0.92639,60,25*4*3,64*4*3
245,3009.01,2391,1,0,0.852605,0.926303,60,25*4*3,64*4*3
246,3009.95,2392,1,0,0.85234,0.92617,60,25*4*3,64*4*3
247,3013.41,2391,1,0,0.851362,0.925681,60,25*4*3,64*4*3
248,3014.09,2392,1,0,0.851168,0.925584,60,25*4*3,64*4*3
249,3018.45,2391,1,0,0.849938,0.924969,60,25*4*3,64*4*3
250,3020.26,2392,1,0,0.849429,0.924714,60,25*4*3,64*4*3
251,3021.28,2391,1,0,0.849142,0.924571,60,25*4*3,64*4*3
252,3027.38,2392,1,0,0.847432,0.923716,60,25*4*3,64*4*3
253,3029.39,2391,1,0,0.846871,0.923436,60,25*4*3,64*4*3
254,3031.45,2391,1,0,0.846294,0.923147,60,25*4*3,64*4*3
255,3032.07,2392,1,0,0.846122,0.923061,60,25*4*3,64*4*3
256,3032.44,2391,1,0,0.84602,0.92301,60,25*4*3,64*4*3
257,3033.58,2392,1,0,0.8457,0.92285,60,25*4*3,64*4*3
258,3038.59,2391,1,0,0.844306,0.922153,60,25*4*3,64*4*3
259,3041.04,2392,1,0,0.843626,0.921813,60,25*4*3,64*4*3
260,3041.34,2391,1,0,0.843542,0.921771,60,25*4*3,64*4*3
261,3043.57,2392,1,0,0.842924,0.921462,60,25*4*3,64*4*3
262,3054.27,2391,1,0,0.839973,0.919986,60,25*4*3,64*4*3
263,3056.04,2392,1,0,0.839485,0.919742,60,25*4*3,64*4*3
264,3056.17,2391,1,0,0.839449,0.919724,60,25*4*3,64*4*3
265,3058.03,2392,1,0,0.838938,0.919469,60,25*4*3,64*4*3
266,3062.06,2391,1,0,0.837835,0.918918,60,25*4*3,64*4*3
267,3064.67,2391,1,0,0.83712,0.91856,60,25*4*3,64*4*3
268,3069.06,2392,1,0,0.835924,0.917962,60,25*4*3,64*4*3
269,3071.43,2391,1,0,0.835278,0.917639,60,25*4*3,64*4*3
270,3072.47,2392,1,0,0.834996,0.917498,60,25*4*3,64*4*3
271,3072.56,2391,1,0,0.834971,0.917485,60,25*4*3,64*4*3
272,3074.97,2392,1,0,0.834318,0.917159,60,25*4*3,64*4*3
273,3077.89,2391,0,0,0.999777,0.999889,61,25*4*4,64*4*3
274,3084.87,2391,1,0,0.997513,0.998757,61,25*4*4,64*4*3
275,3085.06,2392,1,0,0.997451,0.998726,61,25*4*4,64*4*3
276,3085.64,2391,1,0,0.997264,0.998632,61,25*4*4,64*4*3
277,3086.92,2392,1,0,0.996852,0.998426,61,25*4*4,64*4*3
278,3089.17,2391,1,0,0.996126,0.998063,61,25*4*4,64*4*3
279,3090.24,2392,1,0,0.995779,0.997889,61,25*4*4,64*4*3
280,3090.37,2391,1,0,0.995738,0.997869,61,25*4*4,64*4*3
281,3090.78,2392,1,0,0.995606,0.997803,61,25*4*4,64*4*3
282,3094.75,2391,1,0,0.99433,0.997165,61,25*4*4,64*4*3
283,3095.34,2392,1,0,0.994139,0.997069,61,25*4*4,64*4*3
284,3095.65,2391,1,0,0.994041,0.99702,61,25*4*4,64*4*3
285,3097.09,2391,1,0,0.993578,0.996789,61,25*4*4,64*4*3
286,3100.2,2392,1,0,0.99258,0.99629,61,25*4*4,64*4*3
287,3100.57,2391,1,0,0.992463,0.996232,61,25*4*4,64*4*3
288,3115.83,2392,1,0,0.987601,0.993801,61,25*4*4,64*4*3
289,3118.12,2391,1,0,0.986876,0.993438,61,25*4*4,64*4*3
290,3119.26,2392,1,0,0.986515,0.993258,61,25*4*4,64*4*3
291,3121.68,2391,1,0,0.985751,0.992875,61,25*4*4,64*4*3
292,3121.87,2392,1,0,0.98569,0.992845,61,25*4*4,64*4*3
293,3122.71,2391,1,0,0.985425,0.992713,61,25*4*4,64*4*3
294,3123.5,2392,1,0,0.985176,0.992588,61,25*4*4,64*4*3
295,3123.9,2391,1,0,0.98505,0.992525,61,25*4*4,64*4*3
296,3127.93,2392,1,0,0.98378,0.99189,61,25*4*4,64*4*3
297,3128.14,2391,1,0,0.983717,0.991858,61,25*4*4,64*4*3
298,3129.72,2391,1,0,0.983218,0.991609,61,25*4*4,64*4*3
299,3130.3,2392,1,0,0.983038,0.991519,61,25*4*4,64*4*3
300,3132.07,2391,1,0,0.98248,0.99124,61,25*4*4,64*4*3
301,3132.21,2392,1,0,0.982437,0.991218,61,25*4*4,64*4*3
302,3136.44,2391,1,0,0.981113,0.990556,61,25*4*4,64*4*3
303,3137.82,2392,1,0,0.980681,0.99034,61,25*4*4,64*4*3
304,3141.76,2391,1,0,0.979453,0.989726,61,25*4*4,64*4*3
305,3142,2392,1,0,0.979375,0.989688,61,25*4*4,64*4*3
306,3146.46,2391,1,0,0.977987,0.988994,61,25*4*4,64*4*3
307,3149.62,2392,1,0,0.977007,0.988504,61,25*4*4,64*4*3
308,3150.99,2391,1,0,0.976583,0.988292,61,25*4*4,64*4*3
309,3152.09,2392,1,0,0.97624,0.98812,61,25*4*4,64*4*3
310,3153.39,2391,1,0,0.975838,0.987919,61,25*4*4,64*4*3
311,3153.72,2391,1,0,0.975736,0.987868,61,25*4*4,64*4*3
312,3155.18,2392,1,0,0.975284,0.987642,61,25*4*4,64*4*3
313,3155.62,2391,1,0,0.975148,0.987574,61,25*4*4,64*4*3
314,3155.7,2392,1,0,0.975125,0.987562,61,25*4*4,64*4*3
315,3160.8,2391,1,0,0.973549,0.986775,61,25*4*4,64*4*3
316,3163.43,2392,1,0,0.97274,0.98637,61,25*4*4,64*4*3
317,3168.22,2391,1,0,0.971269,0.985635,61,25*4*4,64*4*3
318,3168.9,2392,1,0,0.971063,0.985531,61,25*4*4,64*4*3
319,3170.24,2391,1,0,0.970651,0.985325,61,25*4*4,64*4*3
320,3170.62,2392,1,0,0.970534,0.985267,61,25*4*4,64*4*3
321,3173.49,2391,1,0,0.969658,0.984829,61,25*4*4,64*4*3
322,3178.28,2392,1,0,0.968198,0.984099,61,25*4*4,64*4*3
323,3178.56,2391,1,0,0.968112,0.984056,61,25*4*4,64*4*3
324,3178.56,2391,1,0,0.968111,0.984056,61,25*4*4,64*4*3
325,3179.75,2392,1,0,0.96775,0.983875,61,25*4*4,64*4*3
326,3179.88,2391,1,0,0.96771,0.983855,61,25*4*4,64*4*3
327,3181.21,2392,1,0,0.967306,0.983653,61,25*4*4,64*4*3
328,3181.44,2391,1,0,0.967235,0.983617,61,25*4*4,64*4*3
329,3184.95,2392,1,0,0.966171,0.983085,61,25*4*4,64*4*3
330,3184.99,2391,1,0,0.966158,0.983079,61,25*4*4,64*4*3
331,3186.39,2392,1,0,0.965734,0.982867,61,25*4*4,64*4*3
332,3189.44,2391,1,0,0.964809,0.982404,61,25*4*4,64*4*3
333,3190.96,2392,1,0,0.964349,0.982174,61,25*4*4,64*4*3
334,3195.45,2391,1,0,0.962995,0.981498,61,25*4*4,64*4*3
335,3195.61,2392,1,0,0.962946,0.981473,61,25*4*4,64*4*3
336,3197.02,2391,1,0,0.962522,0.981261,61,25*4*4,64*4*3
337,3197.04,2391,1,0,0.962516,0.981258,61,25*4*4,64*4*3
338,3197.96,2392,1,0,0.96224,0.98112,61,25*4*4,64*4*3
339,3198.05,2391,1,0,0.962211,0.981105,61,25*4*4,64*4*3
340,3198.72,2392,1,0,0.962008,0.981004,61,25*4*4,64*4*3
341,3199.87,2391,1,0,0.961665,0.980832,61,25*4*4,64*4*3
342,3202.9,2392,1,0,0.960753,0.980377,61,25*4*4,64*4*3
343,3202.92,2391,1,0,0.960749,0.980374,61,25*4*4,64*4*3
344,3208.09,2392,1,0,0.959201,0.9796,61,25*4*4,64*4*3
345,3210.89,2391,1,0,0.958363,0.979182,61,25*4*4,64*4*3
346,3211.03,2392,1,0,0.958321,0.97916,61,25*4*4,64*4*3
347,3212.67,2391,1,0,0.957832,0.978916,61,25*4*4,64*4*3
348,3213.25,2391,1,0,0.957661,0.97883,61,25*4*4,64*4*3
349,3226.77,2392,1,0,0.953647,0.976823,61,25*4*4,64*4*3
350,3234.51,2391,1,0,0.951365,0.975682,61,25*4*4,64*4*3
351,3235.85,2392,1,0,0.95097,0.975485,61,25*4*4,64*4*3
352,3237.93,2391,1,0,0.950359,0.97518,61,25*4*4,64*4*3
353,3241.96,2392,1,0,0.949178,0.974589,61,25*4*4,64*4*3
354,3242.54,2391,1,0,0.949009,0.974505,61,25*4*4,64*4*3
355,3242.99,2392,1,0,0.948877,0.974438,61,25*4*4,64*4*3
356,3244.64,2391,1,0,0.948394,0.974197,61,25*4*4,64*4*3
357,3245.35,2392,1,0,0.948187,0.974093,61,25*4*4,64*4*3
358,3245.93,2391,1,0,0.948018,0.974009,61,25*4*4,64*4*3
359,3245.93,2392,1,0,0.948018,0.974009,61,25*4*4,64*4*3
360,3246.19,2391,1,0,0.947941,0.97397,61,25*4*4,64*4*3
361,3246.23,2391,1,0,0.947932,0.973966,61,25*4*4,64*4*3
362,3248.34,2392,1,0,0.947316,0.973658,61,25*4*4,64*4*3
363,3250.35,2391,1,0,0.946728,0.973364,61,25*4*4,64*4*3
364,3257.4,2392,1,0,0.944681,0.97234,61,25*4*4,64*4*3
365,3259.75,2391,1,0,0.943998,0.971999,61,25*4*4,64*4*3
366,3261.63,2392,1,0,0.943455,0.971728,61,25*4*4,64*4*3
367,3262.35,2391,1,0,0.943246,0.971623,61,25*4*4,64*4*3
368,3266.47,2392,1,0,0.942057,0.971029,61,25*4*4,64*4*3
369,3269.84,2391,1,0,0.941087,0.970543,61,25*4*4,64*4*3
370,3269.99,2392,1,0,0.941043,0.970521,61,25*4*4,64*4*3
371,3274.74,2391,1,0,0.939679,0.969839,61,25*4*4,64*4*3
372,3276.88,2392,1,0,0.939063,0.969531,61,25*4*4,64*4*3
373,3278.22,2391,1,0,0.938679,0.969339,61,25*4*4,64*4*3
374,3279.64,2391,1,0,0.938275,0.969138,61,25*4*4,64*4*3
375,3286.03,2392,1,0,0.93645,0.968225,61,25*4*4,64*4*3
376,3287.3,2391,1,0,0.936086,0.968043,61,25*4*4,64*4*3
377,3288.25,2392,1,0,0.935817,0.967908,61,25*4*4,64*4*3
378,3289.54,2391,1,0,0.935449,0.967724,61,25*4*4,64*4*3
379,3291.15,2392,1,0,0.934993,0.967497,61,25*4*4,64*4*3
380,3291.21,2391,1,0,0.934976,0.967488,61,25*4*4,64*4*3
381,3291.93,2392,1,0,0.934771,0.967386,61,25*4*4,64*4*3
382,3293.92,2391,1,0,0.934207,0.967104,61,25*4*4,64*4*3
383,3294.15,2392,1,0,0.93414,0.96707,61,25*4*4,64*4*3
384,3294.27,2391,1,0,0.934108,0.967054,61,25*4*4,64*4*3
385,3296.82,2392,1,0,0.933386,0.966693,61,25*4*4,64*4*3
386,3297.77,2391,1,0,0.933117,0.966558,61,25*4*4,64*4*3
387,3298.11,2391,1,0,0.93302,0.96651,61,25*4*4,64*4*3
388,3298.54,2392,1,0,0.932897,0.966448,61,25*4*4,64*4*3
389,3299.3,2391,1,0,0.932681,0.966341,61,25*4*4,64*4*3
390,3300.44,2392,1,0,0.932361,0.966181,61,25*4*4,64*4*3
391,3301.64,2391,1,0,0.932021,0.96601,61,25*4*4,64*4*3
392,3301.81,2392,1,0,0.931974,0.965987,61,25*4*4,64*4*3
393,3304.34,2391,1,0,0.93126,0.96563,61,25*4*4,64*4*3
394,3304.54,2392,1,0,0.931204,0.965602,61,25*4*4,64*4*3
395,3304.9,2391,1,0,0.931102,0.965551,61,25*4*4,64*4*3
396,3306.03,2392,1,0,0.930785,0.965393,61,25*4*4,64*4*3
397,3308.73,2391,1,0,0.930026,0.965013,61,25*4*4,64*4*3
398,3312,2392,1,0,0.929107,0.964554,61,25*4*4,64*4*3
399,3315.65,2391,1,0,0.928085,0.964042,61,25*4*4,64*4*3
400,3315.84,2391,1,0,0.928029,0.964014,61,25*4*4,64*4*3
401,3315.88,2392,1,0,0.92802,0.96401,61,25*4*4,64*4*3
402,3316.78,2391,1,0,0.927766,0.963883,61,25*4*4,64*4*3
403,3318.9,2392,1,0,0.927175,0.963587,61,25*4*4,64*4*3
404,3319.76,2391,1,0,0.926933,0.963467,61,25*4*4,64*4*3
405,3320.21,2392,1,0,0.926808,0.963404,61,25*4*4,64*4*3
406,3321.91,2391,1,0,0.926335,0.963168,61,25*4*4,64*4*3
407,3322.23,2392,1,0,0.926244,0.963122,61,25*4*4,64*4*3
408,3322.38,2391,1,0,0.926202,0.963101,61,25*4*4,64*4*3
409,3322.81,2392,1,0,0.926085,0.963042,61,25*4*4,64*4*3
410,3322.82,2391,1,0,0.926082,0.963041,61,25*4*4,64*4*3
411,3323.39,2391,1,0,0.925921,0.962961,61,25*4*4,64*4*3
412,3323.74,2392,1,0,0.925825,0.962912,61,25*4*4,64*4*3
413,3323.95,2391,1,0,0.925766,0.962883,61,25*4*4,64*4*3
414,3324.17,2392,1,0,0.925704,0.962852,61,25*4*4,64*4*3
415,3325.21,2391,1,0,0.925416,0.962708,61,25*4*4,64*4*3
416,3326.2,2392,1,0,0.92514,0.96257,61,25*4*4,64*4*3
417,3326.32,2391,1,0,0.925107,0.962553,61,25*4*4,64*4*3
418,3326.62,2392,1,0,0.925023,0.962511,61,25*4*4,64*4*3
419,3326.64,2391,1,0,0.925018,0.962509,61,25*4*4,64*4*3
420,3327.2,2392,1,0,0.924861,0.962431,61,25*4*4,64*4*3
421,3329,2391,1,0,0.924361,0.962181,61,25*4*4,64*4*3
422,3330.45,2392,1,0,0.92396,0.96198,61,25*4*4,64*4*3
423,3330.46,2391,1,0,0.923956,0.961978,61,25*4*4,64*4*3
424,3331.56,2391,1,0,0.923652,0.961826,61,25*4*4,64*4*3
425,3331.95,2392,1,0,0.923544,0.961772,61,25*4*4,64*4*3
426,3332.81,2391,1,0,0.923304,0.961652,61,25*4*4,64*4*3
427,3334.31,2392,1,0,0.92289,0.961445,61,25*4*4,64*4*3
428,3334.41,2391,1,0,0.922862,0.961431,61,25*4*4,64*4*3
429,3335.33,2392,1,0,0.922606,0.961303,61,25*4*4,64*4*3
430,3337.76,2391,1,0,0.921935,0.960967,61,25*4*4,64*4*3
431,3339.93,2392,1,0,0.921336,0.960668,61,25*4*4,64*4*3
432,3340.81,2391,1,0,0.921095,0.960547,61,25*4*4,64*4*3
433,3341.2,2392,1,0,0.920986,0.960493,61,25*4*4,64*4*3
434,3341.2,2391,1,0,0.920985,0.960493,61,25*4*4,64*4*3
435,3341.24,2392,1,0,0.920976,0.960488,61,25*4*4,64*4*3
436,3342.61,2391,1,0,0.920599,0.960299,61,25*4*4,64*4*3
437,3343.03,2391,1,0,0.920481,0.960241,61,25*4*4,64*4*3
438,3343.17,2392,1,0,0.920443,0.960222,61,25*4*4,64*4*3
439,3343.34,2391,1,0,0.920398,0.960199,61,25*4*4,64*4*3
440,3343.67,2392,1,0,0.920305,0.960153,61,25*4*4,64*4*3
441,3343.77,2391,1,0,0.92028,0.96014,61,25*4*4,64*4*3
442,3343.91,2392,1,0,0.92024,0.96012,61,25*4*4,64*4*3
443,3343.92,2391,1,0,0.920238,0.960119,61,25*4*4,64*4*3
444,3344.55,2392,1,0,0.920065,0.960032,61,25*4*4,64*4*3
445,3345.61,2391,1,0,0.919773,0.959887,61,25*4*4,64*4*3
446,3346.17,3189,1,0,0.99995,0.999975,62,25*4*4,64*4*4
447,3346.7,3188,1,0,0.99979,0.999895,62,25*4*4,64*4*4
448,3346.85,3189,1,0,0.999746,0.999873,62,25*4*4,64*4*4
449,3347.17,3188,1,0,0.99965,0.999825,62,25*4*4,64*4*4
450,3348.67,3189,1,0,0.999204,0.999602,62,25*4*4,64*4*4
451,3349.54,3188,1,0,0.998943,0.999471,62,25*4*4,64*4*4
452,3351.26,3189,1,0,0.998429,0.999215,62,25*4*4,64*4*4
453,3352,3189,1,0,0.99821,0.999105,62,25*4*4,64*4*4
454,3353.02,3188,1,0,0.997908,0.998954,62,25*4*4,64*4*4
455,3353.98,3189,1,0,0.997622,0.998811,62,25*4*4,64*4*4
456,3355.7,3188,1,0,0.997108,0.998554,62,25*4*4,64*4*4
457,3355.8,3189,1,0,0.997081,0.998541,62,25*4*4,64*4*4
458,3356.17,3188,1,0,0.99697,0.998485,62,25*4*4,64*4*4
459,3356.9,3189,1,0,0.996753,0.998376,62,25*4*4,64*4*4
460,3357.01,3189,1,0,0.996719,0.99836,62,25*4*4,64*4*4
461,3357.36,3188,1,0,0.996615,0.998308,62,25*4*4,64*4*4
462,3357.42,3189,1,0,0.996599,0.9983,62,25*4*4,64*4*4
463,3358.01,3188,1,0,0.996425,0.998212,62,25*4*4,64*4*4
464,3358.32,3189,1,0,0.996331,0.998166,62,25*4*4,64*4*4
465,3358.34,3188,1,0,0.996326,0.998163,62,25*4*4,64*4*4
466,3358.54,3189,1,0,0.996267,0.998134,62,25*4*4,64*4*4
467,3358.58,3188,1,0,0.996254,0.998127,62,25*4*4,64*4*4
468,3359.57,3189,1,0,0.99596,0.99798,62,25*4*4,64*4*4
469,3359.95,3189,1,0,0.995849,0.997925,62,25*4*4,64*4*4
470,3360.49,3188,1,0,0.995688,0.997844,62,25*4*4,64*4*4
471,3360.78,3189,1,0,0.995601,0.997801,62,25*4*4,64*4*4
472,3360.92,3188,1,0,0.995562,0.997781,62,25*4*4,64*4*4
473,3361.75,3189,1,0,0.995316,0.997658,62,25*4*4,64*4*4
474,3361.89,3188,1,0,0.995272,0.997636,62,25*4*4,64*4*4
475,3362.39,3189,1,0,0.995125,0.997563,62,25*4*4,64*4*4
476,3362.41,3189,1,0,0.995119,0.997559,62,25*4*4,64*4*4
477,3363.24,3188,1,0,0.994873,0.997436,62,25*4*4,64*4*4
478,3363.41,3189,1,0,0.994825,0.997412,62,25*4*4,64*4*4
479,3363.45,3188,1,0,0.994812,0.997406,62,25*4*4,64*4*4
480,3363.88,3189,1,0,0.994685,0.997343,62,25*4*4,64*4*4
481,3363.91,3188,1,0,0.994677,0.997339,62,25*4*4,64*4*4
482,3364.15,3189,1,0,0.994605,0.997302,62,25*4*4,64*4*4
483,3364.45,3188,1,0,0.994515,0.997257,62,25*4*4,64*4*4
484,3364.61,3189,1,0,0.99447,0.997235,62,25*4*4,64*4*4
485,3364.66,3189,1,0,0.994456,0.997228,62,25*4*4,64*4*4
486,3364.75,3188,1,0,0.994428,0.997214,62,25*4*4,64*4*4
487,3364.84,3189,1,0,0.994401,0.9972,62,25*4*4,64*4*4
488,3364.85,3188,1,0,0.994397,0.997198,62,25*4*4,64*4*4
489,3365.53,3189,1,0,0.994198,0.997099,62,25*4*4,64*4*4
490,3365.6,3188,1,0,0.994177,0.997088,62,25*4*4,64*4*4
491,3365.9,3189,1,0,0.994088,0.997044,62,25*4*4,64*4*4
492,3365.94,3189,1,0,0.994075,0.997038,62,25*4*4,64*4*4
493,3366.26,3188,1,0,0.993981,0.996991,62,25*4*4,64*4*4
494,3366.73,3189,1,0,0.993843,0.996922,62,25*4*4,64*4*4
495,3366.78,3188,1,0,0.993828,0.996914,62,25*4*4,64*4*4
496,3366.84,3189,1,0,0.993811,0.996906,62,25*4*4,64*4*4
497,3367.13,3188,1,0,0.993723,0.996862,62,25*4*4,64*4*4
498,3367.28,3189,1,0,0.993681,0.99684,62,25*4*4,64*4*4
499,3367.31,3188,1,0,0.993672,0.996836,62,25*4*4,64*4*4
500,3367.32,3189,1,0,0.993668,0.996834,62,25*4*4,64*4*4
501,3367.56,3189,1,0,0.993597,0.996799,62,25*4*4,64*4*4
502,3367.78,3188,1,0,0.993534,0.996767,62,25*4*4,64*4*4
503,3367.83,3189,1,0,0.993519,0.996759,62,25*4*4,64*4*4
504,3367.84,3188,1,0,0.993515,0.996758,62,25*4*4,64*4*4
505,3367.84,3189,1,0,0.993515,0.996757,62,25*4*4,64*4*4
506,3368.1,3188,1,0,0.993438,0.996719,62,25*4*4,64*4*4
507,3368.17,3189,1,0,0.993417,0.996709,62,25*4*4,64*4*4
508,3368.22,3188,1,0,0.993403,0.996701,62,25*4*4,64*4*4
509,3368.26,3189,1,0,0.99339,0.996695,62,25*4*4,64*4*4
510,3368.28,3189,1,0,0.993384,0.996692,62,25*4*4,64*4*4
511,3368.6,3188,1,0,0.993292,0.996646,62,25*4*4,64*4*4
512,3368.73,3189,1,0,0.993254,0.996627,62,25*4*4,64*4*4
513,3368.8,3188,1,0,0.993231,0.996616,62,25*4*4,64*4*4
514,3369.07,3189,1,0,0.993151,0.996575,62,25*4*4,64*4*4
515,3369.1,3188,1,0,0.993144,0.996572,62,25*4*4,64*4*4
516,3369.39,3189,1,0,0.993059,0.996529,62,25*4*4,64*4*4
517,3369.39,3189,1,0,0.993059,0.996529,62,25*4*4,64*4*4
518,3369.45,3188,1,0,0.99304,0.99652,62,25*4*4,64*4*4
519,3369.49,3189,1,0,0.993028,0.996514,62,25*4*4,64*4*4
520,3369.76,3188,1,0,0.99295,0.996475,62,25*4*4,64*4*4
521,3369.81,3189,1,0,0.992933,0.996467,62,25*4*4,64*4*4
522,3369.93,3188,1,0,0.992897,0.996449,62,25*4*4,64*4*4
523,3370.08,3189,1,0,0.992854,0.996427,62,25*4*4,64*4*4
524,3370.11,3188,1,0,0.992845,0.996423,62,25*4*4,64*4*4
525,3370.42,3189,1,0,0.992755,0.996378,62,25*4*4,64*4*4
526,3370.64,3189,1,0,0.99269,0.996345,62,25*4*4,64*4*4
527,3371.22,3188,1,0,0.992519,0.99626,62,25*4*4,64*4*4
528,3371.26,3189,1,0,0.992506,0.996253,62,25*4*4,64*4*4
529,3371.34,3188,1,0,0.992483,0.996242,62,25*4*4,64*4*4
530,3371.43,3189,1,0,0.992456,0.996228,62,25*4*4,64*4*4
531,3371.64,3188,1,0,0.992394,0.996197,62,25*4*4,64*4*4
532,3371.75,3189,1,0,0.992362,0.996181,62,25*4*4,64*4*4
533,3371.82,3189,1,0,0.992344,0.996172,62,25*4*4,64*4*4
534,3371.88,3188,1,0,0.992326,0.996163,62,25*4*4,64*4*4
535,3372.09,3189,1,0,0.992264,0.996132,62,25*4*4,64*4*4
536,3372.28,3188,1,0,0.992207,0.996104,62,25*4*4,64*4*4
537,3372.39,3189,1,0,0.992174,0.996087,62,25*4*4,64*4*4
538,3372.42,3188,1,0,0.992166,0.996083,62,25*4*4,64*4*4
539,3372.55,3189,1,0,0.992127,0.996064,62,25*4*4,64*4*4
540,3372.8,3188,1,0,0.992056,0.996028,62,25*4*4,64*4*4
541,3372.82,3189,1,0,0.992049,0.996025,62,25*4*4,64*4*4
542,3373.01,3189,1,0,0.991994,0.995997,62,25*4*4,64*4*4
543,3373.02,3188,1,0,0.99199,0.995995,62,25*4*4,64*4*4
544,3374.2,3189,1,0,0.991642,0.995821,62,25*4*4,64*4*4
545,3374.66,3188,1,0,0.991508,0.995754,62,25*4*4,64*4*4
546,3374.78,3189,1,0,0.991471,0.995736,62,25*4*4,64*4*4
547,3375.01,3188,1,0,0.991403,0.995702,62,25*4*4,64*4*4
548,3376.59,3189,1,0,0.990941,0.995471,62,25*4*4,64*4*4
549,3377.48,3188,1,0,0.99068,0.99534,62,25*4*4,64*4*4
550,3377.48,3189,1,0,0.99068,0.99534,62,25*4*4,64*4*4
551,3377.48,3189,1,0,0.99068,0.99534,62,25*4*4,64*4*4
552,3377.48,3188,1,0,0.99068,0.99534,62,25*4*4,64*4*4
553,3377.48,3189,1,0,0.99068,0.99534,62,25*4*4,64*4*4
554,3377.48,3188,1,0,0.99068,0.99534,62,25*4*4,64*4*4
555,3377.48,3189,1,0,0.99068,0.99534,62,25*4*4,64*4*4
556,3377.48,3188,1,0,0.99068,0.99534,62,25*4*4,64*4*4
557,3377.48,3189,1,0,0.99068,0.99534,62,25*4*4,64*4*4
558,3377.48,3189,1,0,0.99068,0.99534,62,25*4*4,64*4*4
559,3377.48,3188,1,0,0.99068,0.99534,62,25*4*4,64*4*4
560,3377.48,3189,1,0,0.99068,0.99534,62,25*4*4,64*4*4
561,3377.48,3188,1,0,0.99068,0.99534,62,25*4*4,64*4*4
562,3377.48,3189,1,0,0.99068,0.99534,62,25*4*4,64*4*4
563,3377.48,3188,1,0,0.99068,0.99534,62,25*4*4,64*4*4
564,3377.48,3189,1,0,0.99068,0.99534,62,25*4*4,64*4*4
565,3377.48,3188,1,0,0.99068,0.99534,62,25*4*4,64*4*4
566,3377.48,3189,1,0,0.99068,0.99534,62,25*4*4,64*4*4
567,3377.48,3189,1,0,0.99068,0.99534,62,25*4*4,64*4*4
568,3377.48,3188,1,0,0.99068,0.99534,62,25*4*4,64*4*4
569,3377.48,3189,1,0,0.99068,0.99534,62,25*4*4,64*4*4
570,3377.48,3188,1,0,0.99068,0.99534,62,25*4*4,64*4*4
571,3377.48,3189,1,0,0.99068,0.99534,62,25*4*4,64*4*4
572,3377.48,3188,1,0,0.99068,0.99534,62,25*4*4,64*4*4
573,3377.48,3189,1,0,0.99068,0.99534,62,25*4*4,64*4*4
574,3377.48,3189,1,0,0.99068,0.99534,62,25*4*4,64*4*4
575,3377.48,3188,1,0,0.99068,0.99534,62,25*4*4,64*4*4
576,3377.48,3189,1,0,0.99068,0.99534,62,25*4*4,64*4*4
577,3377.48,3188,1,0,0.99068,0.99534,62,25*4*4,64*4*4
578,3377.48,3189,1,0,0.99068,0.99534,62,25*4*4,64*4*4
579,3377.48,3188,1,0,0.99068,0.99534,62,25*4*4,64*4*4
580,3377.48,3189,1,0,0.99068,0.99534,62,25*4*4,64*4*4
581,3377.48,3188,1,0,0.99068,0.99534,62,25*4*4,64*4*4
582,3377.48,3189,1,0,0.99068,0.99534,62,25*4*4,64*4*4
583,3377.48,3189,1,0,0.99068,0.99534,62,25*4*4,64*4*4
584,3377.48,3188,1,0,0.99068,0.99534,62,25*4*4,64*4*4
585,3377.48,3189,1,0,0.99068,0.99534,62,25*4*4,64*4*4
586,3377.48,3188,1,0,0.99068,0.99534,62,25*4*4,64*4*4
587,3377.48,3189,1,0,0.99068,0.99534,62,25*4*4,64*4*4
588,3377.48,3188,1,0,0.99068,0.99534,62,25*4*4,64*4*4
589,3377.48,3189,1,0,0.99068,0.99534,62,25*4*4,64*4*4
590,3377.48,3188,1,0,0.99068,0.99534,62,25*4*4,64*4*4
591,3377.48,3189,1,0,0.99068,0.99534,62,25*4*4,64*4*4
592,3377.48,3189,1,0,0.99068,0.99534,62,25*4*4,64*4*4
593,3377.48,3188,1,0,0.99068,0.99534,62,25*4*4,64*4*4
594,3377.48,3189,1,0,0.99068,0.99534,62,25*4*4,64*4*4
595,3377.48,3188,1,0,0.99068,0.99534,62,25*4*4,64*4*4
596,3377.48,3189,1,0,0.99068,0.99534,62,25*4*4,64*4*4
597,3377.48,3188,1,0,0.99068,0.99534,62,25*4*4,64*4*4
598,3377.48,3189,1,0,0.99068,0.99534,62,25*4*4,64*4*4
599,3378,3189,1,0,0.990527,0.995263,62,25*4*4,64*4*4
600,3377.99,3188,1,0,0.990531,0.995266,62,25*4*4,64*4*4
601,3377.85,3189,1,0,0.99057,0.995285,62,25*4*4,64*4*4
602,3377.81,3188,1,0,0.990584,0.995292,62,25*4*4,64*4*4
603,3377.55,3189,1,0,0.990659,0.99533,62,25*4*4,64*4*4
604,3377.42,3188,1,0,0.990696,0.995348,62,25*4*4,64*4*4
605,3376.9,3189,1,0,0.990849,0.995425,62,25*4*4,64*4*4
606,3376.25,3188,1,0,0.991039,0.99552,62,25*4*4,64*4*4
607,3375.73,3189,1,0,0.991194,0.995597,62,25*4*4,64*4*4
608,3374.79,3189,1,0,0.991468,0.995734,62,25*4*4,64*4*4
609,3373.75,3188,1,0,0.991774,0.995887,62,25*4*4,64*4*4
610,3372.62,3189,1,0,0.992106,0.996053,62,25*4*4,64*4*4
611,3371.96,3188,1,0,0.9923,0.99615,62,25*4*4,64*4*4
612,3370.15,3189,1,0,0.992833,0.996417,62,25*4*4,64*4*4
613,3370,3188,1,0,0.992879,0.996439,62,25*4*4,64*4*4
614,3368.71,3189,1,0,0.993259,0.99663,62,25*4*4,64*4*4
615,3368.65,3189,1,0,0.993276,0.996638,62,25*4*4,64*4*4
616,3368.27,3188,1,0,0.993387,0.996693,62,25*4*4,64*4*4
617,3368.16,3189,1,0,0.993422,0.996711,62,25*4*4,64*4*4
618,3367.91,3188,1,0,0.993494,0.996747,62,25*4*4,64*4*4
619,3367.28,3189,1,0,0.99368,0.99684,62,25*4*4,64*4*4
620,3366.71,3188,1,0,0.993847,0.996924,62,25*4*4,64*4*4
621,3366.19,3189,1,0,0.994002,0.997001,62,25*4*4,64*4*4
622,3365.61,3188,1,0,0.994174,0.997087,62,25*4*4,64*4*4
623,3364.99,3189,1,0,0.994357,0.997179,62,25*4*4,64*4*4
624,3364,3189,1,0,0.99465,0.997325,62,25*4*4,64*4*4
625,3363.65,3188,1,0,0.994754,0.997377,62,25*4*4,64*4*4
626,3362.65,3189,1,0,0.995048,0.997524,62,25*4*4,64*4*4
627,3360.34,3188,1,0,0.995732,0.997866,62,25*4*4,64*4*4
628,3359.96,3189,1,0,0.995847,0.997923,62,25*4*4,64*4*4
629,3359.64,3188,1,0,0.995939,0.99797,62,25*4*4,64*4*4
630,3358.7,3189,1,0,0.996218,0.998109,62,25*4*4,64*4*4
631,3357.28,3189,1,0,0.99664,0.99832,62,25*4*4,64*4*4
632,3356.47,3188,1,0,0.996882,0.998441,62,25*4*4,64*4*4
633,3352.6,3189,1,0,0.998031,0.999015,62,25*4*4,64*4*4
634,3351.33,3188,1,0,0.99841,0.999205,62,25*4*4,64*4*4
635,3346.66,3189,1,0,0.999802,0.999901,62,25*4*4,64*4*4
636,3343.18,2391,1,0,0.92044,0.96022,61,25*4*4,64*4*3
637,3335.86,2392,1,0,0.92246,0.96123,61,25*4*4,64*4*3
638,3322.72,2391,1,0,0.926108,0.963054,61,25*4*4,64*4*3
639,3322.15,2392,1,0,0.926268,0.963134,61,25*4*4,64*4*3
640,3321.79,2391,1,0,0.926367,0.963183,61,25*4*4,64*4*3
641,3321.5,2392,1,0,0.926448,0.963224,61,25*4*4,64*4*3
642,3319.43,2391,1,0,0.927026,0.963513,61,25*4*4,64*4*3
643,3319.13,2391,1,0,0.92711,0.963555,61,25*4*4,64*4*3
644,3316.1,2392,1,0,0.927956,0.963978,61,25*4*4,64*4*3
645,3313.29,2391,1,0,0.928745,0.964373,61,25*4*4,64*4*3
646,3313.29,2392,1,0,0.928746,0.964373,61,25*4*4,64*4*3
647,3309.73,2391,1,0,0.929743,0.964871,61,25*4*4,64*4*3
648,3308.66,2392,1,0,0.930043,0.965022,61,25*4*4,64*4*3
649,3308.54,2391,1,0,0.930078,0.965039,61,25*4*4,64*4*3
650,3307.04,2392,1,0,0.9305,0.96525,61,25*4*4,64*4*3
651,3306.31,2391,1,0,0.930704,0.965352,61,25*4*4,64*4*3
652,3301.09,2392,1,0,0.932178,0.966089,61,25*4*4,64*4*3
653,3295.94,2391,1,0,0.933635,0.966817,61,25*4*4,64*4*3
654,3295.47,2391,1,0,0.933766,0.966883,61,25*4*4,64*4*3
655,3294.72,2392,1,0,0.93398,0.96699,61,25*4*4,64*4*3
656,3288.11,2391,1,0,0.935856,0.967928,61,25*4*4,64*4*3
657,3282.94,2392,1,0,0.93733,0.968665,61,25*4*4,64*4*3
658,3282.54,2391,1,0,0.937445,0.968722,61,25*4*4,64*4*3
659,3277.44,2392,1,0,0.938904,0.969452,61,25*4*4,64*4*3
660,3276.31,2391,1,0,0.939227,0.969614,61,25*4*4,64*4*3
661,3273.06,2392,1,0,0.94016,0.97008,61,25*4*4,64*4*3
662,3272.97,2391,1,0,0.940185,0.970093,61,25*4*4,64*4*3
663,3272.18,2392,1,0,0.940414,0.970207,61,25*4*4,64*4*3
664,3270.71,2391,1,0,0.940834,0.970417,61,25*4*4,64*4*3
665,3270.03,2392,1,0,0.941031,0.970516,61,25*4*4,64*4*3
666,3268.2,2391,1,0,0.941559,0.97078,61,25*4*4,64*4*3
667,3258.99,2391,1,0,0.944218,0.972109,61,25*4*4,64*4*3
668,3256.51,2392,1,0,0.944939,0.972469,61,25*4*4,64*4*3
669,3255.07,2391,1,0,0.945355,0.972678,61,25*4*4,64*4*3
670,3254.46,2392,1,0,0.945533,0.972767,61,25*4*4,64*4*3
671,3250.55,2391,1,0,0.946671,0.973335,61,25*4*4,64*4*3
672,3247.81,2392,1,0,0.947469,0.973735,61,25*4*4,64*4*3
673,3242.56,2391,1,0,0.949003,0.974501,61,25*4*4,64*4*3
674,3235.94,2392,1,0,0.950944,0.975472,61,25*4*4,64*4*3
675,3233.27,2391,1,0,0.951729,0.975865,61,25*4*4,64*4*3
676,3232.28,2392,1,0,0.95202,0.97601,61,25*4*4,64*4*3
677,3231.83,2391,1,0,0.952153,0.976077,61,25*4*4,64*4*3
678,3231.72,2392,1,0,0.952187,0.976093,61,25*4*4,64*4*3
679,3228.69,2391,1,0,0.953079,0.97654,61,25*4*4,64*4*3
680,3228.58,2391,1,0,0.953112,0.976556,61,25*4*4,64*4*3
681,3224.11,2392,1,0,0.954434,0.977217,61,25*4*4,64*4*3
682,3224.06,2391,1,0,0.954448,0.977224,61,25*4*4,64*4*3
683,3222.14,2392,1,0,0.955016,0.977508,61,25*4*4,64*4*3
684,3221.85,2391,1,0,0.955104,0.977552,61,25*4*4,64*4*3
685,3220.31,2392,1,0,0.95556,0.97778,61,25*4*4,64*4*3
686,3213.35,2391,1,0,0.957629,0.978814,61,25*4*4,64*4*3
687,3206.41,2392,1,0,0.959702,0.979851,61,25*4*4,64*4*3
688,3201.71,2391,1,0,0.96111,0.980555,61,25*4*4,64*4*3
689,3199.71,2392,1,0,0.961713,0.980857,61,25*4*4,64*4*3
690,3195.96,2391,1,0,0.962841,0.981421,61,25*4*4,64*4*3
691,3192.85,2392,1,0,0.963779,0.98189,61,25*4*4,64*4*3
692,3187.47,2391,1,0,0.965406,0.982703,61,25*4*4,64*4*3
693,3185.43,2391,1,0,0.966023,0.983012,61,25*4*4,64*4*3
694,3185.37,2392,1,0,0.966041,0.98302,61,25*4*4,64*4*3
695,3182.74,2391,1,0,0.96684,0.98342,61,25*4*4,64*4*3
696,3181.92,2392,1,0,0.967089,0.983545,61,25*4*4,64*4*3
697,3177.56,2391,1,0,0.968415,0.984208,61,25*4*4,64*4*3
698,3176.45,2392,1,0,0.968754,0.984377,61,25*4*4,64*4*3
699,3174.43,2391,1,0,0.96937,0.984685,61,25*4*4,64*4*3
700,3173.94,2392,1,0,0.969519,0.98476,61,25*4*4,64*4*3
701,3173.26,2391,1,0,0.969728,0.984864,61,25*4*4,64*4*3
702,3171.05,2392,1,0,0.970405,0.985203,61,25*4*4,64*4*3
703,3167.72,2391,1,0,0.971424,0.985712,61,25*4*4,64*4*3
704,3167.62,2392,1,0,0.971454,0.985727,61,25*4*4,64*4*3
705,3166.85,2391,1,0,0.971692,0.985846,61,25*4*4,64*4*3
706,3165.6,2391,1,0,0.972076,0.986038,61,25*4*4,64*4*3
707,3162.76,2392,1,0,0.972948,0.986474,61,25*4*4,64*4*3
708,3156.5,2391,1,0,0.974877,0.987438,61,25*4*4,64*4*3
709,3155.61,2392,1,0,0.975153,0.987577,61,25*4*4,64*4*3
710,3155.5,2391,1,0,0.975185,0.987593,61,25*4*4,64*4*3
711,3151.37,2392,1,0,0.976464,0.988232,61,25*4*4,64*4*3
712,3150.9,2391,1,0,0.97661,0.988305,61,25*4*4,64*4*3
713,3148.61,2392,1,0,0.977322,0.988661,61,25*4*4,64*4*3
714,3141.98,2391,1,0,0.979382,0.989691,61,25*4*4,64*4*3
715,3140.53,2392,1,0,0.979834,0.989917,61,25*4*4,64*4*3
716,3140.01,2391,1,0,0.979996,0.989998,61,25*4*4,64*4*3
717,3138.78,2391,1,0,0.980382,0.990191,61,25*4*4,64*4*3
718,3134.88,2392,1,0,0.981601,0.990801,61,25*4*4,64*4*3
719,3132.06,2391,1,0,0.982485,0.991243,61,25*4*4,64*4*3
720,3128.97,2392,1,0,0.983454,0.991727,61,25*4*4,64*4*3
721,3127.5,2391,1,0,0.983917,0.991959,61,25*4*4,64*4*3
722,3122.65,2392,1,0,0.985444,0.992722,61,25*4*4,64*4*3
723,3122.44,2391,1,0,0.985512,0.992756,61,25*4*4,64*4*3
724,3121.63,2392,1,0,0.985767,0.992884,61,25*4*4,64*4*3
725,3118.81,2391,1,0,0.986658,0.993329,61,25*4*4,64*4*3
726,3112.9,2392,1,0,0.988531,0.994265,61,25*4*4,64*4*3
727,3112.49,2391,1,0,0.988662,0.994331,61,25*4*4,64*4*3
728,3110.69,2392,1,0,0.989235,0.994618,61,25*4*4,64*4*3
729,3108.14,2391,1,0,0.990047,0.995024,61,25*4*4,64*4*3
730,3106.89,2391,1,0,0.990443,0.995222,61,25*4*4,64*4*3
731,3104.43,2392,1,0,0.99123,0.995615,61,25*4*4,64*4*3
732,3102.04,2391,1,0,0.991993,0.995996,61,25*4*4,64*4*3
733,3097.12,2392,1,0,0.993568,0.996784,61,25*4*4,64*4*3
734,3087.32,2391,1,0,0.996722,0.998361,61,25*4*4,64*4*3
735,3079.84,2392,1,0,0.999144,0.999572,61,25*4*4,64*4*3
736,3078.81,2391,1,0,0.999477,0.999739,61,25*4*4,64*4*3
737,3076.33,2391,0,0,0.833949,0.916974,60,25*4*3,64*4*3
738,3076.13,2391,1,0,0.834002,0.917001,60,25*4*3,64*4*3
739,3073.45,2392,1,0,0.834729,0.917364,60,25*4*3,64*4*3
740,3065.47,2391,1,0,0.836903,0.918452,60,25*4*3,64*4*3
741,3065.17,2392,1,0,0.836986,0.918493,60,25*4*3,64*4*3
742,3064.19,2391,1,0,0.837251,0.918626,60,25*4*3,64*4*3
743,3060.65,2392,1,0,0.83822,0.91911,60,25*4*3,64*4*3
744,3060.34,2391,1,0,0.838307,0.919153,60,25*4*3,64*4*3
745,3057.34,2392,1,0,0.839127,0.919564,60,25*4*3,64*4*3
746,3054.12,2391,1,0,0.840012,0.920006,60,25*4*3,64*4*3
747,3053.04,2392,1,0,0.840311,0.920155,60,25*4*3,64*4*3
748,3033.29,2391,1,0,0.845782,0.922891,60,25*4*3,64*4*3
749,3027.13,2391,1,0,0.847503,0.923751,60,25*4*3,64*4*3
750,3022.1,2392,1,0,0.848913,0.924456,60,25*4*3,64*4*3
751,3020.71,2391,1,0,0.849303,0.924651,60,25*4*3,64*4*3
752,3018.1,2392,1,0,0.850038,0.925019,60,25*4*3,64*4*3
753,3017.89,2391,1,0,0.850096,0.925048,60,25*4*3,64*4*3
754,3016.97,2392,1,0,0.850357,0.925178,60,25*4*3,64*4*3
755,3016.75,2391,1,0,0.850417,0.925209,60,25*4*3,64*4*3
756,3011.55,2392,1,0,0.851886,0.925943,60,25*4*3,64*4*3
757,3008.84,2391,1,0,0.852654,0.926327,60,25*4*3,64*4*3
758,3007.16,2392,1,0,0.853132,0.926566,60,25*4*3,64*4*3
759,3006.49,2391,1,0,0.853322,0.926661,60,25*4*3,64*4*3
760,2999.66,2392,1,0,0.855265,0.927632,60,25*4*3,64*4*3
761,2998.43,2391,1,0,0.855613,0.927807,60,25*4*3,64*4*3
762,2996.97,2391,1,0,0.856031,0.928016,60,25*4*3,64*4*3
763,2993.18,2392,1,0,0.857114,0.928557,60,25*4*3,64*4*3
764,2990.49,2391,1,0,0.857886,0.928943,60,25*4*3,64*4*3
765,2987.98,2392,1,0,0.858606,0.929303,60,25*4*3,64*4*3
766,2983.1,2391,1,0,0.860012,0.930006,60,25*4*3,64*4*3
767,2982.65,2392,1,0,0.860142,0.930071,60,25*4*3,64*4*3
768,2980.27,2391,1,0,0.860829,0.930414,60,25*4*3,64*4*3
769,2979.1,2392,1,0,0.861166,0.930583,60,25*4*3,64*4*3
770,2955.47,2391,1,0,0.86805,0.934025,60,25*4*3,64*4*3
771,2951.31,2392,1,0,0.869276,0.934638,60,25*4*3,64*4*3
772,2945.46,2391,1,0,0.871,0.9355,60,25*4*3,64*4*3
773,2941.32,2392,1,0,0.872228,0.936114,60,25*4*3,64*4*3
774,2940.86,2391,1,0,0.872364,0.936182,60,25*4*3,64*4*3
775,2938.25,2391,1,0,0.873139,0.93657,60,25*4*3,64*4*3
776,2937.31,2392,1,0,0.873419,0.93671,60,25*4*3,64*4*3
777,2931.56,2391,1,0,0.875132,0.937566,60,25*4*3,64*4*3
778,2928.07,2392,1,0,0.876173,0.938087,60,25*4*3,64*4*3
779,2926.34,2391,1,0,0.876694,0.938347,60,25*4*3,64*4*3
780,2924.39,2392,1,0,0.877278,0.938639,60,25*4*3,64*4*3
781,2914.73,2391,1,0,0.880185,0.940093,60,25*4*3,64*4*3
782,2913.32,2392,1,0,0.880611,0.940305,60,25*4*3,64*4*3
783,2906.8,2391,1,0,0.882586,0.941293,60,25*4*3,64*4*3
784,2905.93,2392,1,0,0.882849,0.941424,60,25*4*3,64*4*3
785,2903.93,2391,1,0,0.883459,0.941729,60,25*4*3,64*4*3
786,2903.31,2392,1,0,0.883647,0.941823,60,25*4*3,64*4*3
787,2900.26,2391,1,0,0.884577,0.942289,60,25*4*3,64*4*3
788,2896.42,2391,1,0,0.885748,0.942874,60,25*4*3,64*4*3
789,2890.46,2392,1,0,0.887575,0.943788,60,25*4*3,64*4*3
790,2888.34,2391,1,0,0.888226,0.944113,60,25*4*3,64*4*3
791,2882.44,2392,1,0,0.890044,0.945022,60,25*4*3,64*4*3
792,2879.77,2391,1,0,0.890871,0.945435,60,25*4*3,64*4*3
793,2878.6,2392,1,0,0.891231,0.945615,60,25*4*3,64*4*3
794,2877.99,2391,1,0,0.891421,0.945711,60,25*4*3,64*4*3
795,2877.05,2392,1,0,0.891712,0.945856,60,25*4*3,64*4*3
796,2873.59,2391,1,0,0.892784,0.946392,60,25*4*3,64*4*3
797,2872.91,2392,1,0,0.892998,0.946499,60,25*4*3,64*4*3
798,2868.55,2391,1,0,0.894356,0.947178,60,25*4*3,64*4*3
799,2866.74,2392,1,0,0.894921,0.94746,60,25*4*3,64*4*3
800,2865.72,2391,1,0,0.895239,0.94762,60,25*4*3,64*4*3
801,2859.62,2391,1,0,0.897147,0.948574,60,25*4*3,64*4*3
802,2857.61,2392,1,0,0.897777,0.948888,60,25*4*3,64*4*3
803,2855.55,2391,1,0,0.898427,0.949213,60,25*4*3,64*4*3
804,2854.93,2392,1,0,0.89862,0.94931,60,25*4*3,64*4*3
805,2854.56,2391,1,0,0.898736,0.949368,60,25*4*3,64*4*3
806,2853.42,2392,1,0,0.899097,0.949549,60,25*4*3,64*4*3
807,2848.41,2391,1,0,0.900678,0.950339,60,25*4*3,64*4*3
808,2845.96,2392,1,0,0.901453,0.950726,60,25*4*3,64*4*3
809,2845.66,2391,1,0,0.901549,0.950775,60,25*4*3,64*4*3
810,2843.43,2392,1,0,0.902256,0.951128,60,25*4*3,64*4*3
811,2832.73,2391,1,0,0.905662,0.952831,60,25*4*3,64*4*3
812,2830.96,2391,1,0,0.90623,0.953115,60,25*4*3,64*4*3
813,2830.83,2392,1,0,0.906272,0.953136,60,25*4*3,64*4*3
814,2828.97,2391,1,0,0.906868,0.953434,60,25*4*3,64*4*3
815,2824.94,2392,1,0,0.90816,0.95408,60,25*4*3,64*4*3
816,2822.33,2391,1,0,0.909002,0.954501,60,25*4*3,64*4*3
817,2817.94,2392,1,0,0.910417,0.955208,60,25*4*3,64*4*3
818,2815.57,2391,1,0,0.911184,0.955592,60,25*4*3,64*4*3
819,2814.53,2392,1,0,0.911519,0.95576,60,25*4*3,64*4*3
820,2814.44,2391,1,0,0.91155,0.955775,60,25*4*3,64*4*3
821,2812.03,2392,1,0,0.912329,0.956164,60,25*4*3,64*4*3
822,2809.11,2391,1,0,0.913277,0.956638,60,25*4*3,64*4*3
823,2802.13,2392,1,0,0.915554,0.957777,60,25*4*3,64*4*3
824,2801.94,2391,1,0,0.915617,0.957808,60,25*4*3,64*4*3
825,2801.36,2391,1,0,0.915806,0.957903,60,25*4*3,64*4*3
826,2800.08,2392,1,0,0.916223,0.958111,60,25*4*3,64*4*3
827,2797.83,2391,1,0,0.91696,0.95848,60,25*4*3,64*4*3
828,2796.76,2392,1,0,0.917313,0.958656,60,25*4*3,64*4*3
829,2796.63,2391,1,0,0.917354,0.958677,60,25*4*3,64*4*3
830,2796.22,2392,1,0,0.917489,0.958744,60,25*4*3,64*4*3
831,2792.25,2391,1,0,0.918792,0.959396,60,25*4*3,64*4*3
832,2791.66,2392,1,0,0.918988,0.959494,60,25*4*3,64*4*3
833,2791.35,2391,1,0,0.919088,0.959544,60,25*4*3,64*4*3
834,2789.91,2392,1,0,0.919564,0.959782,60,25*4*3,64*4*3
835,2786.8,2391,1,0,0.920591,0.960296,60,25*4*3,64*4*3
836,2786.43,2392,1,0,0.920712,0.960356,60,25*4*3,64*4*3
837,2771.17,2391,1,0,0.925783,0.962892,60,25*4*3,64*4*3
838,2768.88,2391,1,0,0.926549,0.963274,60,25*4*3,64*4*3
839,2767.74,2392,1,0,0.926931,0.963465,60,25*4*3,64*4*3
840,2765.32,2391,1,0,0.927741,0.963871,60,25*4*3,64*4*3
841,2765.13,2392,1,0,0.927805,0.963903,60,25*4*3,64*4*3
842,2764.29,2391,1,0,0.928087,0.964044,60,25*4*3,64*4*3
843,2763.5,2392,1,0,0.928353,0.964176,60,25*4*3,64*4*3
844,2763.1,2391,1,0,0.928486,0.964243,60,25*4*3,64*4*3
845,2759.07,2392,1,0,0.929844,0.964922,60,25*4*3,64*4*3
846,2758.86,2391,1,0,0.929912,0.964956,60,25*4*3,64*4*3
847,2757.28,2392,1,0,0.930447,0.965223,60,25*4*3,64*4*3
848,2756.7,2391,1,0,0.93064,0.96532,60,25*4*3,64*4*3
849,2754.93,2392,1,0,0.931241,0.96562,60,25*4*3,64*4*3
850,2754.79,2391,1,0,0.931288,0.965644,60,25*4*3,64*4*3
851,2750.56,2391,1,0,0.932719,0.966359,60,25*4*3,64*4*3
852,2749.18,2392,1,0,0.933187,0.966594,60,25*4*3,64*4*3
853,2745.24,2391,1,0,0.934525,0.967262,60,25*4*3,64*4*3
854,2745,2392,1,0,0.934609,0.967305,60,25*4*3,64*4*3
855,2740.54,2391,1,0,0.93613,0.968065,60,25*4*3,64*4*3
856,2737.38,2392,1,0,0.937209,0.968605,60,25*4*3,64*4*3
857,2736.01,2391,1,0,0.937678,0.968839,60,25*4*3,64*4*3
858,2734.91,2392,1,0,0.938057,0.969029,60,25*4*3,64*4*3
859,2733.61,2391,1,0,0.938503,0.969252,60,25*4*3,64*4*3
860,2733.28,2392,1,0,0.938617,0.969308,60,25*4*3,64*4*3
861,2731.82,2391,1,0,0.939119,0.96956,60,25*4*3,64*4*3
862,2731.38,2392,1,0,0.939271,0.969635,60,25*4*3,64*4*3
863,2731.3,2391,1,0,0.939296,0.969648,60,25*4*3,64*4*3
864,2726.2,2391,1,0,0.941055,0.970528,60,25*4*3,64*4*3
865,2723.57,2392,1,0,0.941964,0.970982,60,25*4*3,64*4*3
866,2718.78,2391,1,0,0.943624,0.971812,60,25*4*3,64*4*3
867,2718.1,2392,1,0,0.943857,0.971929,60,25*4*3,64*4*3
868,2716.76,2391,1,0,0.944325,0.972163,60,25*4*3,64*4*3
869,2716.38,2392,1,0,0.944457,0.972229,60,25*4*3,64*4*3
870,2713.51,2391,1,0,0.945454,0.972727,60,25*4*3,64*4*3
871,2708.72,2392,1,0,0.947125,0.973562,60,25*4*3,64*4*3
872,2708.44,2391,1,0,0.947224,0.973612,60,25*4*3,64*4*3
873,2708.44,2392,1,0,0.947224,0.973612,60,25*4*3,64*4*3
874,2707.25,2391,1,0,0.947639,0.97382,60,25*4*3,64*4*3
875,2707.12,2391,1,0,0.947685,0.973843,60,25*4*3,64*4*3
876,2705.79,2392,1,0,0.948151,0.974075,60,25*4*3,64*4*3
877,2705.56,2391,1,0,0.948233,0.974116,60,25*4*3,64*4*3
878,2702.05,2392,1,0,0.949463,0.974731,60,25*4*3,64*4*3
879,2702.01,2391,1,0,0.949477,0.974738,60,25*4*3,64*4*3
880,2700.61,2392,1,0,0.949969,0.974984,60,25*4*3,64*4*3
881,2697.56,2391,1,0,0.951045,0.975523,60,25*4*3,64*4*3
882,2696.04,2392,1,0,0.951582,0.975791,60,25*4*3,64*4*3
883,2691.55,2391,1,0,0.953167,0.976584,60,25*4*3,64*4*3
884,2691.39,2392,1,0,0.953225,0.976613,60,25*4*3,64*4*3
885,2689.98,2391,1,0,0.953724,0.976862,60,25*4*3,64*4*3
886,2689.96,2392,1,0,0.953731,0.976866,60,25*4*3,64*4*3
887,2689.04,2391,1,0,0.954057,0.977028,60,25*4*3,64*4*3
888,2688.95,2391,1,0,0.954091,0.977045,60,25*4*3,64*4*3
889,2688.28,2392,1,0,0.954329,0.977165,60,25*4*3,64*4*3
890,2687.13,2391,1,0,0.954735,0.977368,60,25*4*3,64*4*3
891,2684.1,2392,1,0,0.955815,0.977908,60,25*4*3,64*4*3
892,2684.08,2391,1,0,0.95582,0.97791,60,25*4*3,64*4*3
893,2678.91,2392,1,0,0.957665,0.978832,60,25*4*3,64*4*3
894,2676.11,2391,1,0,0.958668,0.979334,60,25*4*3,64*4*3
895,2675.97,2392,1,0,0.958719,0.97936,60,25*4*3,64*4*3
896,2674.33,2391,1,0,0.959306,0.979653,60,25*4*3,64*4*3
897,2673.75,2392,1,0,0.959513,0.979756,60,25*4*3,64*4*3
898,2660.23,2391,1,0,0.964391,0.982196,60,25*4*3,64*4*3
899,2652.49,2392,1,0,0.967205,0.983602,60,25*4*3,64*4*3
900,2651.15,2391,1,0,0.967695,0.983847,60,25*4*3,64*4*3
901,2649.07,2391,1,0,0.968455,0.984227,60,25*4*3,64*4*3
902,2645.04,2392,1,0,0.96993,0.984965,60,25*4*3,64*4*3
903,2644.46,2391,1,0,0.970141,0.98507,60,25*4*3,64*4*3
904,2644.01,2392,1,0,0.970308,0.985154,60,25*4*3,64*4*3
905,2642.36,2391,1,0,0.970913,0.985457,60,25*4*3,64*4*3
906,2641.65,2392,1,0,0.971174,0.985587,60,25*4*3,64*4*3
907,2641.07,2391,1,0,0.971386,0.985693,60,25*4*3,64*4*3
908,2641.07,2392,1,0,0.971387,0.985693,60,25*4*3,64*4*3
909,2640.81,2391,1,0,0.971484,0.985742,60,25*4*3,64*4*3
910,2640.77,2392,1,0,0.971495,0.985748,60,25*4*3,64*4*3
911,2638.66,2391,1,0,0.972272,0.986136,60,25*4*3,64*4*3
912,2636.65,2392,1,0,0.973016,0.986508,60,25*4*3,64*4*3
913,2629.6,2391,1,0,0.975622,0.987811,60,25*4*3,64*4*3
914,2627.25,2391,1,0,0.976497,0.988249,60,25*4*3,64*4*3
915,2625.37,2392,1,0,0.977195,0.988597,60,25*4*3,64*4*3
916,2624.65,2391,1,0,0.977464,0.988732,60,25*4*3,64*4*3
917,2620.53,2392,1,0,0.979,0.9895,60,25*4*3,64*4*3
918,2617.16,2391,1,0,0.98026,0.99013,60,25*4*3,64*4*3
919,2617.01,2392,1,0,0.980317,0.990158,60,25*4*3,64*4*3
920,2612.26,2391,1,0,0.982099,0.991049,60,25*4*3,64*4*3
921,2610.12,2392,1,0,0.982907,0.991453,60,25*4*3,64*4*3
922,2608.78,2391,1,0,0.983411,0.991706,60,25*4*3,64*4*3
923,2607.36,2392,1,0,0.983944,0.991972,60,25*4*3,64*4*3
924,2600.97,2391,1,0,0.986361,0.993181,60,25*4*3,64*4*3
925,2599.7,2392,1,0,0.986847,0.993423,60,25*4*3,64*4*3
926,2598.75,2391,1,0,0.987205,0.993603,60,25*4*3,64*4*3
927,2597.46,2391,1,0,0.987697,0.993849,60,25*4*3,64*4*3
928,2595.85,2392,1,0,0.988307,0.994154,60,25*4*3,64*4*3
929,2595.79,2391,1,0,0.98833,0.994165,60,25*4*3,64*4*3
930,2595.07,2392,1,0,0.988605,0.994302,60,25*4*3,64*4*3
931,2593.08,2391,1,0,0.989362,0.994681,60,25*4*3,64*4*3
932,2592.85,2392,1,0,0.989453,0.994726,60,25*4*3,64*4*3
933,2592.73,2391,1,0,0.989496,0.994748,60,25*4*3,64*4*3
934,2590.18,2392,1,0,0.99047,0.995235,60,25*4*3,64*4*3
935,2589.23,2391,1,0,0.990834,0.995417,60,25*4*3,64*4*3
936,2588.89,2392,1,0,0.990964,0.995482,60,25*4*3,64*4*3
937,2588.46,2391,1,0,0.991131,0.995566,60,25*4*3,64*4*3
938,2587.7,2391,1,0,0.991423,0.995711,60,25*4*3,64*4*3
939,2586.56,2392,1,0,0.991857,0.995928,60,25*4*3,64*4*3
940,2585.36,2391,1,0,0.992319,0.99616,60,25*4*3,64*4*3
941,2585.19,2392,1,0,0.992383,0.996191,60,25*4*3,64*4*3
942,2582.66,2391,1,0,0.993355,0.996678,60,25*4*3,64*4*3
943,2582.46,2392,1,0,0.993433,0.996716,60,25*4*3,64*4*3
944,2582.1,2391,1,0,0.993572,0.996786,60,25*4*3,64*4*3
945,2580.97,2392,1,0,0.994005,0.997002,60,25*4*3,64*4*3
946,2578.27,2391,1,0,0.995046,0.997523,60,25*4*3,64*4*3
947,2575,2392,1,0,0.99631,0.998155,60,25*4*3,64*4*3
948,2571.35,2391,1,0,0.997723,0.998862,60,25*4*3,64*4*3
949,2571.16,2392,1,0,0.997801,0.9989,60,25*4*3,64*4*3
950,2571.12,2391,1,0,0.997813,0.998907,60,25*4*3,64*4*3
951,2570.22,2391,1,0,0.998166,0.999083,60,25*4*3,64*4*3
952,2568.1,2392,1,0,0.998988,0.999494,60,25*4*3,64*4*3
953,2567.24,2391,1,0,0.999324,0.999662,60,25*4*3,64*4*3
954,2566.79,2392,1,0,0.999499,0.999749,60,25*4*3,64*4*3
955,2565.09,2391,1,0,0.978327,0.989164,59,25*4*3,64*4*3
956,2564.77,2392,1,0,0.978452,0.989226,59,25*4*3,64*4*3
957,2564.62,2391,1,0,0.978509,0.989255,59,25*4*3,64*4*3
958,2564.19,2392,1,0,0.97867,0.989335,59,25*4*3,64*4*3
959,2564.18,2391,1,0,0.978674,0.989337,59,25*4*3,64*4*3
960,2563.61,2392,1,0,0.978894,0.989447,59,25*4*3,64*4*3
961,2563.26,2391,1,0,0.979026,0.989513,59,25*4*3,64*4*3
962,2563.05,2392,1,0,0.979107,0.989553,59,25*4*3,64*4*3
963,2562.83,2391,1,0,0.979193,0.989596,59,25*4*3,64*4*3
964,2561.79,2391,1,0,0.979588,0.989794,59,25*4*3,64*4*3
965,2560.8,2392,1,0,0.979967,0.989984,59,25*4*3,64*4*3
966,2560.68,2391,1,0,0.980012,0.990006,59,25*4*3,64*4*3
967,2560.38,2392,1,0,0.980128,0.990064,59,25*4*3,64*4*3
968,2560.36,2391,1,0,0.980135,0.990067,59,25*4*3,64*4*3
969,2559.8,2392,1,0,0.980351,0.990175,59,25*4*3,64*4*3
970,2558,2391,1,0,0.981041,0.99052,59,25*4*3,64*4*3
971,2556.55,2392,1,0,0.981596,0.990798,59,25*4*3,64*4*3
972,2556.54,2391,1,0,0.981601,0.990801,59,25*4*3,64*4*3
973,2555.44,2392,1,0,0.982022,0.991011,59,25*4*3,64*4*3
974,2555.05,2391,1,0,0.982172,0.991086,59,25*4*3,64*4*3
975,2554.19,2392,1,0,0.982505,0.991252,59,25*4*3,64*4*3
976,2552.69,2391,1,0,0.983079,0.99154,59,25*4*3,64*4*3
977,2552.59,2391,1,0,0.983119,0.99156,59,25*4*3,64*4*3
978,2551.67,2392,1,0,0.983475,0.991738,59,25*4*3,64*4*3
979,2549.24,2391,1,0,0.984413,0.992206,59,25*4*3,64*4*3
980,2547.07,2392,1,0,0.985251,0.992626,59,25*4*3,64*4*3
981,2546.19,2391,1,0,0.985589,0.992795,59,25*4*3,64*4*3
982,2545.8,2392,1,0,0.985741,0.992871,59,25*4*3,64*4*3
983,2545.8,2391,1,0,0.985743,0.992871,59,25*4*3,64*4*3
984,2545.76,2392,1,0,0.985756,0.992878,59,25*4*3,64*4*3
985,2544.39,2391,1,0,0.986287,0.993143,59,25*4*3,64*4*3
986,2543.97,2392,1,0,0.986452,0.993226,59,25*4*3,64*4*3
987,2543.83,2391,1,0,0.986505,0.993252,59,25*4*3,64*4*3
988,2543.66,2392,1,0,0.986569,0.993285,59,25*4*3,64*4*3
989,2543.33,2391,1,0,0.9867,0.99335,59,25*4*3,64*4*3
990,2543.23,2391,1,0,0.986736,0.993368,59,25*4*3,64*4*3
991,2543.09,2392,1,0,0.986792,0.993396,59,25*4*3,64*4*3
992,2543.08,2391,1,0,0.986794,0.993397,59,25*4*3,64*4*3
993,2542.45,2392,1,0,0.987039,0.993519,59,25*4*3,64*4*3
994,2541.39,2391,1,0,0.987451,0.993725,59,25*4*3,64*4*3
995,2540.83,2392,1,0,0.987668,0.993834,59,25*4*3,64*4*3
996,2540.3,2391,1,0,0.987877,0.993939,59,25*4*3,64*4*3
997,2540.15,2392,1,0,0.987934,0.993967,59,25*4*3,64*4*3
998,2539.83,2391,1,0,0.988059,0.99403,59,25*4*3,64*4*3
999,2538.33,2392,1,0,0.988641,0.99432,59,25*4*3,64*4*3
1000,2537.46,2391,1,0,0.988982,0.994491,59,25*4*3,64*4*3
1001,2535.74,2392,1,0,0.989653,0.994827,59,25*4*3,64*4*3
1002,2535,2391,1,0,0.989941,0.99497,59,25*4*3,64*4*3
1003,2533.98,2391,1,0,0.990338,0.995169,59,25*4*3,64*4*3
1004,2533.02,2392,1,0,0.990713,0.995357,59,25*4*3,64*4*3
1005,2531.3,2391,1,0,0.99139,0.995695,59,25*4*3,64*4*3
1006,2531.2,2392,1,0,0.991425,0.995713,59,25*4*3,64*4*3
1007,2530.83,2391,1,0,0.991572,0.995786,59,25*4*3,64*4*3
1008,2530.1,2392,1,0,0.991858,0.995929,59,25*4*3,64*4*3
1009,2529.99,2391,1,0,0.991903,0.995951,59,25*4*3,64*4*3
1010,2529.64,2392,1,0,0.99204,0.99602,59,25*4*3,64*4*3
1011,2529.58,2391,1,0,0.992061,0.996031,59,25*4*3,64*4*3
1012,2528.99,2392,1,0,0.992292,0.996146,59,25*4*3,64*4*3
1013,2528.68,2391,1,0,0.992415,0.996208,59,25*4*3,64*4*3
1014,2528.66,2391,1,0,0.992423,0.996211,59,25*4*3,64*4*3
1015,2528.46,2392,1,0,0.9925,0.99625,59,25*4*3,64*4*3
1016,2528.42,2391,1,0,0.992518,0.996259,59,25*4*3,64*4*3
1017,2527.43,2392,1,0,0.992907,0.996454,59,25*4*3,64*4*3
1018,2527.05,2391,1,0,0.993054,0.996527,59,25*4*3,64*4*3
1019,2526.51,2392,1,0,0.993268,0.996634,59,25*4*3,64*4*3
1020,2526.22,2391,1,0,0.993383,0.996691,59,25*4*3,64*4*3
1021,2526.08,2392,1,0,0.993435,0.996718,59,25*4*3,64*4*3
1022,2525.25,2391,1,0,0.993761,0.996881,59,25*4*3,64*4*3
1023,2525.11,2392,1,0,0.99382,0.99691,59,25*4*3,64*4*3
1024,2524.61,2391,1,0,0.994015,0.997007,59,25*4*3,64*4*3
1025,2524.59,2392,1,0,0.994024,0.997012,59,25*4*3,64*4*3
1026,2523.76,2391,1,0,0.994351,0.997176,59,25*4*3,64*4*3
1027,2523.59,2391,1,0,0.994416,0.997208,59,25*4*3,64*4*3
1028,2523.55,2392,1,0,0.994432,0.997216,59,25*4*3,64*4*3
1029,2523.12,2391,1,0,0.994602,0.997301,59,25*4*3,64*4*3
1030,2523.09,2392,1,0,0.994612,0.997306,59,25*4*3,64*4*3
1031,2522.85,2391,1,0,0.994709,0.997354,59,25*4*3,64*4*3
1032,2522.55,2392,1,0,0.994829,0.997414,59,25*4*3,64*4*3
1033,2522.39,2391,1,0,0.994888,0.997444,59,25*4*3,64*4*3
1034,2522.34,2392,1,0,0.994908,0.997454,59,25*4*3,64*4*3
1035,2522.25,2391,1,0,0.994945,0.997472,59,25*4*3,64*4*3
1036,2522.16,2392,1,0,0.994981,0.99749,59,25*4*3,64*4*3
1037,2522.15,2391,1,0,0.994986,0.997493,59,25*4*3,64*4*3
1038,2521.47,2392,1,0,0.995251,0.997626,59,25*4*3,64*4*3
1039,2521.4,2391,1,0,0.99528,0.99764,59,25*4*3,64*4*3
1040,2521.1,2391,1,0,0.995398,0.997699,59,25*4*3,64*4*3
1041,2521.06,2392,1,0,0.995416,0.997708,59,25*4*3,64*4*3
1042,2520.74,2391,1,0,0.995541,0.997771,59,25*4*3,64*4*3
1043,2520.27,2392,1,0,0.995726,0.997863,59,25*4*3,64*4*3
1044,2520.22,2391,1,0,0.995747,0.997873,59,25*4*3,64*4*3
1045,2520.16,2392,1,0,0.995769,0.997884,59,25*4*3,64*4*3
1046,2519.87,2391,1,0,0.995886,0.997943,59,25*4*3,64*4*3
1047,2519.72,2392,1,0,0.995943,0.997972,59,25*4*3,64*4*3
1048,2519.69,2391,1,0,0.995955,0.997978,59,25*4*3,64*4*3
1049,2519.68,2392,1,0,0.995961,0.99798,59,25*4*3,64*4*3
1050,2519.44,2391,1,0,0.996055,0.998028,59,25*4*3,64*4*3
1051,2519.22,2392,1,0,0.99614,0.99807,59,25*4*3,64*4*3
1052,2519.17,2391,1,0,0.996161,0.99808,59,25*4*3,64*4*3
1053,2519.16,2391,1,0,0.996165,0.998082,59,25*4*3,64*4*3
1054,2519.16,2392,1,0,0.996166,0.998083,59,25*4*3,64*4*3
1055,2518.9,2391,1,0,0.996269,0.998135,59,25*4*3,64*4*3
1056,2518.83,2392,1,0,0.996297,0.998148,59,25*4*3,64*4*3
1057,2518.78,2391,1,0,0.996316,0.998158,59,25*4*3,64*4*3
1058,2518.74,2392,1,0,0.996333,0.998167,59,25*4*3,64*4*3
1059,2518.72,2391,1,0,0.996341,0.99817,59,25*4*3,64*4*3
1060,2518.4,2392,1,0,0.996465,0.998233,59,25*4*3,64*4*3
1061,2518.27,2391,1,0,0.996516,0.998258,59,25*4*3,64*4*3
1062,2518.2,2392,1,0,0.996546,0.998273,59,25*4*3,64*4*3
1063,2517.93,2391,1,0,0.996654,0.998327,59,25*4*3,64*4*3
1064,2517.9,2392,1,0,0.996664,0.998332,59,25*4*3,64*4*3
1065,2517.61,2391,1,0,0.996778,0.998389,59,25*4*3,64*4*3
1066,2517.61,2391,1,0,0.996778,0.998389,59,25*4*3,64*4*3
1067,2517.55,2392,1,0,0.996803,0.998402,59,25*4*3,64*4*3
1068,2517.51,2391,1,0,0.996819,0.998409,59,25*4*3,64*4*3
1069,2517.24,2392,1,0,0.996924,0.998462,59,25*4*3,64*4*3
1070,2517.19,2391,1,0,0.996946,0.998473,59,25*4*3,64*4*3
1071,2517.07,2392,1,0,0.996995,0.998497,59,25*4*3,64*4*3
1072,2516.92,2391,1,0,0.997054,0.998527,59,25*4*3,64*4*3
1073,2516.89,2392,1,0,0.997065,0.998533,59,25*4*3,64*4*3
1074,2516.58,2391,1,0,0.997185,0.998593,59,25*4*3,64*4*3
1075,2516.36,2392,1,0,0.997274,0.998637,59,25*4*3,64*4*3
1076,2515.78,2391,1,0,0.997504,0.998752,59,25*4*3,64*4*3
1077,2515.74,2391,1,0,0.997521,0.998761,59,25*4*3,64*4*3
1078,2515.66,2392,1,0,0.997552,0.998776,59,25*4*3,64*4*3
1079,2515.57,2391,1,0,0.997589,0.998794,59,25*4*3,64*4*3
1080,2515.36,2392,1,0,0.997672,0.998836,59,25*4*3,64*4*3
1081,2515.25,2391,1,0,0.997716,0.998858,59,25*4*3,64*4*3
1082,2515.18,2392,1,0,0.99774,0.99887,59,25*4*3,64*4*3
1083,2515.12,2391,1,0,0.997764,0.998882,59,25*4*3,64*4*3
1084,2514.91,2392,1,0,0.997848,0.998924,59,25*4*3,64*4*3
1085,2514.72,2391,1,0,0.997924,0.998962,59,25*4*3,64*4*3
1086,2514.61,2392,1,0,0.997969,0.998984,59,25*4*3,64*4*3
1087,2514.58,2391,1,0,0.99798,0.99899,59,25*4*3,64*4*3
1088,2514.45,2392,1,0,0.998032,0.999016,59,25*4*3,64*4*3
1089,2514.2,2391,1,0,0.998129,0.999064,59,25*4*3,64*4*3
1090,2514.18,2391,1,0,0.998137,0.999068,59,25*4*3,64*4*3
1091,2513.99,2392,1,0,0.998212,0.999106,59,25*4*3,64*4*3
1092,2513.98,2391,1,0,0.998217,0.999108,59,25*4*3,64*4*3
1093,2512.8,2392,1,0,0.998688,0.999344,59,25*4*3,64*4*3
1094,2512.34,2391,1,0,0.998869,0.999434,59,25*4*3,64*4*3
1095,2512.22,2392,1,0,0.998918,0.999459,59,25*4*3,64*4*3
1096,2511.99,2391,1,0,0.99901,0.999505,59,25*4*3,64*4*3
1097,2510.41,2392,1,0,0.999637,0.999818,59,25*4*3,64*4*3
1098,2509.52,2391,1,0,0.999991,0.999995,59,25*4*3,64*4*3
