1,1585,4220,0,0,0.928328,0.964164,83,25*4*4,64*16*1
2,7943,13322,0,0,0.579485,0.789743,107,25*4*13,64*16*3
3,15849,13322,1,0,0.290419,0.645209,107,25*4*13,64*16*3
4,15849,13322,1,0,0.290419,0.645209,107,25*4*13,64*16*3
5,19953,13323,1,0,0.230685,0.615342,107,25*4*13,64*16*3
6,12589,13322,1,0,0.365625,0.682812,107,25*4*13,64*16*3
7,1585,4220,0,0,0.928328,0.964164,83,25*4*4,64*16*1
8,40,0,0,0,0,0,0,1*1*1,1*1*1
9,79,0,0,0,0,0,0,1*1*1,1*1*1
10,20,0,0,0,0,0,0,1*1*1,1*1*1
11,1585,4220,1,0,0.928328,0.964164,83,25*4*4,64*16*1
12,316,528,1,0,0.809652,0.904826,23,25*2*1,64*2*1
13,20,0,0,0,0,0,0,1*1*1,1*1*1
14,200,197,0,0,0.70525,0.852625,14,25*1*1,32*1*1
15,126,56,0,0,0.819444,0.909722,4,5*1*1,16*1*1
16,50,0,0,0,0,0,0,1*1*1,1*1*1
17,1000,2110,0,0,0.7693,0.88465,65,25*4*2,64*8*1
18,1585,4221,1,0,0.928328,0.964164,83,25*4*4,64*16*1
19,1000,2110,0,0,0.7693,0.88465,65,25*4*2,64*8*1
20,200,197,0,0,0.70525,0.852625,14,25*1*1,32*1*1
21,16,0,0,0,0,0,0,1*1*1,1*1*1
22,316,528,1,0,0.809652,0.904826,23,25*2*1,64*2*1
23,50,0,0,0,0,0,0,1*1*1,1*1*1
24,200,198,1,0,0.70525,0.852625,14,25*1*1,32*1*1
25,50,0,0,0,0,0,0,1*1*1,1*1*1
26,32,0,0,0,0,0,0,1*1*1,1*1*1
27,63,0,0,0,0,0,0,1*1*1,1*1*1
28,50,0,0,0,0,0,0,1*1*1,1*1*1
29,40,0,0,0,0,0,0,1*1*1,1*1*1
30,40,0,0,0,0,0,0,1*1*1,1*1*1
31,40,0,0,0,0,0,0,1*1*1,1*1*1
32,50,0,0,0,0,0,0,1*1*1,1*1*1
33,50,0,0,0,0,0,0,1*1*1,1*1*1
34,50,0,0,0,0,0,0,1*1*1,1*1*1
35,40,0,0,0,0,0,0,1*1*1,1*1*1
36,63,0,0,0,0,0,0,1*1*1,1*1*1
37,50,0,0,0,0,0,0,1*1*1,1*1*1
38,40,0,0,0,0,0,0,1*1*1,1*1*1
39,50,0,0,0,0,0,0,1*1*1,1*1*1
40,40,0,0,0,0,0,0,1*1*1,1*1*1
41,63,0,0,0,0,0,0,1*1*1,1*1*1
42,50,0,0,0,0,0,0,1*1*1,1*1*1
43,50,0,0,0,0,0,0,1*1*1,1*1*1
44,63,0,0,0,0,0,0,1*1*1,1*1*1
45,79,0,0,0,0,0,0,1*1*1,1*1*1
46,100,43,0,0,0.9485,0.97425,3,5*1*1,8*1*1
47,100,44,1,0,0.9485,0.97425,3,5*1*1,8*1*1
48,79,0,0,0,0,0,0,1*1*1,1*1*1
49,126,56,0,0,0.819444,0.909722,4,5*1*1,16*1*1
50,79,0,0,0,0,0,0,1*1*1,1*1*1
51,79,0,0,0,0,0,0,1*1*1,1*1*1
52,79,0,0,0,0,0,0,1*1*1,1*1*1
53,40,0,0,0,0,0,0,1*1*1,1*1*1
54,40,0,0,0,0,0,0,1*1*1,1*1*1
55,63,0,0,0,0,0,0,1*1*1,1*1*1
56,79,0,0,0,0,0,0,1*1*1,1*1*1
57,158,197,0,0,0.892722,0.946361,5,25*1*1,32*1*1
58,316,528,1,0,0.809652,0.904826,23,25*2*1,64*2*1
59,1000,2110,0,0,0.7693,0.88465,65,25*4*2,64*8*1
60,3162,7707,0,0,0.871015,0.935508,97,25*4*7,64*16*2
61,5012,13322,0,0,0.918366,0.959183,107,25*4*13,64*16*3
62,15849,13322,1,0,0.290419,0.645209,107,25*4*13,64*16*3
63,6310,13322,1,0,0.729453,0.864727,107,25*4*13,64*16*3
64,15849,13323,1,0,0.290419,0.645209,107,25*4*13,64*16*3
65,794,2110,0,0,0.968892,0.984446,60,25*4*2,64*8*1
66,10000,13322,0,0,0.460285,0.730143,107,25*4*13,64*16*3
67,7943,13322,1,0,0.579485,0.789743,107,25*4*13,64*16*3
68,1585,4220,0,0,0.928328,0.964164,83,25*4*4,64*16*1
69,15849,13322,0,0,0.290419,0.645209,107,25*4*13,64*16*3
70,2512,6328,0,0,0.91875,0.959375,90,25*4*6,64*8*3
71,19953,13322,0,0,0.230685,0.615342,107,25*4*13,64*16*3
72,12589,13322,1,0,0.365625,0.682812,107,25*4*13,64*16*3
73,3162,7707,0,0,0.871015,0.935508,97,25*4*7,64*16*2
74,3162,7707,1,0,0.871015,0.935508,97,25*4*7,64*16*2
75,3981,9721,0,0,0.833986,0.916993,101,25*4*10,64*16*2
76,2512,6328,0,0,0.91875,0.959375,90,25*4*6,64*8*3
77,3162,7707,0,0,0.871015,0.935508,97,25*4*7,64*16*2
78,1259,2708,0,0,0.760882,0.880441,68,25*4*3,64*8*1
79,1000,2110,0,0,0.7693,0.88465,65,25*4*2,64*8*1
80,1585,4221,1,0,0.928328,0.964164,83,25*4*4,64*16*1
81,2512,6328,0,0,0.91875,0.959375,90,25*4*6,64*8*3
82,3162,7707,0,0,0.871015,0.935508,97,25*4*7,64*16*2
83,3981,9721,0,0,0.833986,0.916993,101,25*4*10,64*16*2
84,12589,13322,0,0,0.365625,0.682812,107,25*4*13,64*16*3
85,1000,2110,0,0,0.7693,0.88465,65,25*4*2,64*8*1
86,1995,4864,1,0,0.832105,0.916053,86,25*4*5,64*16*1
87,2512,6328,0,0,0.91875,0.959375,90,25*4*6,64*8*3
88,6310,13322,0,0,0.729453,0.864727,107,25*4*13,64*16*3
89,2512,6328,0,0,0.91875,0.959375,90,25*4*6,64*8*3
90,1000,2110,0,0,0.7693,0.88465,65,25*4*2,64*8*1
91,316,528,1,0,0.809652,0.904826,23,25*2*1,64*2*1
92,1000,2110,0,0,0.7693,0.88465,65,25*4*2,64*8*1
93,398,789,1,0,0.846859,0.92343,35,25*4*1,64*2*1
94,1000,2111,1,0,0.7693,0.88465,65,25*4*2,64*8*1
95,1259,2709,1,0,0.760882,0.880441,68,25*4*3,64*8*1
96,631,1055,0,0,0.662837,0.831418,45,25*4*1,64*4*1
97,501,1056,1,0,0.83483,0.917415,41,25*4*1,64*4*1
98,2512,6328,0,0,0.91875,0.959375,90,25*4*6,64*8*3
99,1995,4864,0,0,0.832105,0.916053,86,25*4*5,64*16*1
100,1995,4864,1,0,0.832105,0.916053,86,25*4*5,64*16*1
101,1995,4864,1,0,0.832105,0.916053,86,25*4*5,64*16*1
102,3162,7707,0,0,0.871015,0.935508,97,25*4*7,64*16*2
103,3162,7707,1,0,0.871015,0.935508,97,25*4*7,64*16*2
104,2512,6328,0,0,0.91875,0.959375,90,25*4*6,64*8*3
105,15849,13322,0,0,0.290419,0.645209,107,25*4*13,64*16*3
106,15849,13322,1,0,0.290419,0.645209,107,25*4*13,64*16*3
107,19953,13322,1,0,0.230685,0.615342,107,25*4*13,64*16*3
108,5012,13323,1,0,0.918366,0.959183,107,25*4*13,64*16*3
109,5012,13322,1,0,0.918366,0.959183,107,25*4*13,64*16*3
110,15849,13322,1,0,0.290419,0.645209,107,25*4*13,64*16*3
111,6310,13323,1,0,0.729453,0.864727,107,25*4*13,64*16*3
112,6310,13322,1,0,0.729453,0.864727,107,25*4*13,64*16*3
113,6310,13322,1,0,0.729453,0.864727,107,25*4*13,64*16*3
114,15849,13322,1,0,0.290419,0.645209,107,25*4*13,64*16*3
115,15849,13323,1,0,0.290419,0.645209,107,25*4*13,64*16*3
116,10000,13322,1,0,0.460285,0.730143,107,25*4*13,64*16*3
117,7943,13323,1,0,0.579485,0.789743,107,25*4*13,64*16*3
118,15849,13322,1,0,0.290419,0.645209,107,25*4*13,64*16*3
119,7943,13322,1,0,0.579485,0.789743,107,25*4*13,64*16*3
120,12589,13323,1,0,0.365625,0.682812,107,25*4*13,64*16*3
121,7943,13322,1,0,0.579485,0.789743,107,25*4*13,64*16*3
122,7943,13322,1,0,0.579485,0.789743,107,25*4*13,64*16*3
123,7943,13322,1,0,0.579485,0.789743,107,25*4*13,64*16*3
124,7943,13323,1,0,0.579485,0.789743,107,25*4*13,64*16*3
125,7943,13322,1,0,0.579485,0.789743,107,25*4*13,64*16*3
126,10000,13323,1,0,0.460285,0.730143,107,25*4*13,64*16*3
127,6310,13322,1,0,0.729453,0.864727,107,25*4*13,64*16*3
128,7943,13322,1,0,0.579485,0.789743,107,25*4*13,64*16*3
129,6310,13322,1,0,0.729453,0.864727,107,25*4*13,64*16*3
130,5012,13323,1,0,0.918366,0.959183,107,25*4*13,64*16*3
131,1995,4864,0,0,0.832105,0.916053,86,25*4*5,64*16*1
132,1585,4220,0,0,0.928328,0.964164,83,25*4*4,64*16*1
133,1995,4864,0,0,0.832105,0.916053,86,25*4*5,64*16*1
134,2512,6328,0,0,0.91875,0.959375,90,25*4*6,64*8*3
135,5012,13322,0,0,0.918366,0.959183,107,25*4*13,64*16*3
136,5012,13322,1,0,0.918366,0.959183,107,25*4*13,64*16*3
137,19953,13322,1,0,0.230685,0.615342,107,25*4*13,64*16*3
138,3162,7707,0,0,0.871015,0.935508,97,25*4*7,64*16*2
139,6310,13322,0,0,0.729453,0.864727,107,25*4*13,64*16*3
140,19953,13322,1,0,0.230685,0.615342,107,25*4*13,64*16*3
141,12589,13322,1,0,0.365625,0.682812,107,25*4*13,64*16*3
142,12589,13323,1,0,0.365625,0.682812,107,25*4*13,64*16*3
143,6310,13322,1,0,0.729453,0.864727,107,25*4*13,64*16*3
144,12589,13322,1,0,0.365625,0.682812,107,25*4*13,64*16*3
145,12589,13323,1,0,0.365625,0.682812,107,25*4*13,64*16*3
146,7943,13322,1,0,0.579485,0.789743,107,25*4*13,64*16*3
147,1995,4864,0,0,0.832105,0.916053,86,25*4*5,64*16*1
148,501,1055,0,0,0.83483,0.917415,41,25*4*1,64*4*1
149,251,395,1,0,0.85757,0.928785,18,25*2*1,64*1*1
150,13,0,0,0,0,0,0,1*1*1,1*1*1
151,126,56,0,0,0.819444,0.909722,4,5*1*1,16*1*1
152,126,57,1,0,0.819444,0.909722,4,5*1*1,16*1*1
153,158,197,0,0,0.892722,0.946361,5,25*1*1,32*1*1
154,251,395,1,0,0.85757,0.928785,18,25*2*1,64*1*1
155,398,789,1,0,0.846859,0.92343,35,25*4*1,64*2*1
156,200,197,0,0,0.70525,0.852625,14,25*1*1,32*1*1
157,251,395,1,0,0.85757,0.928785,18,25*2*1,64*1*1
158,1000,2110,0,0,0.7693,0.88465,65,25*4*2,64*8*1
159,1585,4221,1,0,0.928328,0.964164,83,25*4*4,64*16*1
160,1995,4864,0,0,0.832105,0.916053,86,25*4*5,64*16*1
161,3981,9721,0,0,0.833986,0.916993,101,25*4*10,64*16*2
162,5012,13322,0,0,0.918366,0.959183,107,25*4*13,64*16*3
163,6310,13322,1,0,0.729453,0.864727,107,25*4*13,64*16*3
164,3981,9721,0,0,0.833986,0.916993,101,25*4*10,64*16*2
165,1585,4220,0,0,0.928328,0.964164,83,25*4*4,64*16*1
166,1995,4864,0,0,0.832105,0.916053,86,25*4*5,64*16*1
167,631,1055,0,0,0.662837,0.831418,45,25*4*1,64*4*1
168,1585,4220,0,0,0.928328,0.964164,83,25*4*4,64*16*1
169,100,43,0,0,0.9485,0.97425,3,5*1*1,8*1*1
170,63,0,0,0,0,0,0,1*1*1,1*1*1
171,794,2110,0,0,0.968892,0.984446,60,25*4*2,64*8*1
172,32,0,0,0,0,0,0,1*1*1,1*1*1
173,32,0,0,0,0,0,0,1*1*1,1*1*1
174,200,197,0,0,0.70525,0.852625,14,25*1*1,32*1*1
175,40,0,0,0,0,0,0,1*1*1,1*1*1
176,158,198,1,0,0.892722,0.946361,5,25*1*1,32*1*1
177,158,197,1,0,0.892722,0.946361,5,25*1*1,32*1*1
178,316,527,0,0,0.809652,0.904826,23,25*2*1,64*2*1
179,316,528,1,0,0.809652,0.904826,23,25*2*1,64*2*1
180,251,395,1,0,0.85757,0.928785,18,25*2*1,64*1*1
181,100,43,0,0,0.9485,0.97425,3,5*1*1,8*1*1
182,251,394,0,0,0.85757,0.928785,18,25*2*1,64*1*1
183,794,2111,1,0,0.968892,0.984446,60,25*4*2,64*8*1
184,3162,7707,0,0,0.871015,0.935508,97,25*4*7,64*16*2
185,5012,13322,0,0,0.918366,0.959183,107,25*4*13,64*16*3
186,5012,13322,1,0,0.918366,0.959183,107,25*4*13,64*16*3
187,1259,2708,0,0,0.760882,0.880441,68,25*4*3,64*8*1
188,15849,13322,0,0,0.290419,0.645209,107,25*4*13,64*16*3
189,1995,4864,0,0,0.832105,0.916053,86,25*4*5,64*16*1
190,19953,13322,0,0,0.230685,0.615342,107,25*4*13,64*16*3
191,2512,6328,0,0,0.91875,0.959375,90,25*4*6,64*8*3
192,2512,6329,1,0,0.91875,0.959375,90,25*4*6,64*8*3
193,3162,7707,0,0,0.871015,0.935508,97,25*4*7,64*16*2
194,3981,9721,0,0,0.833986,0.916993,101,25*4*10,64*16*2
195,3162,7707,0,0,0.871015,0.935508,97,25*4*7,64*16*2
196,3162,7707,1,0,0.871015,0.935508,97,25*4*7,64*16*2
197,1995,4864,0,0,0.832105,0.916053,86,25*4*5,64*16*1
198,3981,9721,0,0,0.833986,0.916993,101,25*4*10,64*16*2
199,3981,9721,1,0,0.833986,0.916993,101,25*4*10,64*16*2
200,3162,7707,0,0,0.871015,0.935508,97,25*4*7,64*16*2
201,2512,6328,0,0,0.91875,0.959375,90,25*4*6,64*8*3
202,5012,13322,0,0,0.918366,0.959183,107,25*4*13,64*16*3
203,3981,9721,0,0,0.833986,0.916993,101,25*4*10,64*16*2
204,3981,9721,1,0,0.833986,0.916993,101,25*4*10,64*16*2
205,2512,6328,0,0,0.91875,0.959375,90,25*4*6,64*8*3
206,1995,4864,0,0,0.832105,0.916053,86,25*4*5,64*16*1
207,3162,7707,0,0,0.871015,0.935508,97,25*4*7,64*16*2
208,3981,9721,0,0,0.833986,0.916993,101,25*4*10,64*16*2
209,3981,9721,1,0,0.833986,0.916993,101,25*4*10,64*16*2
210,2512,6328,0,0,0.91875,0.959375,90,25*4*6,64*8*3
211,3981,9721,0,0,0.833986,0.916993,101,25*4*10,64*16*2
212,6310,13322,0,0,0.729453,0.864727,107,25*4*13,64*16*3
213,5012,13322,1,0,0.918366,0.959183,107,25*4*13,64*16*3
214,5012,13322,1,0,0.918366,0.959183,107,25*4*13,64*16*3
215,2512,6329,1,0,0.91875,0.959375,90,25*4*6,64*8*3
216,1585,4220,0,0,0.928328,0.964164,83,25*4*4,64*16*1
217,316,527,0,0,0.809652,0.904826,23,25*2*1,64*2*1
218,1995,4864,1,0,0.832105,0.916053,86,25*4*5,64*16*1
219,158,197,0,0,0.892722,0.946361,5,25*1*1,32*1*1
220,50,0,0,0,0,0,0,1*1*1,1*1*1
221,40,0,0,0,0,0,0,1*1*1,1*1*1
222,158,198,1,0,0.892722,0.946361,5,25*1*1,32*1*1
223,631,1055,1,0,0.662837,0.831418,45,25*4*1,64*4*1
224,1259,2709,1,0,0.760882,0.880441,68,25*4*3,64*8*1
225,631,1055,0,0,0.662837,0.831418,45,25*4*1,64*4*1
226,1995,4864,0,0,0.832105,0.916053,86,25*4*5,64*16*1
227,1259,2708,0,0,0.760882,0.880441,68,25*4*3,64*8*1
228,1000,2110,0,0,0.7693,0.88465,65,25*4*2,64*8*1
229,200,197,0,0,0.70525,0.852625,14,25*1*1,32*1*1
230,398,789,1,0,0.846859,0.92343,35,25*4*1,64*2*1
231,794,2111,1,0,0.968892,0.984446,60,25*4*2,64*8*1
232,126,56,0,0,0.819444,0.909722,4,5*1*1,16*1*1
233,501,1055,0,0,0.83483,0.917415,41,25*4*1,64*4*1
234,63,0,0,0,0,0,0,1*1*1,1*1*1
235,316,528,1,0,0.809652,0.904826,23,25*2*1,64*2*1
236,32,0,0,0,0,0,0,1*1*1,1*1*1
237,25,0,0,0,0,0,0,1*1*1,1*1*1
238,32,0,0,0,0,0,0,1*1*1,1*1*1
239,40,0,0,0,0,0,0,1*1*1,1*1*1
240,50,0,0,0,0,0,0,1*1*1,1*1*1
241,40,0,0,0,0,0,0,1*1*1,1*1*1
242,79,0,0,0,0,0,0,1*1*1,1*1*1
243,100,43,0,0,0.9485,0.97425,3,5*1*1,8*1*1
244,1000,2110,0,0,0.7693,0.88465,65,25*4*2,64*8*1
245,501,1056,1,0,0.83483,0.917415,41,25*4*1,64*4*1
246,158,198,1,0,0.892722,0.946361,5,25*1*1,32*1*1
247,1000,2110,0,0,0.7693,0.88465,65,25*4*2,64*8*1
248,2512,6328,0,0,0.91875,0.959375,90,25*4*6,64*8*3
249,1585,4220,0,0,0.928328,0.964164,83,25*4*4,64*16*1
250,3162,7707,0,0,0.871015,0.935508,97,25*4*7,64*16*2
251,15849,13322,0,0,0.290419,0.645209,107,25*4*13,64*16*3
252,19953,13322,1,0,0.230685,0.615342,107,25*4*13,64*16*3
253,15849,13322,1,0,0.290419,0.645209,107,25*4*13,64*16*3
254,15849,13323,1,0,0.290419,0.645209,107,25*4*13,64*16*3
255,19953,13322,1,0,0.230685,0.615342,107,25*4*13,64*16*3
256,12589,13322,1,0,0.365625,0.682812,107,25*4*13,64*16*3
257,15849,13323,1,0,0.290419,0.645209,107,25*4*13,64*16*3
258,25119,13322,1,0,0.183242,0.591621,107,25*4*13,64*16*3
259,19953,13322,1,0,0.230685,0.615342,107,25*4*13,64*16*3
260,15849,13322,1,0,0.290419,0.645209,107,25*4*13,64*16*3
261,15849,13323,1,0,0.290419,0.645209,107,25*4*13,64*16*3
262,15849,13322,1,0,0.290419,0.645209,107,25*4*13,64*16*3
263,19953,13323,1,0,0.230685,0.615342,107,25*4*13,64*16*3
264,10000,13322,1,0,0.460285,0.730143,107,25*4*13,64*16*3
265,19953,13322,1,0,0.230685,0.615342,107,25*4*13,64*16*3
266,25119,13323,1,0,0.183242,0.591621,107,25*4*13,64*16*3
267,15849,13322,1,0,0.290419,0.645209,107,25*4*13,64*16*3
268,12589,13322,1,0,0.365625,0.682812,107,25*4*13,64*16*3
269,15849,13322,1,0,0.290419,0.645209,107,25*4*13,64*16*3
270,25119,13323,1,0,0.183242,0.591621,107,25*4*13,64*16*3
271,19953,13322,1,0,0.230685,0.615342,107,25*4*13,64*16*3
272,25119,13323,1,0,0.183242,0.591621,107,25*4*13,64*16*3
273,12589,13322,1,0,0.365625,0.682812,107,25*4*13,64*16*3
274,12589,13322,1,0,0.365625,0.682812,107,25*4*13,64*16*3
275,12589,13322,1,0,0.365625,0.682812,107,25*4*13,64*16*3
276,15849,13323,1,0,0.290419,0.645209,107,25*4*13,64*16*3
277,12589,13322,1,0,0.365625,0.682812,107,25*4*13,64*16*3
278,12589,13322,1,0,0.365625,0.682812,107,25*4*13,64*16*3
279,15849,13323,1,0,0.290419,0.645209,107,25*4*13,64*16*3
280,12589,13322,1,0,0.365625,0.682812,107,25*4*13,64*16*3
281,10000,13322,1,0,0.460285,0.730143,107,25*4*13,64*16*3
282,12589,13322,1,0,0.365625,0.682812,107,25*4*13,64*16*3
283,15849,13323,1,0,0.290419,0.645209,107,25*4*13,64*16*3
284,15849,13322,1,0,0.290419,0.645209,107,25*4*13,64*16*3
285,5012,13322,1,0,0.918366,0.959183,107,25*4*13,64*16*3
286,15849,13323,1,0,0.290419,0.645209,107,25*4*13,64*16*3
287,3981,9721,0,0,0.833986,0.916993,101,25*4*10,64*16*2
288,100,43,0,0,0.9485,0.97425,3,5*1*1,8*1*1
289,100,44,1,0,0.9485,0.97425,3,5*1*1,8*1*1
290,251,394,0,0,0.85757,0.928785,18,25*2*1,64*1*1
291,251,395,1,0,0.85757,0.928785,18,25*2*1,64*1*1
292,200,197,1,0,0.70525,0.852625,14,25*1*1,32*1*1
293,316,527,0,0,0.809652,0.904826,23,25*2*1,64*2*1
294,1995,4864,1,0,0.832105,0.916053,86,25*4*5,64*16*1
295,794,2111,1,0,0.968892,0.984446,60,25*4*2,64*8*1
296,10000,13322,0,0,0.460285,0.730143,107,25*4*13,64*16*3
297,1585,4220,0,0,0.928328,0.964164,83,25*4*4,64*16*1
298,19953,13322,0,0,0.230685,0.615342,107,25*4*13,64*16*3
299,19953,13322,1,0,0.230685,0.615342,107,25*4*13,64*16*3
300,12589,13322,1,0,0.365625,0.682812,107,25*4*13,64*16*3
301,2044.85,4864,0,0,0.81182,0.90591,87,25*4*5,64*16*1
302,7447.83,13322,0,0,0.618012,0.809006,107,25*4*13,64*16*3
303,16229.5,13322,1,0,0.28361,0.641805,107,25*4*13,64*16*3
304,16031,13322,1,0,0.287122,0.643561,107,25*4*13,64*16*3
305,19606.3,13323,1,0,0.234764,0.617382,107,25*4*13,64*16*3
306,11840.3,13322,1,0,0.388744,0.694372,107,25*4*13,64*16*3
307,1585.21,4220,0,0,0.928205,0.964103,83,25*4*4,64*16*1
308,812.947,2110,0,0,0.94631,0.973155,60,25*4*2,64*8*1
309,406.541,789,1,0,0.829068,0.914534,35,25*4*1,64*2*1
310,0,0,0,0,0,0,0,1*1*1,1*1*1
311,1090.61,2433,1,0,0.852046,0.926023,67,25*2*5,64*8*1
312,0,0,0,0,0,0,0,1*1*1,1*1*1
313,23.8508,0,0,0,0,0,0,1*1*1,1*1*1
314,0,0,0,0,0,0,0,1*1*1,1*1*1
315,100.082,43,0,0,0.947723,0.973861,3,5*1*1,8*1*1
316,0,0,0,0,0,0,0,1*1*1,1*1*1
317,963.866,2110,0,0,0.79814,0.89907,62,25*4*2,64*8*1
318,972.651,2111,1,0,0.790931,0.895466,62,25*4*2,64*8*1
319,1043.4,2111,1,0,0.737301,0.868651,66,25*4*2,64*8*1
320,110.425,43,0,0,0.858954,0.929477,3,5*1*1,8*1*1
321,108.095,44,1,0,0.877469,0.938734,3,5*1*1,8*1*1
322,653.238,1354,0,0,0.844945,0.922472,47,25*2*3,64*4*1
323,0,0,0,0,0,0,0,1*1*1,1*1*1
324,735.417,1355,1,0,0.750527,0.875263,58,25*2*3,64*4*1
325,0,0,0,0,0,0,0,1*1*1,1*1*1
326,463.023,1055,0,0,0.903303,0.951651,39,25*4*1,64*4*1
327,184.966,198,1,0,0.762573,0.881286,12,25*1*1,32*1*1
328,0,0,0,0,0,0,0,1*1*1,1*1*1
329,0,0,0,0,0,0,0,1*1*1,1*1*1
330,188.049,197,1,0,0.75007,0.875035,12,25*1*1,32*1*1
331,347.586,527,0,0,0.736077,0.868038,31,25*2*1,64*2*1
332,0,0,0,0,0,0,0,1*1*1,1*1*1
333,232.819,395,1,0,0.924538,0.962269,17,25*2*1,64*1*1
334,0,0,0,0,0,0,0,1*1*1,1*1*1
335,0,0,0,0,0,0,0,1*1*1,1*1*1
336,373.985,528,1,0,0.684118,0.842059,33,25*2*1,64*2*1
337,0,0,0,0,0,0,0,1*1*1,1*1*1
338,0,0,0,0,0,0,0,1*1*1,1*1*1
339,0,0,0,0,0,0,0,1*1*1,1*1*1
340,246.768,395,1,0,0.872277,0.936138,17,25*2*1,64*1*1
341,70.5241,0,0,0,0,0,0,1*1*1,1*1*1
342,104.083,43,0,0,0.911292,0.955646,3,5*1*1,8*1*1
343,65.7229,0,0,0,0,0,0,1*1*1,1*1*1
344,0,0,0,0,0,0,0,1*1*1,1*1*1
345,24.8078,0,0,0,0,0,0,1*1*1,1*1*1
346,38.2118,0,0,0,0,0,0,1*1*1,1*1*1
347,0,0,0,0,0,0,0,1*1*1,1*1*1
348,0,0,0,0,0,0,0,1*1*1,1*1*1
349,0,0,0,0,0,0,0,1*1*1,1*1*1
350,1233.26,2708,0,0,0.776762,0.888381,68,25*4*3,64*8*1
351,1162.73,2432,0,0,0.799197,0.899598,67,25*2*5,64*8*1
352,175.803,197,0,0,0.802319,0.901159,10,25*1*1,32*1*1
353,0,0,0,0,0,0,0,1*1*1,1*1*1
354,0,0,0,0,0,0,0,1*1*1,1*1*1
355,745.338,1354,0,0,0.740537,0.870268,58,25*2*3,64*4*1
356,0,0,0,0,0,0,0,1*1*1,1*1*1
357,0,0,0,0,0,0,0,1*1*1,1*1*1
358,733.242,1355,1,0,0.752753,0.876376,58,25*2*3,64*4*1
359,813.3,2110,0,0,0.945899,0.97295,60,25*4*2,64*8*1
360,2942.07,7707,0,0,0.936127,0.968063,97,25*4*7,64*16*2
361,5289.4,13322,0,0,0.870203,0.935101,107,25*4*13,64*16*3
362,15882.5,13322,1,0,0.289806,0.644903,107,25*4*13,64*16*3
363,6489.78,13322,1,0,0.709246,0.854623,107,25*4*13,64*16*3
364,15244.4,13323,1,0,0.301937,0.650969,107,25*4*13,64*16*3
365,520.352,1055,0,0,0.803783,0.901891,42,25*4*1,64*4*1
366,9757.18,13322,0,0,0.47174,0.73587,107,25*4*13,64*16*3
367,7782.69,13322,1,0,0.591421,0.795711,107,25*4*13,64*16*3
368,2152.78,4864,0,0,0.771119,0.88556,89,25*4*5,64*16*1
369,15285.5,13322,0,0,0.301125,0.650563,107,25*4*13,64*16*3
370,2298.73,4864,0,0,0.72216,0.86108,89,25*4*5,64*16*1
371,19898.9,13322,0,0,0.231312,0.615656,107,25*4*13,64*16*3
372,13455.6,13322,1,0,0.342077,0.671038,107,25*4*13,64*16*3
373,3773.72,7707,0,0,0.729824,0.864912,97,25*4*7,64*16*2
374,3567.45,7707,1,0,0.772022,0.886011,97,25*4*7,64*16*2
375,3569.43,7707,1,0,0.771594,0.885797,97,25*4*7,64*16*2
376,2094.36,4864,0,0,0.792629,0.896314,88,25*4*5,64*16*1
377,3244.73,7707,0,0,0.848807,0.924404,97,25*4*7,64*16*2
378,970.046,2110,0,0,0.793055,0.896528,62,25*4*2,64*8*1
379,606.424,1056,1,0,0.689699,0.844849,45,25*4*1,64*4*1
380,1644.75,4220,0,0,0.894604,0.947302,83,25*4*4,64*16*1
381,3080.19,7707,0,0,0.894149,0.947075,97,25*4*7,64*16*2
382,2843.89,6989,1,0,0.877864,0.938932,96,25*4*7,64*8*3
383,3857.48,7707,1,0,0.713976,0.856988,97,25*4*7,64*16*2
384,14006.3,13322,0,0,0.328627,0.664314,107,25*4*13,64*16*3
385,763.655,1354,0,0,0.722774,0.861387,58,25*2*3,64*4*1
386,2161.55,4864,0,0,0.767991,0.883995,89,25*4*5,64*16*1
387,1655.09,4220,0,0,0.889015,0.944508,83,25*4*4,64*16*1
388,5958.59,13322,0,0,0.772473,0.886237,107,25*4*13,64*16*3
389,2606.48,6328,0,0,0.885447,0.942724,91,25*4*6,64*8*3
390,848.815,2110,0,0,0.906322,0.953161,60,25*4*2,64*8*1
391,0,0,0,0,0,0,0,1*1*1,1*1*1
392,657.127,1355,1,0,0.839944,0.919972,49,25*2*3,64*4*1
393,617.724,1055,0,0,0.677082,0.838541,45,25*4*1,64*4*1
394,1445.57,3457,0,0,0.887366,0.943683,82,25*4*3,64*16*1
395,1794.68,4220,0,0,0.819868,0.909934,83,25*4*4,64*16*1
396,579.103,1055,0,0,0.722238,0.861119,43,25*4*1,64*4*1
397,331.65,528,1,0,0.771446,0.885723,26,25*2*1,64*2*1
398,2779.05,6988,0,0,0.898347,0.949173,96,25*4*7,64*8*3
399,2819.65,6989,1,0,0.885411,0.942706,96,25*4*7,64*8*3
400,1231.87,2708,0,0,0.777639,0.888819,68,25*4*3,64*8*1
401,1126.27,2432,0,0,0.825069,0.912534,67,25*2*5,64*8*1
402,3151.52,7707,0,0,0.873912,0.936956,97,25*4*7,64*16*2
403,3593.87,7707,1,0,0.766347,0.883173,97,25*4*7,64*16*2
404,3199.29,7707,1,0,0.860863,0.930431,97,25*4*7,64*16*2
405,16034.8,13322,0,0,0.287054,0.643527,107,25*4*13,64*16*3
406,15651.2,13322,1,0,0.294089,0.647045,107,25*4*13,64*16*3
407,20882.6,13322,1,0,0.220416,0.610208,107,25*4*13,64*16*3
408,4874.17,12645,1,0,0.905631,0.952816,106,25*4*12,64*16*3
409,4816.72,12645,1,0,0.916433,0.958216,106,25*4*12,64*16*3
410,15871.8,13322,0,0,0.290002,0.645001,107,25*4*13,64*16*3
411,6490.76,13322,1,0,0.709139,0.854569,107,25*4*13,64*16*3
412,6071.56,13322,1,0,0.7581,0.87905,107,25*4*13,64*16*3
413,6969.86,13323,1,0,0.660393,0.830197,107,25*4*13,64*16*3
414,14799.6,13322,1,0,0.311012,0.655506,107,25*4*13,64*16*3
415,15587.7,13322,1,0,0.295287,0.647644,107,25*4*13,64*16*3
416,11302.9,13323,1,0,0.407227,0.703614,107,25*4*13,64*16*3
417,8356.07,13322,1,0,0.550839,0.77542,107,25*4*13,64*16*3
418,14989.2,13322,1,0,0.307078,0.653539,107,25*4*13,64*16*3
419,7215.16,13322,1,0,0.637942,0.818971,107,25*4*13,64*16*3
420,12681.5,13323,1,0,0.362958,0.681479,107,25*4*13,64*16*3
421,7904.85,13322,1,0,0.582282,0.791141,107,25*4*13,64*16*3
422,8218.82,13323,1,0,0.560038,0.780019,107,25*4*13,64*16*3
423,6785.64,13322,1,0,0.678322,0.839161,107,25*4*13,64*16*3
424,8958.65,13322,1,0,0.513788,0.756894,107,25*4*13,64*16*3
425,8079.77,13323,1,0,0.569676,0.784838,107,25*4*13,64*16*3
426,10357.1,13322,1,0,0.444415,0.722207,107,25*4*13,64*16*3
427,7140.9,13322,1,0,0.644576,0.822288,107,25*4*13,64*16*3
428,8168.07,13322,1,0,0.563517,0.781759,107,25*4*13,64*16*3
429,5820.2,13323,1,0,0.790841,0.89542,107,25*4*13,64*16*3
430,6095.89,13322,1,0,0.755074,0.877537,107,25*4*13,64*16*3
431,2588.72,6328,0,0,0.891522,0.945761,90,25*4*6,64*8*3
432,719.874,1354,0,0,0.766731,0.883366,58,25*2*3,64*4*1
433,2220.3,4864,0,0,0.747669,0.873835,89,25*4*5,64*16*1
434,2488.53,6328,0,0,0.927415,0.963707,90,25*4*6,64*8*3
435,5105.92,13322,0,0,0.901473,0.950737,107,25*4*13,64*16*3
436,5092.5,13322,1,0,0.903849,0.951924,107,25*4*13,64*16*3
437,19461.8,13322,1,0,0.236507,0.618253,107,25*4*13,64*16*3
438,3547.38,7707,0,0,0.77639,0.888195,97,25*4*7,64*16*2
439,5710.76,13322,0,0,0.805996,0.902998,107,25*4*13,64*16*3
440,19978.5,13322,1,0,0.23039,0.615195,107,25*4*13,64*16*3
441,12516,13322,1,0,0.367757,0.683879,107,25*4*13,64*16*3
442,13833.3,13323,1,0,0.332737,0.666368,107,25*4*13,64*16*3
443,6493.1,13322,1,0,0.708883,0.854442,107,25*4*13,64*16*3
444,12746.5,13322,1,0,0.361107,0.680553,107,25*4*13,64*16*3
445,12118,13323,1,0,0.379836,0.689918,107,25*4*13,64*16*3
446,7530.64,13322,1,0,0.611216,0.805608,107,25*4*13,64*16*3
447,1941.34,4220,0,0,0.75793,0.878965,83,25*4*4,64*16*1
448,1030.02,2110,0,0,0.746879,0.873439,66,25*4*2,64*8*1
449,0,0,0,0,0,0,0,1*1*1,1*1*1
450,0,0,0,0,0,0,0,1*1*1,1*1*1
451,0,0,0,0,0,0,0,1*1*1,1*1*1
452,819.263,2111,1,0,0.939015,0.969507,60,25*4*2,64*8*1
453,111.896,43,0,0,0.847662,0.923831,3,5*1*1,8*1*1
454,879.064,2110,0,0,0.875135,0.937568,60,25*4*2,64*8*1
455,863.991,2111,1,0,0.890403,0.945201,60,25*4*2,64*8*1
456,403.186,789,0,0,0.835967,0.917983,35,25*4*1,64*2*1
457,0,0,0,0,0,0,0,1*1*1,1*1*1
458,717.659,1354,0,0,0.769098,0.884549,58,25*2*3,64*4*1
459,1193.27,2709,1,0,0.802794,0.901397,68,25*4*3,64*8*1
460,2375.02,6328,0,0,0.971739,0.98587,90,25*4*6,64*8*3
461,4532.79,12644,0,0,0.973837,0.986919,106,25*4*12,64*16*3
462,5264.37,13323,1,0,0.87434,0.93717,107,25*4*13,64*16*3
463,7623.02,13322,1,0,0.603809,0.801905,107,25*4*13,64*16*3
464,4279.81,9721,0,0,0.775759,0.887879,103,25*4*10,64*16*2
465,1883.51,4220,0,0,0.781201,0.890601,83,25*4*4,64*16*1
466,1952.12,4220,1,0,0.753745,0.876872,83,25*4*4,64*16*1
467,237.952,395,1,0,0.904594,0.952297,17,25*2*1,64*1*1
468,2153.32,4864,0,0,0.770926,0.885463,89,25*4*5,64*16*1
469,0,0,0,0,0,0,0,1*1*1,1*1*1
470,753,1354,0,0,0.733001,0.866501,58,25*2*3,64*4*1
471,1403.91,3166,1,0,0.893754,0.946877,80,25*4*3,64*4*3
472,372.158,527,0,0,0.687477,0.843738,33,25*2*1,64*2*1
473,0,0,0,0,0,0,0,1*1*1,1*1*1
474,0,0,0,0,0,0,0,1*1*1,1*1*1
475,993.313,2111,1,0,0.774479,0.887239,64,25*4*2,64*8*1
476,0,0,0,0,0,0,0,1*1*1,1*1*1
477,261.629,394,0,0,0.82273,0.911365,19,25*2*1,64*1*1
478,0,0,0,0,0,0,0,1*1*1,1*1*1
479,113.347,43,0,0,0.836811,0.918405,3,5*1*1,8*1*1
480,0,0,0,0,0,0,0,1*1*1,1*1*1
481,0,0,0,0,0,0,0,1*1*1,1*1*1
482,0,0,0,0,0,0,0,1*1*1,1*1*1
483,141.167,56,0,0,0.731403,0.865702,4,5*1*1,16*1*1
484,3623.2,7707,0,0,0.760143,0.880071,97,25*4*7,64*16*2
485,5046.18,13322,0,0,0.912145,0.956073,107,25*4*13,64*16*3
486,4281.59,9721,0,0,0.775436,0.887718,103,25*4*10,64*16*2
487,2147.37,4864,0,0,0.773062,0.886531,88,25*4*5,64*16*1
488,16772.1,13322,0,0,0.274435,0.637217,107,25*4*13,64*16*3
489,1965.63,4864,0,0,0.844538,0.922269,85,25*4*5,64*16*1
490,20052.9,13322,0,0,0.229535,0.614768,107,25*4*13,64*16*3
491,2192.39,4864,0,0,0.757187,0.878594,89,25*4*5,64*16*1
492,2152.36,4864,1,0,0.77127,0.885635,89,25*4*5,64*16*1
493,3857.02,7707,0,0,0.714062,0.857031,97,25*4*7,64*16*2
494,3786.31,7707,1,0,0.727397,0.863698,97,25*4*7,64*16*2
495,3080.01,7707,1,0,0.894202,0.947101,97,25*4*7,64*16*2
496,2977.2,7708,1,0,0.925081,0.96254,97,25*4*7,64*16*2
497,1479.29,3457,0,0,0.867139,0.933569,82,25*4*3,64*16*1
498,3155,7707,0,0,0.872948,0.936474,97,25*4*7,64*16*2
499,3516.86,7707,1,0,0.783128,0.891564,97,25*4*7,64*16*2
500,3120.8,7707,1,0,0.882514,0.941257,97,25*4*7,64*16*2
501,2223.46,4864,0,0,0.746607,0.873303,89,25*4*5,64*16*1
502,5856.81,13322,0,0,0.785897,0.892949,107,25*4*13,64*16*3
503,4095.87,9721,0,0,0.810597,0.905299,102,25*4*10,64*16*2
504,3793.35,7707,0,0,0.726047,0.863023,97,25*4*7,64*16*2
505,2562.19,6328,0,0,0.900753,0.950376,90,25*4*6,64*8*3
506,1155.36,2432,0,0,0.804295,0.902147,67,25*2*5,64*8*1
507,3328.22,7707,0,0,0.827514,0.913757,97,25*4*7,64*16*2
508,3543.28,7707,1,0,0.777288,0.888644,97,25*4*7,64*16*2
509,3289.89,7707,1,0,0.837156,0.918578,97,25*4*7,64*16*2
510,1890.51,4220,0,0,0.778308,0.889154,83,25*4*4,64*16*1
511,3972.31,9721,0,0,0.835811,0.917905,101,25*4*10,64*16*2
512,7247.81,13322,0,0,0.635068,0.817534,107,25*4*13,64*16*3
513,4096.66,9721,0,0,0.810441,0.90522,102,25*4*10,64*16*2
514,5081.82,13322,0,0,0.905748,0.952874,107,25*4*13,64*16*3
515,2647.21,6328,0,0,0.871824,0.935912,94,25*4*6,64*8*3
516,1557.41,3457,0,0,0.823643,0.911822,82,25*4*3,64*16*1
517,1009.16,2110,0,0,0.762317,0.881159,65,25*4*2,64*8*1
518,2412.77,6328,0,0,0.956535,0.978268,90,25*4*6,64*8*3
519,93.3607,12,0,0,0.925978,0.962989,2,1*1*1,4*1*1
520,0,0,0,0,0,0,0,1*1*1,1*1*1
521,507.135,1055,0,0,0.824731,0.912366,41,25*4*1,64*4*1
522,802.016,2110,0,0,0.959208,0.979604,60,25*4*2,64*8*1
523,275.591,395,1,0,0.781049,0.890524,20,25*2*1,64*1*1
524,545.093,1056,1,0,0.7673,0.88365,43,25*4*1,64*4*1
525,485.447,1056,1,0,0.861577,0.930789,39,25*4*1,64*4*1
526,2505.42,6328,0,0,0.921163,0.960581,90,25*4*6,64*8*3
527,1150.4,2432,0,0,0.807763,0.903881,67,25*2*5,64*8*1
528,1817.18,4221,1,0,0.809716,0.904858,83,25*4*4,64*16*1
529,623.922,1055,0,0,0.670356,0.835178,45,25*4*1,64*4*1
530,745.277,1354,0,0,0.740597,0.870299,58,25*2*3,64*4*1
531,1031.43,2110,0,0,0.745858,0.872929,66,25*4*2,64*8*1
532,0,0,0,0,0,0,0,1*1*1,1*1*1
533,0,0,0,0,0,0,0,1*1*1,1*1*1
534,845.54,2111,1,0,0.909833,0.954916,60,25*4*2,64*8*1
535,0,0,0,0,0,0,0,1*1*1,1*1*1
536,0,0,0,0,0,0,0,1*1*1,1*1*1
537,523.027,1055,0,0,0.799672,0.899836,42,25*4*1,64*4*1
538,0,0,0,0,0,0,0,1*1*1,1*1*1
539,0,0,0,0,0,0,0,1*1*1,1*1*1
540,730.22,1354,0,0,0.755868,0.877934,58,25*2*3,64*4*1
541,98.8366,43,0,0,0.959665,0.979832,3,5*1*1,8*1*1
542,454.655,789,0,0,0.741331,0.870666,37,25*4*1,64*2*1
543,0,0,0,0,0,0,0,1*1*1,1*1*1
544,992.296,2110,0,0,0.775273,0.887636,64,25*4*2,64*8*1
545,561.466,1056,1,0,0.744925,0.872462,43,25*4*1,64*4*1
546,147.639,56,0,0,0.699341,0.84967,4,5*1*1,16*1*1
547,721.382,1354,0,0,0.765129,0.882564,58,25*2*3,64*4*1
548,2910.05,7707,0,0,0.946427,0.973214,97,25*4*7,64*16*2
549,2008.95,4864,0,0,0.826327,0.913164,87,25*4*5,64*16*1
550,3186.21,7707,0,0,0.864397,0.932198,97,25*4*7,64*16*2
551,14902.6,13322,0,0,0.308862,0.654431,107,25*4*13,64*16*3
552,18531.8,13322,1,0,0.248376,0.624188,107,25*4*13,64*16*3
553,15678,13322,1,0,0.293587,0.646793,107,25*4*13,64*16*3
554,15312.7,13323,1,0,0.30059,0.650295,107,25*4*13,64*16*3
555,19826,13322,1,0,0.232162,0.616081,107,25*4*13,64*16*3
556,12500.8,13322,1,0,0.368204,0.684102,107,25*4*13,64*16*3
557,16337.7,13323,1,0,0.281732,0.640866,107,25*4*13,64*16*3
558,25080.4,13322,1,0,0.183524,0.591762,107,25*4*13,64*16*3
559,19966.7,13322,1,0,0.230526,0.615263,107,25*4*13,64*16*3
560,16662.1,13322,1,0,0.276247,0.638123,107,25*4*13,64*16*3
561,15663.7,13323,1,0,0.293855,0.646927,107,25*4*13,64*16*3
562,15278.8,13322,1,0,0.301257,0.650629,107,25*4*13,64*16*3
563,20124.2,13323,1,0,0.228722,0.614361,107,25*4*13,64*16*3
564,9717.11,13322,1,0,0.473685,0.736843,107,25*4*13,64*16*3
565,20155.7,13322,1,0,0.228365,0.614182,107,25*4*13,64*16*3
566,25827.8,13323,1,0,0.178213,0.589107,107,25*4*13,64*16*3
567,15207.9,13322,1,0,0.302662,0.651331,107,25*4*13,64*16*3
568,12499.1,13322,1,0,0.368255,0.684127,107,25*4*13,64*16*3
569,16245.6,13322,1,0,0.283329,0.641665,107,25*4*13,64*16*3
570,25467.4,13323,1,0,0.180735,0.590367,107,25*4*13,64*16*3
571,20024.9,13322,1,0,0.229856,0.614928,107,25*4*13,64*16*3
572,24906.2,13323,1,0,0.184807,0.592404,107,25*4*13,64*16*3
573,11491.1,13322,1,0,0.400558,0.700279,107,25*4*13,64*16*3
574,12659.2,13322,1,0,0.363597,0.681799,107,25*4*13,64*16*3
575,11882.2,13322,1,0,0.387374,0.693687,107,25*4*13,64*16*3
576,16406.9,13323,1,0,0.280544,0.640272,107,25*4*13,64*16*3
577,12472.9,13322,1,0,0.369028,0.684514,107,25*4*13,64*16*3
578,12402.6,13322,1,0,0.37112,0.68556,107,25*4*13,64*16*3
579,15424,13323,1,0,0.298421,0.649211,107,25*4*13,64*16*3
580,12475.8,13322,1,0,0.368942,0.684471,107,25*4*13,64*16*3
581,10703.1,13322,1,0,0.430048,0.715024,107,25*4*13,64*16*3
582,12637.8,13322,1,0,0.364213,0.682106,107,25*4*13,64*16*3
583,14624.2,13323,1,0,0.314742,0.657371,107,25*4*13,64*16*3
584,15685.5,13322,1,0,0.293446,0.646723,107,25*4*13,64*16*3
585,5974.52,13322,1,0,0.770413,0.885207,107,25*4*13,64*16*3
586,15542.2,13323,1,0,0.296152,0.648076,107,25*4*13,64*16*3
587,3401.88,7707,0,0,0.809596,0.904798,97,25*4*7,64*16*2
588,980.995,2110,0,0,0.784204,0.892102,63,25*4*2,64*8*1
589,1065.25,2111,1,0,0.722178,0.861089,66,25*4*2,64*8*1
590,0,0,0,0,0,0,0,1*1*1,1*1*1
591,188.671,197,0,0,0.747598,0.873799,12,25*1*1,32*1*1
592,1512.09,3457,0,0,0.848329,0.924165,82,25*4*3,64*16*1
593,362.42,527,0,0,0.705949,0.852974,33,25*2*1,64*2*1
594,2963.62,7707,0,0,0.92932,0.96466,97,25*4*7,64*16*2
595,654.439,1354,0,0,0.843394,0.921697,49,25*2*3,64*4*1
596,9451.85,13322,0,0,0.486979,0.743489,107,25*4*13,64*16*3
597,1692,4220,0,0,0.869622,0.934811,83,25*4*4,64*16*1
598,19757.8,13322,0,0,0.232964,0.616482,107,25*4*13,64*16*3
599,20075.5,13322,1,0,0.229277,0.614638,107,25*4*13,64*16*3
600,13675.4,13322,1,0,0.336579,0.668289,107,25*4*13,64*16*3
601,1730.13,4220,0,0,0.850456,0.925228,83,25*4*4,64*16*1
602,7966.08,13322,0,0,0.577806,0.788903,107,25*4*13,64*16*3
603,15825.7,13322,1,0,0.290847,0.645423,107,25*4*13,64*16*3
604,15897.7,13322,1,0,0.289529,0.644765,107,25*4*13,64*16*3
605,19911.7,13323,1,0,0.231163,0.615582,107,25*4*13,64*16*3
606,12652.9,13322,1,0,0.363778,0.681889,107,25*4*13,64*16*3
607,1601.94,4220,0,0,0.918511,0.959256,83,25*4*4,64*16*1
608,94.5331,12,0,0,0.914494,0.957247,2,1*1*1,4*1*1
609,0,0,0,0,0,0,0,1*1*1,1*1*1
610,0,0,0,0,0,0,0,1*1*1,1*1*1
611,1455.12,3457,0,0,0.881542,0.940771,82,25*4*3,64*16*1
612,284.364,394,0,0,0.756952,0.878476,20,25*2*1,64*1*1
613,0.402026,0,0,0,0,0,0,1*1*1,1*1*1
614,182.042,197,0,0,0.774821,0.887411,12,25*1*1,32*1*1
615,0,0,0,0,0,0,0,1*1*1,1*1*1
616,0,0,0,0,0,0,0,1*1*1,1*1*1
617,964.654,2110,0,0,0.797488,0.898744,62,25*4*2,64*8*1
618,1602.58,4221,1,0,0.918144,0.959072,83,25*4*4,64*16*1
619,1240.22,2708,0,0,0.772403,0.886202,68,25*4*3,64*8*1
620,197.512,197,0,0,0.714134,0.857067,14,25*1*1,32*1*1
621,150.032,198,1,0,0.940133,0.970066,5,25*1*1,32*1*1
622,358.37,528,1,0,0.713927,0.856963,31,25*2*1,64*2*1
623,0,0,0,0,0,0,0,1*1*1,1*1*1
624,244.596,395,1,0,0.880023,0.940011,17,25*2*1,64*1*1
625,0,0,0,0,0,0,0,1*1*1,1*1*1
626,0,0,0,0,0,0,0,1*1*1,1*1*1
627,0,0,0,0,0,0,0,1*1*1,1*1*1
628,168.898,198,1,0,0.835119,0.91756,8,25*1*1,32*1*1
629,76.5802,0,0,0,0,0,0,1*1*1,1*1*1
630,0,0,0,0,0,0,0,1*1*1,1*1*1
631,148.98,197,1,0,0.946771,0.973386,5,25*1*1,32*1*1
632,108.68,43,0,0,0.872746,0.936373,3,5*1*1,8*1*1
633,19.0098,0,0,0,0,0,0,1*1*1,1*1*1
634,43.5193,0,0,0,0,0,0,1*1*1,1*1*1
635,0,0,0,0,0,0,0,1*1*1,1*1*1
636,73.7673,0,0,0,0,0,0,1*1*1,1*1*1
637,116.811,56,0,0,0.883906,0.941953,4,5*1*1,16*1*1
638,199.403,197,0,0,0.707361,0.853681,14,25*1*1,32*1*1
639,176.24,198,1,0,0.800329,0.900165,10,25*1*1,32*1*1
640,60.9284,0,0,0,0,0,0,1*1*1,1*1*1
641,169.895,197,1,0,0.830219,0.915109,8,25*1*1,32*1*1
642,29.8969,0,0,0,0,0,0,1*1*1,1*1*1
643,93.2587,12,0,0,0.926991,0.963496,2,1*1*1,4*1*1
644,118.256,56,0,0,0.873106,0.936553,4,5*1*1,16*1*1
645,1.29984,0,0,0,0,0,0,1*1*1,1*1*1
646,113.373,44,1,0,0.836619,0.918309,3,5*1*1,8*1*1
647,208.895,197,0,0,0.67522,0.83761,14,25*1*1,32*1*1
648,0,0,0,0,0,0,0,1*1*1,1*1*1
649,226.01,395,1,0,0.952391,0.976196,15,25*2*1,64*1*1
650,235.647,395,1,0,0.913443,0.956721,17,25*2*1,64*1*1
651,79.5698,0,0,0,0,0,0,1*1*1,1*1*1
652,249.776,395,1,0,0.861772,0.930886,17,25*2*1,64*1*1
653,60.4658,0,0,0,0,0,0,1*1*1,1*1*1
654,28.3402,0,0,0,0,0,0,1*1*1,1*1*1
655,173.473,198,1,0,0.813095,0.906547,10,25*1*1,32*1*1
656,158.42,198,1,0,0.890355,0.945177,5,25*1*1,32*1*1
657,0,0,0,0,0,0,0,1*1*1,1*1*1
658,330.18,527,1,0,0.77488,0.88744,26,25*2*1,64*2*1
659,1141.57,2433,1,0,0.814011,0.907005,67,25*2*5,64*8*1
660,2981.89,7707,0,0,0.923626,0.961813,97,25*4*7,64*16*2
661,4985.45,13322,0,0,0.923257,0.961628,107,25*4*13,64*16*3
662,15888.1,13322,1,0,0.289704,0.644852,107,25*4*13,64*16*3
663,6252.5,13322,1,0,0.736162,0.868081,107,25*4*13,64*16*3
664,15789.3,13323,1,0,0.291517,0.645759,107,25*4*13,64*16*3
665,862.421,2110,0,0,0.892024,0.946012,60,25*4*2,64*8*1
666,9816.08,13322,0,0,0.468909,0.734455,107,25*4*13,64*16*3
667,7903.1,13322,1,0,0.582411,0.791205,107,25*4*13,64*16*3
668,1482.76,3457,0,0,0.86511,0.932555,82,25*4*3,64*16*1
669,15823.3,13322,0,0,0.290891,0.645445,107,25*4*13,64*16*3
670,2424.04,6328,0,0,0.952088,0.976044,90,25*4*6,64*8*3
671,20082.1,13322,0,0,0.229202,0.614601,107,25*4*13,64*16*3
672,12638.2,13322,1,0,0.364201,0.682101,107,25*4*13,64*16*3
673,3195.19,7707,0,0,0.861968,0.930984,97,25*4*7,64*16*2
674,3290.58,7707,1,0,0.83698,0.91849,97,25*4*7,64*16*2
675,3997.32,9721,0,0,0.830581,0.915291,101,25*4*10,64*16*2
676,2387.39,6328,0,0,0.966704,0.983352,90,25*4*6,64*8*3
677,3368.22,7707,0,0,0.817687,0.908844,97,25*4*7,64*16*2
678,1200.01,2708,0,0,0.798285,0.899143,68,25*4*3,64*8*1
679,1046.65,2110,0,0,0.735012,0.867506,66,25*4*2,64*8*1
680,1486.37,3458,1,0,0.863009,0.931504,82,25*4*3,64*16*1
681,2434.63,6328,0,0,0.947947,0.973973,90,25*4*6,64*8*3
682,3314.32,7707,0,0,0.830985,0.915492,97,25*4*7,64*16*2
683,3937.85,9721,0,0,0.843125,0.921563,100,25*4*10,64*16*2
684,12419.9,13322,0,0,0.370603,0.685301,107,25*4*13,64*16*3
685,1176.33,2708,0,0,0.814355,0.907177,68,25*4*3,64*8*1
686,1919.2,4220,0,0,0.766674,0.883337,83,25*4*4,64*16*1
687,2573.45,6328,0,0,0.896812,0.948406,90,25*4*6,64*8*3
688,6364.72,13322,0,0,0.723182,0.861591,107,25*4*13,64*16*3
689,2471.67,6328,0,0,0.933741,0.966871,90,25*4*6,64*8*3
690,1104.14,2432,0,0,0.841605,0.920803,67,25*2*5,64*8*1
691,319.199,528,1,0,0.801538,0.900769,23,25*2*1,64*2*1
692,1037.42,2111,1,0,0.741551,0.870776,66,25*4*2,64*8*1
693,547.898,1055,0,0,0.763372,0.881686,43,25*4*1,64*4*1
694,1174.43,2432,0,0,0.791235,0.895617,67,25*2*5,64*8*1
695,1262.27,2709,1,0,0.758911,0.879455,68,25*4*3,64*8*1
696,674.577,1355,1,0,0.818216,0.909108,53,25*2*3,64*4*1
697,330.972,527,0,0,0.773026,0.886513,26,25*2*1,64*2*1
698,2519.65,6328,0,0,0.915961,0.95798,90,25*4*6,64*8*3
699,2140.06,4864,0,0,0.775703,0.887851,88,25*4*5,64*16*1
700,2026.26,4864,1,0,0.819268,0.909634,87,25*4*5,64*16*1
701,2054.4,4864,1,0,0.808046,0.904023,88,25*4*5,64*16*1
702,3324.25,7707,0,0,0.828503,0.914251,97,25*4*7,64*16*2
703,3167.55,7707,1,0,0.869489,0.934745,97,25*4*7,64*16*2
704,2616.71,6328,0,0,0.881985,0.940993,93,25*4*6,64*8*3
705,15833.2,13322,0,0,0.290709,0.645354,107,25*4*13,64*16*3
706,15879.1,13322,1,0,0.289868,0.644934,107,25*4*13,64*16*3
707,20154.4,13322,1,0,0.228379,0.61419,107,25*4*13,64*16*3
708,5018.05,13323,1,0,0.917259,0.958629,107,25*4*13,64*16*3
709,5044.12,13322,1,0,0.912518,0.956259,107,25*4*13,64*16*3
710,15842.3,13322,1,0,0.290542,0.645271,107,25*4*13,64*16*3
711,6576.75,13323,1,0,0.699867,0.849933,107,25*4*13,64*16*3
712,6255.81,13322,1,0,0.735772,0.867886,107,25*4*13,64*16*3
713,6270.46,13322,1,0,0.734053,0.867027,107,25*4*13,64*16*3
714,15771.3,13322,1,0,0.29185,0.645925,107,25*4*13,64*16*3
715,15812.3,13323,1,0,0.291093,0.645547,107,25*4*13,64*16*3
716,9994.66,13322,1,0,0.460531,0.730265,107,25*4*13,64*16*3
717,8208.64,13323,1,0,0.560732,0.780366,107,25*4*13,64*16*3
718,16078.5,13322,1,0,0.286274,0.643137,107,25*4*13,64*16*3
719,8083.73,13322,1,0,0.569397,0.784698,107,25*4*13,64*16*3
720,12506.1,13323,1,0,0.368048,0.684024,107,25*4*13,64*16*3
721,7985.94,13322,1,0,0.576369,0.788185,107,25*4*13,64*16*3
722,8014.42,13322,1,0,0.574321,0.787161,107,25*4*13,64*16*3
723,8008.94,13322,1,0,0.574714,0.787357,107,25*4*13,64*16*3
724,7876.69,13323,1,0,0.584363,0.792182,107,25*4*13,64*16*3
725,8053.17,13322,1,0,0.571558,0.785779,107,25*4*13,64*16*3
726,9974.44,13323,1,0,0.461465,0.730732,107,25*4*13,64*16*3
727,6312.95,13322,1,0,0.729112,0.864556,107,25*4*13,64*16*3
728,7777.71,13322,1,0,0.5918,0.7959,107,25*4*13,64*16*3
729,6161.58,13322,1,0,0.747024,0.873512,107,25*4*13,64*16*3
730,5136.83,13323,1,0,0.896049,0.948024,107,25*4*13,64*16*3
731,2113.76,4864,0,0,0.785354,0.892677,88,25*4*5,64*16*1
732,1594.4,4220,0,0,0.922855,0.961427,83,25*4*4,64*16*1
733,1864.1,4220,1,0,0.789335,0.894668,83,25*4*4,64*16*1
734,2516.39,6328,0,0,0.917147,0.958574,90,25*4*6,64*8*3
735,4923.73,13322,0,0,0.93483,0.967415,107,25*4*13,64*16*3
736,5058.23,13322,1,0,0.909972,0.954986,107,25*4*13,64*16*3
737,20170.1,13322,1,0,0.228202,0.614101,107,25*4*13,64*16*3
738,3072.11,7707,0,0,0.896501,0.948251,97,25*4*7,64*16*2
739,6290.58,13322,0,0,0.731705,0.865853,107,25*4*13,64*16*3
740,19905.8,13322,1,0,0.231232,0.615616,107,25*4*13,64*16*3
741,12458.8,13322,1,0,0.369446,0.684723,107,25*4*13,64*16*3
742,12699,13323,1,0,0.362458,0.681229,107,25*4*13,64*16*3
743,6385.66,13322,1,0,0.72081,0.860405,107,25*4*13,64*16*3
744,12653.9,13322,1,0,0.36375,0.681875,107,25*4*13,64*16*3
745,12466.8,13323,1,0,0.369209,0.684604,107,25*4*13,64*16*3
746,7966.91,13322,1,0,0.577746,0.788873,107,25*4*13,64*16*3
747,1872.64,4220,0,0,0.785736,0.892868,83,25*4*4,64*16*1
748,525.316,1055,0,0,0.796187,0.898094,42,25*4*1,64*4*1
749,295.597,395,1,0,0.728187,0.864094,21,25*2*1,64*1*1
750,28.1773,0,0,0,0,0,0,1*1*1,1*1*1
751,94.7315,12,0,0,0.912579,0.95629,2,1*1*1,4*1*1
752,21.8409,0,0,0,0,0,0,1*1*1,1*1*1
753,154.618,197,0,0,0.912248,0.956124,5,25*1*1,32*1*1
754,390.051,528,1,0,0.65594,0.82797,33,25*2*1,64*2*1
755,467.502,1056,1,0,0.894649,0.947324,39,25*4*1,64*4*1
756,195.26,198,1,0,0.72237,0.861185,12,25*1*1,32*1*1
757,359.103,528,1,0,0.71247,0.856235,33,25*2*1,64*2*1
758,707.896,1354,0,0,0.779705,0.889852,56,25*2*3,64*4*1
759,1676.77,4220,0,0,0.87752,0.93876,83,25*4*4,64*16*1
760,1966.02,4864,0,0,0.844371,0.922185,85,25*4*5,64*16*1
761,3914.92,9721,0,0,0.848063,0.924032,99,25*4*10,64*16*2
762,5062.74,13322,0,0,0.909162,0.954581,107,25*4*13,64*16*3
763,6270.93,13322,1,0,0.733998,0.866999,107,25*4*13,64*16*3
764,4052.3,9721,0,0,0.819312,0.909656,102,25*4*10,64*16*2
765,1476.35,3457,0,0,0.868866,0.934433,82,25*4*3,64*16*1
766,2111.54,4864,0,0,0.78618,0.89309,88,25*4*5,64*16*1
767,888.873,2110,0,0,0.865478,0.932739,60,25*4*2,64*8*1
768,1650.01,4221,1,0,0.891752,0.945876,83,25*4*4,64*16*1
769,106.119,43,0,0,0.893808,0.946904,3,5*1*1,8*1*1
770,0,0,0,0,0,0,0,1*1*1,1*1*1
771,1030.25,2110,0,0,0.746712,0.873356,66,25*4*2,64*8*1
772,0,0,0,0,0,0,0,1*1*1,1*1*1
773,0,0,0,0,0,0,0,1*1*1,1*1*1
774,164.472,197,0,0,0.857593,0.928796,5,25*1*1,32*1*1
775,0,0,0,0,0,0,0,1*1*1,1*1*1
776,0,0,0,0,0,0,0,1*1*1,1*1*1
777,0,0,0,0,0,0,0,1*1*1,1*1*1
778,460.927,1056,1,0,0.907411,0.953705,39,25*4*1,64*4*1
779,145.717,56,0,0,0.708565,0.854283,4,5*1*1,16*1*1
780,194.733,197,0,0,0.724325,0.862163,12,25*1*1,32*1*1
781,33.4861,0,0,0,0,0,0,1*1*1,1*1*1
782,149.261,198,1,0,0.944989,0.972494,5,25*1*1,32*1*1
783,940.684,2110,0,0,0.817809,0.908905,62,25*4*2,64*8*1
784,3200.52,7707,0,0,0.860532,0.930266,97,25*4*7,64*16*2
785,5010.15,13322,0,0,0.918705,0.959353,107,25*4*13,64*16*3
786,5012.04,13322,1,0,0.918359,0.959179,107,25*4*13,64*16*3
787,1217.72,2708,0,0,0.786675,0.893338,68,25*4*3,64*8*1
788,15851.6,13322,0,0,0.290371,0.645186,107,25*4*13,64*16*3
789,1847.6,4220,0,0,0.796384,0.898192,83,25*4*4,64*16*1
790,19945.3,13322,0,0,0.230774,0.615387,107,25*4*13,64*16*3
791,2714.48,6988,0,0,0.919716,0.959858,95,25*4*7,64*8*3
792,2582.84,6329,1,0,0.893551,0.946776,90,25*4*6,64*8*3
793,3084.11,7707,0,0,0.893013,0.946506,97,25*4*7,64*16*2
794,4002.9,9721,0,0,0.829424,0.914712,102,25*4*10,64*16*2
795,3112.42,7707,0,0,0.88489,0.942445,97,25*4*7,64*16*2
796,3123.8,7707,1,0,0.881667,0.940833,97,25*4*7,64*16*2
797,1993.76,4864,0,0,0.832623,0.916311,86,25*4*5,64*16*1
798,4014.26,9721,0,0,0.827076,0.913538,102,25*4*10,64*16*2
799,4024.65,9721,1,0,0.824941,0.912471,102,25*4*10,64*16*2
800,3110.1,7707,0,0,0.88555,0.942775,97,25*4*7,64*16*2
801,2618.46,6328,0,0,0.881396,0.940698,93,25*4*6,64*8*3
802,5142.58,13322,0,0,0.895047,0.947523,107,25*4*13,64*16*3
803,3915.31,9721,0,0,0.847979,0.923989,99,25*4*10,64*16*2
804,3970.77,9721,1,0,0.836135,0.918068,101,25*4*10,64*16*2
805,2482.38,6328,0,0,0.929713,0.964856,90,25*4*6,64*8*3
806,2044.11,4864,0,0,0.812114,0.906057,87,25*4*5,64*16*1
807,3070.79,7707,0,0,0.896886,0.948443,97,25*4*7,64*16*2
808,3971.41,9721,0,0,0.836,0.918,101,25*4*10,64*16*2
809,3780.26,7707,0,0,0.728561,0.86428,97,25*4*7,64*16*2
810,2515.98,6328,0,0,0.917297,0.958648,90,25*4*6,64*8*3
811,4080.67,9721,0,0,0.813616,0.906808,102,25*4*10,64*16*2
812,6231.37,13322,0,0,0.738658,0.869329,107,25*4*13,64*16*3
813,5040.03,13322,1,0,0.913258,0.956629,107,25*4*13,64*16*3
814,5167.74,13322,1,0,0.890689,0.945345,107,25*4*13,64*16*3
815,2545.65,6329,1,0,0.906605,0.953303,90,25*4*6,64*8*3
816,1457.1,3457,0,0,0.880345,0.940172,82,25*4*3,64*16*1
817,248.02,394,0,0,0.867874,0.933937,17,25*2*1,64*1*1
818,1908.92,4220,1,0,0.770802,0.885401,83,25*4*4,64*16*1
819,175.88,197,0,0,0.801967,0.900984,10,25*1*1,32*1*1
820,122.757,56,0,0,0.841093,0.920546,4,5*1*1,16*1*1
821,94.124,12,0,0,0.918469,0.959235,2,1*1*1,4*1*1
822,214.304,197,0,0,0.658177,0.829089,14,25*1*1,32*1*1
823,818.962,2110,0,0,0.93936,0.96968,60,25*4*2,64*8*1
824,1401.85,3165,0,0,0.895067,0.947534,80,25*4*3,64*4*3
825,654.483,1354,0,0,0.843337,0.921669,49,25*2*3,64*4*1
826,2105.7,4864,0,0,0.78836,0.89418,88,25*4*5,64*16*1
827,1215.54,2708,0,0,0.788086,0.894043,68,25*4*3,64*8*1
828,942.425,2110,0,0,0.816298,0.908149,62,25*4*2,64*8*1
829,331.023,528,1,0,0.772907,0.886454,26,25*2*1,64*2*1
830,439.089,790,1,0,0.767612,0.883806,36,25*4*1,64*2*1
831,766.623,1354,0,0,0.719976,0.859988,58,25*2*3,64*4*1
832,15.4767,0,0,0,0,0,0,1*1*1,1*1*1
833,556.273,1055,0,0,0.751879,0.87594,43,25*4*1,64*4*1
834,67.0633,0,0,0,0,0,0,1*1*1,1*1*1
835,390.07,528,1,0,0.655908,0.827954,33,25*2*1,64*2*1
836,77.9217,0,0,0,0,0,0,1*1*1,1*1*1
837,0,0,0,0,0,0,0,1*1*1,1*1*1
838,97.4795,12,0,0,0.886853,0.943427,2,1*1*1,4*1*1
839,32.8934,0,0,0,0,0,0,1*1*1,1*1*1
840,0,0,0,0,0,0,0,1*1*1,1*1*1
841,0,0,0,0,0,0,0,1*1*1,1*1*1
842,89.3188,9,1,0,0.94437,0.972185,1,1*1*1,2*1*1
843,67.7659,0,0,0,0,0,0,1*1*1,1*1*1
844,968.147,2110,0,0,0.794611,0.897305,62,25*4*2,64*8*1
845,425.6,789,1,0,0.791941,0.89597,35,25*4*1,64*2*1
846,2.36164,0,0,0,0,0,0,1*1*1,1*1*1
847,906.169,2111,1,0,0.848959,0.924479,61,25*4*2,64*8*1
848,2502.52,6328,0,0,0.92223,0.961115,90,25*4*6,64*8*3
849,1692.48,4220,0,0,0.869375,0.934688,83,25*4*4,64*16*1
850,3114.04,7707,0,0,0.88443,0.942215,97,25*4*7,64*16*2
851,15827.6,13322,0,0,0.290812,0.645406,107,25*4*13,64*16*3
852,20025.5,13322,1,0,0.229849,0.614925,107,25*4*13,64*16*3
853,15686.9,13322,1,0,0.29342,0.64671,107,25*4*13,64*16*3
854,15776.6,13323,1,0,0.291752,0.645876,107,25*4*13,64*16*3
855,19814.1,13322,1,0,0.232302,0.616151,107,25*4*13,64*16*3
856,12412.2,13322,1,0,0.370833,0.685416,107,25*4*13,64*16*3
857,15864.7,13323,1,0,0.290132,0.645066,107,25*4*13,64*16*3
858,25208.8,13322,1,0,0.182589,0.591295,107,25*4*13,64*16*3
859,20132.6,13322,1,0,0.228627,0.614313,107,25*4*13,64*16*3
860,15862.7,13322,1,0,0.290168,0.645084,107,25*4*13,64*16*3
861,15804.5,13323,1,0,0.291237,0.645618,107,25*4*13,64*16*3
862,15841,13322,1,0,0.290566,0.645283,107,25*4*13,64*16*3
863,19976.8,13323,1,0,0.23041,0.615205,107,25*4*13,64*16*3
864,9825.35,13322,1,0,0.468467,0.734233,107,25*4*13,64*16*3
865,19889.8,13322,1,0,0.231418,0.615709,107,25*4*13,64*16*3
866,25063.8,13323,1,0,0.183645,0.591823,107,25*4*13,64*16*3
867,15713.4,13322,1,0,0.292925,0.646463,107,25*4*13,64*16*3
868,12747.8,13322,1,0,0.36107,0.680535,107,25*4*13,64*16*3
869,15760.8,13322,1,0,0.292044,0.646022,107,25*4*13,64*16*3
870,24917.5,13323,1,0,0.184724,0.592362,107,25*4*13,64*16*3
871,20204.4,13322,1,0,0.227814,0.613907,107,25*4*13,64*16*3
872,25118.5,13323,1,0,0.183245,0.591623,107,25*4*13,64*16*3
873,12521.5,13322,1,0,0.367596,0.683798,107,25*4*13,64*16*3
874,12504.5,13322,1,0,0.368095,0.684048,107,25*4*13,64*16*3
875,12603.5,13322,1,0,0.365204,0.682602,107,25*4*13,64*16*3
876,15813.8,13323,1,0,0.291065,0.645533,107,25*4*13,64*16*3
877,12686.7,13322,1,0,0.362809,0.681405,107,25*4*13,64*16*3
878,12541.5,13322,1,0,0.36701,0.683505,107,25*4*13,64*16*3
879,15851,13323,1,0,0.290382,0.645191,107,25*4*13,64*16*3
880,12591.9,13322,1,0,0.365541,0.68277,107,25*4*13,64*16*3
881,10071.4,13322,1,0,0.457022,0.728511,107,25*4*13,64*16*3
882,12672.7,13322,1,0,0.36321,0.681605,107,25*4*13,64*16*3
883,16055.1,13323,1,0,0.286691,0.643345,107,25*4*13,64*16*3
884,15675.6,13322,1,0,0.293632,0.646816,107,25*4*13,64*16*3
885,4975.34,13322,1,0,0.925133,0.962566,107,25*4*13,64*16*3
886,16012.6,13323,1,0,0.287452,0.643726,107,25*4*13,64*16*3
887,3930.27,9721,0,0,0.844751,0.922376,100,25*4*10,64*16*2
888,0,0,0,0,0,0,0,1*1*1,1*1*1
889,39.6493,0,0,0,0,0,0,1*1*1,1*1*1
890,323.676,527,0,0,0.790451,0.895225,23,25*2*1,64*2*1
891,286.116,395,1,0,0.752317,0.876159,20,25*2*1,64*1*1
892,137.294,56,0,0,0.752036,0.876018,4,5*1*1,16*1*1
893,374.106,527,0,0,0.683897,0.841949,33,25*2*1,64*2*1
894,1946.18,4221,1,0,0.756045,0.878023,83,25*4*4,64*16*1
895,786.344,2110,0,0,0.978325,0.989163,60,25*4*2,64*8*1
896,9996.24,13322,0,0,0.460458,0.730229,107,25*4*13,64*16*3
897,1604.53,4220,0,0,0.917029,0.958514,83,25*4*4,64*16*1
898,19903,13322,0,0,0.231264,0.615632,107,25*4*13,64*16*3
899,19903.1,13322,1,0,0.231263,0.615631,107,25*4*13,64*16*3
900,12648.7,13322,1,0,0.363899,0.68195,107,25*4*13,64*16*3
901,2009.44,4864,0,0,0.826126,0.913063,87,25*4*5,64*16*1
902,8550.78,13322,0,0,0.538296,0.769148,107,25*4*13,64*16*3
903,15960.2,13322,1,0,0.288396,0.644198,107,25*4*13,64*16*3
904,16035.6,13322,1,0,0.287039,0.64352,107,25*4*13,64*16*3
905,20384.8,13323,1,0,0.225798,0.612899,107,25*4*13,64*16*3
906,12818.2,13322,1,0,0.359087,0.679544,107,25*4*13,64*16*3
907,1988.5,4864,0,0,0.834825,0.917413,86,25*4*5,64*16*1
908,0,0,0,0,0,0,0,1*1*1,1*1*1
909,220.302,394,0,0,0.977068,0.988534,15,25*2*1,64*1*1
910,258.668,395,1,0,0.832148,0.916074,19,25*2*1,64*1*1
911,1919.11,4220,0,0,0.76671,0.883355,83,25*4*4,64*16*1
912,0,0,0,0,0,0,0,1*1*1,1*1*1
913,410.292,789,0,0,0.821488,0.910744,35,25*4*1,64*2*1
914,268.432,394,1,0,0.801879,0.90094,19,25*2*1,64*1*1
915,250.284,395,1,0,0.860023,0.930012,18,25*2*1,64*1*1
916,211.863,197,0,0,0.66576,0.83288,14,25*1*1,32*1*1
917,1252.69,2708,0,0,0.764714,0.882357,68,25*4*3,64*8*1
918,1394.47,3166,1,0,0.899804,0.949902,80,25*4*3,64*4*3
919,1340.18,2709,1,0,0.714792,0.857396,77,25*4*3,64*8*1
920,420.786,789,0,0,0.801001,0.9005,35,25*4*1,64*2*1
921,37.7889,0,0,0,0,0,0,1*1*1,1*1*1
922,838.96,2110,0,0,0.916969,0.958484,60,25*4*2,64*8*1
923,0,0,0,0,0,0,0,1*1*1,1*1*1
924,619.971,1056,1,0,0.674628,0.837314,45,25*4*1,64*4*1
925,133.837,56,0,0,0.771461,0.88573,4,5*1*1,16*1*1
926,159.273,197,0,0,0.885586,0.942793,5,25*1*1,32*1*1
927,133.972,56,0,0,0.770683,0.885342,4,5*1*1,16*1*1
928,0,0,0,0,0,0,0,1*1*1,1*1*1
929,0,0,0,0,0,0,0,1*1*1,1*1*1
930,0,0,0,0,0,0,0,1*1*1,1*1*1
931,179.938,197,0,0,0.783881,0.891941,12,25*1*1,32*1*1
932,0,0,0,0,0,0,0,1*1*1,1*1*1
933,287.714,395,1,0,0.748139,0.874069,20,25*2*1,64*1*1
934,0,0,0,0,0,0,0,1*1*1,1*1*1
935,112.788,43,0,0,0.840958,0.920479,3,5*1*1,8*1*1
936,511.939,1055,0,0,0.816992,0.908496,41,25*4*1,64*4*1
937,516.596,1056,1,0,0.809627,0.904813,42,25*4*1,64*4*1
938,0,0,0,0,0,0,0,1*1*1,1*1*1
939,525.734,1056,1,0,0.795554,0.897777,42,25*4*1,64*4*1
940,444.004,789,1,0,0.759115,0.879557,36,25*4*1,64*2*1
941,256.307,395,1,0,0.839813,0.919907,19,25*2*1,64*1*1
942,199.133,198,1,0,0.708321,0.85416,14,25*1*1,32*1*1
943,399.806,789,1,0,0.843034,0.921517,35,25*4*1,64*2*1
944,202.294,197,0,0,0.697253,0.848626,14,25*1*1,32*1*1
945,160.39,198,1,0,0.879419,0.939709,5,25*1*1,32*1*1
946,0,0,0,0,0,0,0,1*1*1,1*1*1
947,39.7743,0,0,0,0,0,0,1*1*1,1*1*1
948,383.87,528,1,0,0.666502,0.833251,33,25*2*1,64*2*1
949,334.73,528,1,0,0.764347,0.882174,28,25*2*1,64*2*1
950,184.398,198,1,0,0.764922,0.882461,12,25*1*1,32*1*1
951,477.221,1056,1,0,0.876428,0.938214,39,25*4*1,64*4*1
952,380.29,528,1,0,0.672776,0.836388,33,25*2*1,64*2*1
953,114.606,43,0,0,0.827618,0.913809,3,5*1*1,8*1*1
954,455.777,789,0,0,0.739506,0.869753,37,25*4*1,64*2*1
955,0,0,0,0,0,0,0,1*1*1,1*1*1
956,194.659,197,1,0,0.7246,0.8623,12,25*1*1,32*1*1
957,642.644,1055,0,0,0.650827,0.825413,45,25*4*1,64*4*1
958,569.736,1056,1,0,0.734112,0.867056,43,25*4*1,64*4*1
959,933.013,2110,0,0,0.824533,0.912266,62,25*4*2,64*8*1
960,3270.48,7707,0,0,0.842124,0.921062,97,25*4*7,64*16*2
961,5267.75,13322,0,0,0.873779,0.93689,107,25*4*13,64*16*3
962,16064.1,13322,1,0,0.28653,0.643265,107,25*4*13,64*16*3
963,6099.28,13322,1,0,0.754655,0.877327,107,25*4*13,64*16*3
964,15922,13323,1,0,0.289087,0.644544,107,25*4*13,64*16*3
965,635.949,1055,0,0,0.657679,0.828839,45,25*4*1,64*4*1
966,10255.7,13322,0,0,0.448809,0.724404,107,25*4*13,64*16*3
967,8178.02,13322,1,0,0.562832,0.781416,107,25*4*13,64*16*3
968,1405.63,3166,1,0,0.89266,0.94633,80,25*4*3,64*4*3
969,16225,13322,0,0,0.283689,0.641844,107,25*4*13,64*16*3
970,2462.33,6328,0,0,0.937283,0.968641,90,25*4*6,64*8*3
971,20207.4,13322,0,0,0.22778,0.61389,107,25*4*13,64*16*3
972,12753.8,13322,1,0,0.3609,0.68045,107,25*4*13,64*16*3
973,3348.91,7707,0,0,0.822402,0.911201,97,25*4*7,64*16*2
974,3195.33,7707,1,0,0.86193,0.930965,97,25*4*7,64*16*2
975,4101.85,9721,0,0,0.809415,0.904708,103,25*4*10,64*16*2
976,2781.98,6988,0,0,0.8974,0.9487,96,25*4*7,64*8*3
977,3406.06,7707,0,0,0.808603,0.904301,97,25*4*7,64*16*2
978,1731.23,4220,0,0,0.849916,0.924958,83,25*4*4,64*16*1
979,1395.09,3165,0,0,0.899404,0.949702,80,25*4*3,64*4*3
980,1915.88,4220,0,0,0.768002,0.884001,83,25*4*4,64*16*1
981,2506.04,6328,0,0,0.920935,0.960468,90,25*4*6,64*8*3
982,3609.8,7707,0,0,0.762965,0.881482,97,25*4*7,64*16*2
983,4171.75,9721,0,0,0.795853,0.897927,103,25*4*10,64*16*2
984,12876.6,13322,0,0,0.357458,0.678729,107,25*4*13,64*16*3
985,1224.9,2708,0,0,0.782064,0.891032,68,25*4*3,64*8*1
986,2154.42,4864,0,0,0.770532,0.885266,89,25*4*5,64*16*1
987,2801.71,6988,0,0,0.891081,0.94554,96,25*4*7,64*8*3
988,6306.45,13323,1,0,0.729864,0.864932,107,25*4*13,64*16*3
989,2393.03,6328,0,0,0.964426,0.982213,90,25*4*6,64*8*3
990,926.941,2110,0,0,0.829934,0.914967,62,25*4*2,64*8*1
991,786.117,2111,1,0,0.978608,0.989304,60,25*4*2,64*8*1
992,620.397,1055,0,0,0.674165,0.837083,45,25*4*1,64*4*1
993,479.538,1056,1,0,0.872194,0.936097,39,25*4*1,64*4*1
994,772.404,1354,0,0,0.714587,0.857294,58,25*2*3,64*4*1
995,1354.52,2709,1,0,0.707225,0.853612,77,25*4*3,64*8*1
996,785.664,2110,0,0,0.979172,0.989586,60,25*4*2,64*8*1
997,775.993,1355,1,0,0.711282,0.855641,58,25*2*3,64*4*1
998,2702.1,6988,0,0,0.92393,0.961965,95,25*4*7,64*8*3
999,1786.88,4220,0,0,0.823446,0.911723,83,25*4*4,64*16*1
1000,2377.59,6328,0,0,0.970689,0.985344,90,25*4*6,64*8*3
1001,2133.84,4864,0,0,0.777964,0.888982,88,25*4*5,64*16*1
1002,3306.5,7707,0,0,0.83295,0.916475,97,25*4*7,64*16*2
1003,3370.86,7707,1,0,0.817047,0.908523,97,25*4*7,64*16*2
1004,2744.73,6989,1,0,0.909579,0.95479,96,25*4*7,64*8*3
1005,15955.2,13322,1,0,0.288486,0.644243,107,25*4*13,64*16*3
1006,15959.7,13323,1,0,0.288405,0.644202,107,25*4*13,64*16*3
1007,20655,13322,1,0,0.222844,0.611422,107,25*4*13,64*16*3
1008,5425.21,13322,1,0,0.848419,0.924209,107,25*4*13,64*16*3
1009,5342.3,13323,1,0,0.861586,0.930793,107,25*4*13,64*16*3
1010,15888.2,13322,1,0,0.289702,0.644851,107,25*4*13,64*16*3
1011,6130.27,13322,1,0,0.75084,0.87542,107,25*4*13,64*16*3
1012,6214.67,13322,1,0,0.740643,0.870321,107,25*4*13,64*16*3
1013,6138.53,13323,1,0,0.749829,0.874915,107,25*4*13,64*16*3
1014,15960.9,13322,1,0,0.288383,0.644191,107,25*4*13,64*16*3
1015,16004.3,13323,1,0,0.287601,0.6438,107,25*4*13,64*16*3
1016,9976.83,13322,1,0,0.461354,0.730677,107,25*4*13,64*16*3
1017,7753.92,13322,1,0,0.593616,0.796808,107,25*4*13,64*16*3
1018,16528.8,13322,1,0,0.278475,0.639237,107,25*4*13,64*16*3
1019,7954,13323,1,0,0.578684,0.789342,107,25*4*13,64*16*3
1020,13009.8,13322,1,0,0.353799,0.676899,107,25*4*13,64*16*3
1021,7965.84,13322,1,0,0.577824,0.788912,107,25*4*13,64*16*3
1022,8230.74,13323,1,0,0.559227,0.779613,107,25*4*13,64*16*3
1023,8016.68,13322,1,0,0.574159,0.78708,107,25*4*13,64*16*3
1024,7595.88,13322,1,0,0.605967,0.802983,107,25*4*13,64*16*3
1025,7886.1,13322,1,0,0.583666,0.791833,107,25*4*13,64*16*3
1026,10368.9,13323,1,0,0.443909,0.721955,107,25*4*13,64*16*3
1027,6671.46,13322,1,0,0.689931,0.844966,107,25*4*13,64*16*3
1028,8184.97,13322,1,0,0.562354,0.781177,107,25*4*13,64*16*3
1029,6364.07,13323,1,0,0.723256,0.861628,107,25*4*13,64*16*3
1030,5420.74,13322,1,0,0.849118,0.924559,107,25*4*13,64*16*3
1031,2013.1,4864,0,0,0.824624,0.912312,87,25*4*5,64*16*1
1032,1615.65,4220,0,0,0.910717,0.955359,83,25*4*4,64*16*1
1033,2156.01,4864,0,0,0.769964,0.884982,89,25*4*5,64*16*1
1034,2706.48,6988,0,0,0.922434,0.961217,95,25*4*7,64*8*3
1035,5334.62,13323,1,0,0.862826,0.931413,107,25*4*13,64*16*3
1036,5601.31,13322,1,0,0.821745,0.910873,107,25*4*13,64*16*3
1037,19868.8,13323,1,0,0.231662,0.615831,107,25*4*13,64*16*3
1038,3333.67,7707,0,0,0.826162,0.913081,97,25*4*7,64*16*2
1039,6387.88,13322,0,0,0.72056,0.86028,107,25*4*13,64*16*3
1040,19760.4,13322,1,0,0.232933,0.616467,107,25*4*13,64*16*3
1041,12568.3,13322,1,0,0.366227,0.683113,107,25*4*13,64*16*3
1042,13024.6,13323,1,0,0.353397,0.676698,107,25*4*13,64*16*3
1043,6430.29,13322,1,0,0.715808,0.857904,107,25*4*13,64*16*3
1044,12683.8,13322,1,0,0.362892,0.681446,107,25*4*13,64*16*3
1045,12626.6,13323,1,0,0.364536,0.682268,107,25*4*13,64*16*3
1046,8119.78,13322,1,0,0.566869,0.783434,107,25*4*13,64*16*3
1047,2205.53,4864,0,0,0.752676,0.876338,89,25*4*5,64*16*1
1048,724.299,1354,0,0,0.762047,0.881024,58,25*2*3,64*4*1
1049,0,0,0,0,0,0,0,1*1*1,1*1*1
1050,25.1509,0,0,0,0,0,0,1*1*1,1*1*1
1051,0,0,0,0,0,0,0,1*1*1,1*1*1
1052,246.955,394,0,0,0.871616,0.935808,17,25*2*1,64*1*1
1053,426.72,789,1,0,0.789862,0.894931,35,25*4*1,64*2*1
1054,863.721,2111,1,0,0.890681,0.945341,60,25*4*2,64*8*1
1055,899.918,2111,1,0,0.854856,0.927428,61,25*4*2,64*8*1
1056,247.535,395,1,0,0.869574,0.934787,17,25*2*1,64*1*1
1057,278.249,395,1,0,0.773588,0.886794,20,25*2*1,64*1*1
1058,1194.92,2708,0,0,0.801685,0.900843,68,25*4*3,64*8*1
1059,1681.84,4220,0,0,0.874875,0.937438,83,25*4*4,64*16*1
1060,2331.17,4864,0,0,0.71211,0.856055,89,25*4*5,64*16*1
1061,3737.62,7707,0,0,0.736873,0.868436,97,25*4*7,64*16*2
1062,5099.09,13322,0,0,0.902681,0.95134,107,25*4*13,64*16*3
1063,6418.42,13322,1,0,0.717131,0.858566,107,25*4*13,64*16*3
1064,4401.39,11928,1,0,0.960049,0.980024,105,25*4*11,64*16*3
1065,1635.25,4220,0,0,0.899801,0.949901,83,25*4*4,64*16*1
1066,2003.8,4864,0,0,0.828451,0.914225,87,25*4*5,64*16*1
1067,750.34,1354,0,0,0.7356,0.8678,58,25*2*3,64*4*1
1068,1773.28,4220,0,0,0.829762,0.914881,83,25*4*4,64*16*1
1069,156.401,197,0,0,0.901848,0.950924,5,25*1*1,32*1*1
1070,156.04,198,1,0,0.903935,0.951967,5,25*1*1,32*1*1
1071,1197.18,2708,0,0,0.800172,0.900086,68,25*4*3,64*8*1
1072,326.605,527,0,0,0.783362,0.891681,23,25*2*1,64*2*1
1073,0,0,0,0,0,0,0,1*1*1,1*1*1
1074,364.721,528,1,0,0.701495,0.850748,33,25*2*1,64*2*1
1075,0,0,0,0,0,0,0,1*1*1,1*1*1
1076,67.8955,0,0,0,0,0,0,1*1*1,1*1*1
1077,788.052,2110,0,0,0.976205,0.988102,60,25*4*2,64*8*1
1078,550.291,1056,1,0,0.760052,0.880026,43,25*4*1,64*4*1
1079,308.581,528,1,0,0.829118,0.914559,23,25*2*1,64*2*1
1080,820.76,2110,0,0,0.937302,0.968651,60,25*4*2,64*8*1
1081,398.31,789,1,0,0.8462,0.9231,35,25*4*1,64*2*1
1082,428.809,789,1,0,0.786014,0.893007,35,25*4*1,64*2*1
1083,651.546,1355,1,0,0.847139,0.923569,46,25*2*3,64*4*1
1084,3172.24,7707,0,0,0.868204,0.934102,97,25*4*7,64*16*2
1085,4962.98,13322,0,0,0.927437,0.963718,107,25*4*13,64*16*3
1086,5568.25,13322,1,0,0.826624,0.913312,107,25*4*13,64*16*3
1087,1590.81,4220,0,0,0.924938,0.962469,83,25*4*4,64*16*1
1088,16159.7,13322,0,0,0.284835,0.642418,107,25*4*13,64*16*3
1089,1950.3,4220,0,0,0.754448,0.877224,83,25*4*4,64*16*1
1090,19838.6,13322,0,0,0.232015,0.616007,107,25*4*13,64*16*3
1091,2630.83,6328,0,0,0.877252,0.938626,93,25*4*6,64*8*3
1092,2528.28,6329,1,0,0.912834,0.956417,90,25*4*6,64*8*3
1093,3054.01,7707,0,0,0.901814,0.950907,97,25*4*7,64*16*2
1094,4199.5,9721,0,0,0.790594,0.895297,103,25*4*10,64*16*2
1095,3302.78,7707,0,0,0.833888,0.916944,97,25*4*7,64*16*2
1096,3281.65,7707,1,0,0.839258,0.919629,97,25*4*7,64*16*2
1097,2165.35,4864,0,0,0.766643,0.883321,89,25*4*5,64*16*1
1098,3821.95,7707,0,0,0.720614,0.860307,97,25*4*7,64*16*2
1099,4569.44,12644,0,0,0.966026,0.983013,106,25*4*12,64*16*3
1100,3668.78,7707,0,0,0.750699,0.87535,97,25*4*7,64*16*2
1101,2887.04,7707,1,0,0.95397,0.976985,97,25*4*7,64*16*2
1102,4901.31,12644,0,0,0.900616,0.950308,106,25*4*12,64*16*3
1103,4510.21,11929,1,0,0.936885,0.968443,105,25*4*11,64*16*3
1104,4370.18,11928,1,0,0.966905,0.983453,105,25*4*11,64*16*3
1105,2902.86,7707,0,0,0.948771,0.974386,97,25*4*7,64*16*2
1106,1819.17,4220,0,0,0.80883,0.904415,83,25*4*4,64*16*1
1107,3435.4,7707,0,0,0.801697,0.900849,97,25*4*7,64*16*2
1108,3967.11,9721,0,0,0.836906,0.918453,101,25*4*10,64*16*2
1109,3914.97,9721,1,0,0.848052,0.924026,99,25*4*10,64*16*2
1110,2827.38,6988,0,0,0.882991,0.941495,96,25*4*7,64*8*3
1111,3907.26,9721,0,0,0.849726,0.924863,98,25*4*10,64*16*2
1112,6775.53,13322,0,0,0.679334,0.839667,107,25*4*13,64*16*3
1113,5443.63,13322,1,0,0.845548,0.922774,107,25*4*13,64*16*3
1114,5467.13,13322,1,0,0.841913,0.920957,107,25*4*13,64*16*3
1115,2498.17,6329,1,0,0.923836,0.961918,90,25*4*6,64*8*3
1116,1894.11,4220,0,0,0.776829,0.888415,83,25*4*4,64*16*1
1117,290.829,394,0,0,0.740126,0.870063,20,25*2*1,64*1*1
1118,1952.92,4220,1,0,0.753436,0.876718,83,25*4*4,64*16*1
1119,96.1519,12,0,0,0.899098,0.949549,2,1*1*1,4*1*1
1120,368.004,527,0,0,0.695237,0.847619,33,25*2*1,64*2*1
1121,440.451,789,1,0,0.765238,0.882619,36,25*4*1,64*2*1
1122,296.632,395,1,0,0.725647,0.862823,21,25*2*1,64*1*1
1123,970.644,2110,0,0,0.792567,0.896283,62,25*4*2,64*8*1
1124,1209.3,2709,1,0,0.792152,0.896076,68,25*4*3,64*8*1
1125,564.389,1055,0,0,0.741067,0.870533,43,25*4*1,64*4*1
1126,2357.33,6328,0,0,0.979031,0.989516,90,25*4*6,64*8*3
1127,1510.92,3457,0,0,0.848986,0.924493,82,25*4*3,64*16*1
1128,1329.15,2709,1,0,0.720724,0.860362,75,25*4*3,64*8*1
1129,203.793,197,0,0,0.692124,0.846062,14,25*1*1,32*1*1
1130,385.012,528,1,0,0.664525,0.832262,33,25*2*1,64*2*1
1131,957.99,2110,0,0,0.803036,0.901518,62,25*4*2,64*8*1
1132,0,0,0,0,0,0,0,1*1*1,1*1*1
1133,638.217,1056,1,0,0.655341,0.827671,45,25*4*1,64*4*1
1134,0,0,0,0,0,0,0,1*1*1,1*1*1
1135,656.224,1354,0,0,0.8411,0.92055,49,25*2*3,64*4*1
1136,222.293,394,0,0,0.968317,0.984158,15,25*2*1,64*1*1
1137,315.798,528,1,0,0.81017,0.905085,23,25*2*1,64*2*1
1138,7.51072,0,0,0,0,0,0,1*1*1,1*1*1
1139,168.618,198,1,0,0.836506,0.918253,8,25*1*1,32*1*1
1140,71.0135,0,0,0,0,0,0,1*1*1,1*1*1
1141,178.865,197,1,0,0.788584,0.894292,10,25*1*1,32*1*1
1142,360.485,527,0,0,0.709738,0.854869,33,25*2*1,64*2*1
1143,34.11,0,0,0,0,0,0,1*1*1,1*1*1
1144,1061.97,2111,1,0,0.724408,0.862204,66,25*4*2,64*8*1
1145,629.909,1055,0,0,0.663985,0.831992,45,25*4*1,64*4*1
1146,264.813,395,1,0,0.812838,0.906419,19,25*2*1,64*1*1
1147,1557.56,3457,0,0,0.823564,0.911782,82,25*4*3,64*16*1
1148,2404.24,6328,0,0,0.959929,0.979965,90,25*4*6,64*8*3
1149,2062.99,4864,0,0,0.804682,0.902341,88,25*4*5,64*16*1
1150,3109.99,7707,0,0,0.885582,0.942791,97,25*4*7,64*16*2
1151,15910.2,13322,0,0,0.289302,0.644651,107,25*4*13,64*16*3
1152,20172.3,13322,1,0,0.228177,0.614088,107,25*4*13,64*16*3
1153,15983.5,13322,1,0,0.287975,0.643988,107,25*4*13,64*16*3
1154,15664.6,13323,1,0,0.293838,0.646919,107,25*4*13,64*16*3
1155,20214.3,13322,1,0,0.227703,0.613851,107,25*4*13,64*16*3
1156,12884.5,13322,1,0,0.357239,0.67862,107,25*4*13,64*16*3
1157,16423.4,13323,1,0,0.280262,0.640131,107,25*4*13,64*16*3
1158,24982.2,13322,1,0,0.184245,0.592123,107,25*4*13,64*16*3
1159,19674.5,13322,1,0,0.23395,0.616975,107,25*4*13,64*16*3
1160,16063,13322,1,0,0.28655,0.643275,107,25*4*13,64*16*3
1161,16146.7,13323,1,0,0.285064,0.642532,107,25*4*13,64*16*3
1162,16246.1,13322,1,0,0.28332,0.64166,107,25*4*13,64*16*3
1163,19988.8,13323,1,0,0.230271,0.615136,107,25*4*13,64*16*3
1164,10249.2,13322,1,0,0.449094,0.724547,107,25*4*13,64*16*3
1165,20291.2,13322,1,0,0.22684,0.61342,107,25*4*13,64*16*3
1166,25090.2,13323,1,0,0.183452,0.591726,107,25*4*13,64*16*3
1167,15580.9,13322,1,0,0.295416,0.647708,107,25*4*13,64*16*3
1168,12581.9,13322,1,0,0.365831,0.682916,107,25*4*13,64*16*3
1169,15933.2,13322,1,0,0.288884,0.644442,107,25*4*13,64*16*3
1170,25353,13323,1,0,0.181551,0.590775,107,25*4*13,64*16*3
1171,20369.1,13322,1,0,0.225972,0.612986,107,25*4*13,64*16*3
1172,25287.9,13323,1,0,0.182018,0.591009,107,25*4*13,64*16*3
1173,12482.2,13322,1,0,0.368753,0.684377,107,25*4*13,64*16*3
1174,12813.4,13322,1,0,0.359222,0.679611,107,25*4*13,64*16*3
1175,12682.1,13322,1,0,0.362941,0.68147,107,25*4*13,64*16*3
1176,16263.9,13323,1,0,0.28301,0.641505,107,25*4*13,64*16*3
1177,12351.7,13322,1,0,0.372649,0.686325,107,25*4*13,64*16*3
1178,12396.3,13322,1,0,0.371308,0.685654,107,25*4*13,64*16*3
1179,16038.6,13323,1,0,0.286986,0.643493,107,25*4*13,64*16*3
1180,12756.1,13322,1,0,0.360835,0.680418,107,25*4*13,64*16*3
1181,10539.9,13322,1,0,0.436707,0.718354,107,25*4*13,64*16*3
1182,12904.9,13322,1,0,0.356675,0.678337,107,25*4*13,64*16*3
1183,15769.7,13323,1,0,0.291879,0.64594,107,25*4*13,64*16*3
1184,16219.7,13322,1,0,0.283781,0.641891,107,25*4*13,64*16*3
1185,5168.01,13322,1,0,0.890643,0.945321,107,25*4*13,64*16*3
1186,16291.9,13323,1,0,0.282524,0.641262,107,25*4*13,64*16*3
1187,3660.29,7707,0,0,0.75244,0.87622,97,25*4*7,64*16*2
1188,0,0,0,0,0,0,0,1*1*1,1*1*1
1189,446.643,789,0,0,0.75463,0.877315,37,25*4*1,64*2*1
1190,132.942,56,0,0,0.776654,0.888327,4,5*1*1,16*1*1
1191,252.873,394,0,0,0.851218,0.925609,18,25*2*1,64*1*1
1192,139.665,56,0,0,0.739269,0.869634,4,5*1*1,16*1*1
1193,609.431,1055,0,0,0.686296,0.843148,45,25*4*1,64*4*1
1194,2219.08,4864,0,0,0.74808,0.87404,89,25*4*5,64*16*1
1195,1083.48,2433,1,0,0.857653,0.928827,67,25*2*5,64*8*1
1196,10164.8,13322,0,0,0.452822,0.726411,107,25*4*13,64*16*3
1197,1574.6,4220,0,0,0.93446,0.96723,83,25*4*4,64*16*1
1198,19668.5,13322,0,0,0.234021,0.617011,107,25*4*13,64*16*3
1199,20107.9,13322,1,0,0.228908,0.614454,107,25*4*13,64*16*3
1200,12873.6,13322,1,0,0.357542,0.678771,107,25*4*13,64*16*3
1201,1749.48,4220,0,0,0.84105,0.920525,83,25*4*4,64*16*1
1202,7907.71,13322,0,0,0.582071,0.791036,107,25*4*13,64*16*3
1203,15741.3,13322,1,0,0.292406,0.646203,107,25*4*13,64*16*3
1204,15797.1,13322,1,0,0.291373,0.645687,107,25*4*13,64*16*3
1205,20412.9,13323,1,0,0.225487,0.612744,107,25*4*13,64*16*3
1206,12576.5,13322,1,0,0.365988,0.682994,107,25*4*13,64*16*3
1207,1604.29,4220,0,0,0.917166,0.958583,83,25*4*4,64*16*1
1208,0,0,0,0,0,0,0,1*1*1,1*1*1
1209,0,0,0,0,0,0,0,1*1*1,1*1*1
1210,117.469,56,0,0,0.878955,0.939478,4,5*1*1,16*1*1
1211,1984.46,4864,0,0,0.836525,0.918262,86,25*4*5,64*16*1
1212,730.274,1354,0,0,0.755812,0.877906,58,25*2*3,64*4*1
1213,0,0,0,0,0,0,0,1*1*1,1*1*1
1214,629.57,1055,0,0,0.664342,0.832171,45,25*4*1,64*4*1
1215,499.701,1056,1,0,0.837001,0.9185,40,25*4*1,64*4*1
1216,293.91,395,1,0,0.732367,0.866184,20,25*2*1,64*1*1
1217,1159.71,2432,0,0,0.801278,0.900639,67,25*2*5,64*8*1
1218,1855.64,4221,1,0,0.792934,0.896467,83,25*4*4,64*16*1
1219,1319.5,2708,0,0,0.725995,0.862997,75,25*4*3,64*8*1
1220,229.153,394,0,0,0.939329,0.969664,15,25*2*1,64*1*1
1221,700.68,1355,1,0,0.787735,0.893867,56,25*2*3,64*4*1
1222,821.165,2110,0,0,0.93684,0.96842,60,25*4*2,64*8*1
1223,250.186,395,1,0,0.86036,0.93018,18,25*2*1,64*1*1
1224,376.987,528,1,0,0.678671,0.839335,33,25*2*1,64*2*1
1225,53.2052,0,0,0,0,0,0,1*1*1,1*1*1
1226,0,0,0,0,0,0,0,1*1*1,1*1*1
1227,341.432,528,1,0,0.749344,0.874672,28,25*2*1,64*2*1
1228,365.757,528,1,0,0.699508,0.849754,33,25*2*1,64*2*1
1229,390.202,528,1,0,0.655686,0.827843,33,25*2*1,64*2*1
1230,0,0,0,0,0,0,0,1*1*1,1*1*1
1231,0,0,0,0,0,0,0,1*1*1,1*1*1
1232,676.427,1355,1,0,0.815979,0.907989,53,25*2*3,64*4*1
1233,211.906,197,0,0,0.665625,0.832813,14,25*1*1,32*1*1
1234,122.434,56,0,0,0.843311,0.921656,4,5*1*1,16*1*1
1235,220.302,394,0,0,0.977068,0.988534,15,25*2*1,64*1*1
1236,409.156,789,1,0,0.823769,0.911884,35,25*4*1,64*2*1
1237,365.359,528,1,0,0.70027,0.850135,33,25*2*1,64*2*1
1238,177.602,198,1,0,0.794192,0.897096,10,25*1*1,32*1*1
1239,169.182,197,1,0,0.833718,0.916859,8,25*1*1,32*1*1
1240,197.452,198,1,0,0.714351,0.857175,14,25*1*1,32*1*1
1241,0,0,0,0,0,0,0,1*1*1,1*1*1
1242,479.775,1056,1,0,0.871763,0.935881,39,25*4*1,64*4*1
1243,448.027,789,1,0,0.752298,0.876149,37,25*4*1,64*2*1
1244,330.691,528,1,0,0.773683,0.886841,26,25*2*1,64*2*1
1245,357.704,528,1,0,0.715256,0.857628,31,25*2*1,64*2*1
1246,555.876,1056,1,0,0.752416,0.876208,43,25*4*1,64*4*1
1247,547.3,1056,1,0,0.764206,0.882103,43,25*4*1,64*4*1
1248,336.133,528,1,0,0.761157,0.880579,28,25*2*1,64*2*1
1249,12.3406,0,0,0,0,0,0,1*1*1,1*1*1
1250,94.4406,12,0,0,0.91539,0.957695,2,1*1*1,4*1*1
1251,461.186,1055,0,0,0.906901,0.95345,39,25*4*1,64*4*1
1252,0,0,0,0,0,0,0,1*1*1,1*1*1
1253,225.233,395,1,0,0.955677,0.977839,15,25*2*1,64*1*1
1254,94.3636,12,0,0,0.916137,0.958069,2,1*1*1,4*1*1
1255,343.261,527,0,0,0.745351,0.872676,30,25*2*1,64*2*1
1256,606.955,1056,1,0,0.689096,0.844548,45,25*4*1,64*4*1
1257,196.357,198,1,0,0.718334,0.859167,14,25*1*1,32*1*1
1258,393.63,789,1,0,0.856261,0.92813,35,25*4*1,64*2*1
1259,1167.01,2433,1,0,0.796266,0.898133,67,25*2*5,64*8*1
1260,2856.76,6988,0,0,0.87391,0.936955,96,25*4*7,64*8*3
1261,5307.31,13323,1,0,0.867266,0.933633,107,25*4*13,64*16*3
1262,16083.4,13322,1,0,0.286186,0.643093,107,25*4*13,64*16*3
1263,6452.81,13323,1,0,0.713309,0.856655,107,25*4*13,64*16*3
1264,16334.4,13322,1,0,0.281789,0.640894,107,25*4*13,64*16*3
1265,788.606,2110,0,0,0.975519,0.987759,60,25*4*2,64*8*1
1266,10570.4,13322,0,0,0.435447,0.717724,107,25*4*13,64*16*3
1267,7903.32,13322,1,0,0.582394,0.791197,107,25*4*13,64*16*3
1268,1585.11,4220,0,0,0.928264,0.964132,83,25*4*4,64*16*1
1269,16082.3,13322,0,0,0.286206,0.643103,107,25*4*13,64*16*3
1270,2484.51,6328,0,0,0.928916,0.964458,90,25*4*6,64*8*3
1271,20410.6,13322,0,0,0.225513,0.612756,107,25*4*13,64*16*3
1272,12841.2,13322,1,0,0.358444,0.679222,107,25*4*13,64*16*3
1273,3096.52,7707,0,0,0.889434,0.944717,97,25*4*7,64*16*2
1274,3468.91,7707,1,0,0.793953,0.896976,97,25*4*7,64*16*2
1275,3898.94,7707,1,0,0.706384,0.853192,97,25*4*7,64*16*2
1276,2693.85,6988,0,0,0.926759,0.96338,95,25*4*7,64*8*3
1277,3249.73,7707,0,0,0.847501,0.923751,97,25*4*7,64*16*2
1278,1329.07,2708,0,0,0.720767,0.860384,75,25*4*3,64*8*1
1279,1230.67,2709,1,0,0.778397,0.889199,68,25*4*3,64*8*1
1280,1989.65,4864,0,0,0.834343,0.917171,86,25*4*5,64*16*1
1281,2858.78,6988,0,0,0.873292,0.936646,96,25*4*7,64*8*3
1282,3875.38,7707,0,0,0.710679,0.855339,97,25*4*7,64*16*2
1283,4334.48,11928,0,0,0.974869,0.987434,105,25*4*11,64*16*3
1284,12595.5,13322,0,0,0.365436,0.682718,107,25*4*13,64*16*3
1285,1221.06,2708,0,0,0.784523,0.892262,68,25*4*3,64*8*1
1286,2057.81,4864,0,0,0.806707,0.903354,88,25*4*5,64*16*1
1287,2546.61,6328,0,0,0.906264,0.953132,90,25*4*6,64*8*3
1288,6811.99,13322,0,0,0.675698,0.837849,107,25*4*13,64*16*3
1289,2946.38,7707,0,0,0.934757,0.967379,97,25*4*7,64*16*2
1290,1447.18,3457,0,0,0.886379,0.94319,82,25*4*3,64*16*1
1291,334.69,527,0,0,0.764439,0.882219,28,25*2*1,64*2*1
1292,1385.94,3165,0,0,0.905342,0.952671,80,25*4*3,64*4*3
1293,795.325,2110,0,0,0.967278,0.983639,60,25*4*2,64*8*1
1294,878.578,2111,1,0,0.875619,0.93781,60,25*4*2,64*8*1
1295,1488.51,3457,0,0,0.861768,0.930884,82,25*4*3,64*16*1
1296,841.806,2110,0,0,0.913869,0.956934,60,25*4*2,64*8*1
1297,744.788,1355,1,0,0.741083,0.870542,58,25*2*3,64*4*1
1298,2529.38,6328,0,0,0.912437,0.956219,90,25*4*6,64*8*3
1299,2437.81,6329,1,0,0.94671,0.973355,90,25*4*6,64*8*3
1300,2235.11,4864,0,0,0.742715,0.871358,89,25*4*5,64*16*1
1301,2138.39,4864,1,0,0.776308,0.888154,88,25*4*5,64*16*1
1302,3218.19,7707,0,0,0.855807,0.927904,97,25*4*7,64*16*2
1303,3108.55,7707,1,0,0.885992,0.942996,97,25*4*7,64*16*2
1304,2690.69,6989,1,0,0.927848,0.963924,95,25*4*7,64*8*3
1305,15963,13322,1,0,0.288345,0.644172,107,25*4*13,64*16*3
1306,16317.8,13323,1,0,0.282075,0.641038,107,25*4*13,64*16*3
1307,20157,13322,1,0,0.22835,0.614175,107,25*4*13,64*16*3
1308,5101.56,13322,1,0,0.902244,0.951122,107,25*4*13,64*16*3
1309,4844.47,12645,1,0,0.911183,0.955592,106,25*4*12,64*16*3
1310,16292.9,13322,1,0,0.282506,0.641253,107,25*4*13,64*16*3
1311,6272.56,13323,1,0,0.733807,0.866904,107,25*4*13,64*16*3
1312,6696.27,13322,1,0,0.687375,0.843688,107,25*4*13,64*16*3
1313,6429.27,13322,1,0,0.715921,0.857961,107,25*4*13,64*16*3
1314,16146.6,13323,1,0,0.285066,0.642533,107,25*4*13,64*16*3
1315,16208.6,13322,1,0,0.283976,0.641988,107,25*4*13,64*16*3
1316,10514.6,13322,1,0,0.437758,0.718879,107,25*4*13,64*16*3
1317,7880.82,13323,1,0,0.584057,0.792029,107,25*4*13,64*16*3
1318,15982.9,13322,1,0,0.287986,0.643993,107,25*4*13,64*16*3
1319,8189.28,13322,1,0,0.562058,0.781029,107,25*4*13,64*16*3
1320,12786.9,13322,1,0,0.359966,0.679983,107,25*4*13,64*16*3
1321,8064.45,13323,1,0,0.570758,0.785379,107,25*4*13,64*16*3
1322,8084.63,13322,1,0,0.569333,0.784667,107,25*4*13,64*16*3
1323,7951.48,13323,1,0,0.578867,0.789434,107,25*4*13,64*16*3
1324,8123.31,13322,1,0,0.566622,0.783311,107,25*4*13,64*16*3
1325,7786.76,13323,1,0,0.591112,0.795556,107,25*4*13,64*16*3
1326,10294.7,13322,1,0,0.447109,0.723554,107,25*4*13,64*16*3
1327,6505.01,13323,1,0,0.707585,0.853793,107,25*4*13,64*16*3
1328,8232.59,13322,1,0,0.559101,0.779551,107,25*4*13,64*16*3
1329,6471.99,13322,1,0,0.711195,0.855598,107,25*4*13,64*16*3
1330,5101.35,13323,1,0,0.902281,0.95114,107,25*4*13,64*16*3
1331,1839.91,4220,0,0,0.799713,0.899857,83,25*4*4,64*16*1
1332,1647.47,4220,1,0,0.893127,0.946564,83,25*4*4,64*16*1
1333,1923.75,4221,1,0,0.76486,0.88243,83,25*4*4,64*16*1
1334,2628.16,6328,0,0,0.878143,0.939071,93,25*4*6,64*8*3
1335,5339.56,13322,0,0,0.862028,0.931014,107,25*4*13,64*16*3
1336,5355.11,13322,1,0,0.859525,0.929762,107,25*4*13,64*16*3
1337,20476.9,13322,1,0,0.224783,0.612391,107,25*4*13,64*16*3
1338,3169.64,7707,0,0,0.868916,0.934458,97,25*4*7,64*16*2
1339,6038.78,13322,0,0,0.762215,0.881108,107,25*4*13,64*16*3
1340,20322.5,13322,1,0,0.22649,0.613245,107,25*4*13,64*16*3
1341,12668.6,13322,1,0,0.363327,0.681664,107,25*4*13,64*16*3
1342,12924.9,13323,1,0,0.356123,0.678061,107,25*4*13,64*16*3
1343,6479.19,13322,1,0,0.710405,0.855203,107,25*4*13,64*16*3
1344,12349.7,13322,1,0,0.372709,0.686355,107,25*4*13,64*16*3
1345,12571,13323,1,0,0.366148,0.683074,107,25*4*13,64*16*3
1346,8145.81,13322,1,0,0.565057,0.782529,107,25*4*13,64*16*3
1347,2241.64,4864,0,0,0.740552,0.870276,89,25*4*5,64*16*1
1348,917.595,2110,0,0,0.838387,0.919194,61,25*4*2,64*8*1
1349,514.316,1056,1,0,0.813216,0.906608,42,25*4*1,64*4*1
1350,279.225,395,1,0,0.770884,0.885442,20,25*2*1,64*1*1
1351,251.448,395,1,0,0.856042,0.928021,18,25*2*1,64*1*1
1352,490.149,1056,1,0,0.853312,0.926656,39,25*4*1,64*4*1
1353,0,0,0,0,0,0,0,1*1*1,1*1*1
1354,477.558,1056,1,0,0.87581,0.937905,39,25*4*1,64*4*1
1355,727.753,1354,0,0,0.75843,0.879215,58,25*2*3,64*4*1
1356,454.081,789,0,0,0.742268,0.871134,37,25*4*1,64*2*1
1357,269.201,394,1,0,0.799588,0.899794,20,25*2*1,64*1*1
1358,1138.53,2433,1,0,0.816184,0.908092,67,25*2*5,64*8*1
1359,1868.01,4221,1,0,0.787683,0.893842,83,25*4*4,64*16*1
1360,1878.69,4220,1,0,0.783205,0.891603,83,25*4*4,64*16*1
1361,4351.87,11928,0,0,0.970973,0.985487,105,25*4*11,64*16*3
1362,5137.31,13322,0,0,0.895965,0.947983,107,25*4*13,64*16*3
1363,6516.58,13322,1,0,0.706329,0.853165,107,25*4*13,64*16*3
1364,4148.49,9721,0,0,0.800315,0.900158,103,25*4*10,64*16*2
1365,1919.16,4220,0,0,0.76669,0.883345,83,25*4*4,64*16*1
1366,2291.86,4864,0,0,0.724324,0.862162,89,25*4*5,64*16*1
1367,635.905,1055,0,0,0.657724,0.828862,45,25*4*1,64*4*1
1368,1605.99,4220,0,0,0.916195,0.958097,83,25*4*4,64*16*1
1369,0,0,0,0,0,0,0,1*1*1,1*1*1
1370,394.356,789,0,0,0.854685,0.927342,35,25*4*1,64*2*1
1371,764.364,1354,0,0,0.722104,0.861052,58,25*2*3,64*4*1
1372,97.7432,12,0,0,0.884461,0.94223,2,1*1*1,4*1*1
1373,284.984,394,0,0,0.755306,0.877653,20,25*2*1,64*1*1
1374,405.341,789,1,0,0.831522,0.915761,35,25*4*1,64*2*1
1375,351.245,528,1,0,0.728409,0.864204,31,25*2*1,64*2*1
1376,612.627,1056,1,0,0.682716,0.841358,45,25*4*1,64*4*1
1377,465.018,1056,1,0,0.899428,0.949714,39,25*4*1,64*4*1
1378,774.529,1354,0,0,0.712627,0.856313,58,25*2*3,64*4*1
1379,491.655,1055,0,0,0.850698,0.925349,39,25*4*1,64*4*1
1380,331.673,528,1,0,0.771392,0.885696,26,25*2*1,64*2*1
1381,335.808,528,1,0,0.761894,0.880947,28,25*2*1,64*2*1
1382,528.931,1056,1,0,0.790746,0.895373,42,25*4*1,64*4*1
1383,1103.69,2432,0,0,0.841948,0.920974,67,25*2*5,64*8*1
1384,3039.98,7707,0,0,0.905976,0.952988,97,25*4*7,64*16*2
1385,4830.47,12644,0,0,0.913824,0.956912,106,25*4*12,64*16*3
1386,5047.86,13323,1,0,0.911842,0.955921,107,25*4*13,64*16*3
1387,919.927,2110,0,0,0.836262,0.918131,62,25*4*2,64*8*1
1388,16353,13322,0,0,0.281468,0.640734,107,25*4*13,64*16*3
1389,1969.53,4864,0,0,0.842866,0.921433,85,25*4*5,64*16*1
1390,19922,13322,0,0,0.231044,0.615522,107,25*4*13,64*16*3
1391,2572.53,6328,0,0,0.897132,0.948566,90,25*4*6,64*8*3
1392,2368.15,6329,1,0,0.974558,0.987279,90,25*4*6,64*8*3
1393,3029.44,7707,0,0,0.909128,0.954564,97,25*4*7,64*16*2
1394,4245.58,9721,0,0,0.782013,0.891007,103,25*4*10,64*16*2
1395,3524.73,7707,0,0,0.781379,0.890689,97,25*4*7,64*16*2
1396,3717.95,7707,1,0,0.740771,0.870386,97,25*4*7,64*16*2
1397,1866.6,4220,0,0,0.788278,0.894139,83,25*4*4,64*16*1
1398,4196.62,9721,0,0,0.791137,0.895568,103,25*4*10,64*16*2
1399,4252.37,9721,1,0,0.780765,0.890382,103,25*4*10,64*16*2
1400,3258.97,7707,0,0,0.845098,0.922549,97,25*4*7,64*16*2
1401,2545.55,6328,0,0,0.906641,0.953321,90,25*4*6,64*8*3
1402,5198.27,13322,0,0,0.885458,0.942729,107,25*4*13,64*16*3
1403,4229.66,9721,0,0,0.784957,0.892478,103,25*4*10,64*16*2
1404,3882.95,7707,0,0,0.709293,0.854647,97,25*4*7,64*16*2
1405,2558.77,6328,0,0,0.901957,0.950978,90,25*4*6,64*8*3
1406,2098.34,4864,0,0,0.791125,0.895563,88,25*4*5,64*16*1
1407,3593.33,7707,0,0,0.766462,0.883231,97,25*4*7,64*16*2
1408,4118.84,9721,0,0,0.806076,0.903038,103,25*4*10,64*16*2
1409,3963.86,9721,1,0,0.837593,0.918796,101,25*4*10,64*16*2
1410,2757.55,6988,0,0,0.905351,0.952675,96,25*4*7,64*8*3
1411,4291.01,9721,0,0,0.773734,0.886867,103,25*4*10,64*16*2
1412,6400.3,13322,0,0,0.719162,0.859581,107,25*4*13,64*16*3
1413,5004.05,13322,1,0,0.919825,0.959912,107,25*4*13,64*16*3
1414,5372.82,13322,1,0,0.856692,0.928346,107,25*4*13,64*16*3
1415,2660.59,6329,1,0,0.867439,0.93372,94,25*4*6,64*8*3
1416,1851.78,4220,0,0,0.794587,0.897293,83,25*4*4,64*16*1
1417,481.371,1055,0,0,0.868872,0.934436,39,25*4*1,64*4*1
1418,2237.11,4864,0,0,0.742051,0.871026,89,25*4*5,64*16*1
1419,419.941,789,0,0,0.802613,0.901306,35,25*4*1,64*2*1
1420,298.642,528,1,0,0.856711,0.928356,23,25*2*1,64*2*1
1421,148.33,56,0,0,0.696083,0.848042,4,5*1*1,16*1*1
1422,330.182,527,0,0,0.774876,0.887438,26,25*2*1,64*2*1
1423,869.077,2111,1,0,0.885192,0.942596,60,25*4*2,64*8*1
1424,1314.08,2708,0,0,0.728989,0.864495,73,25*4*3,64*8*1
1425,937.923,2110,0,0,0.820217,0.910108,62,25*4*2,64*8*1
1426,2193.99,4864,1,0,0.756635,0.878318,89,25*4*5,64*16*1
1427,1137.68,2433,1,0,0.816794,0.908397,67,25*2*5,64*8*1
1428,1822.16,4221,1,0,0.807503,0.903752,83,25*4*4,64*16*1
1429,195.297,197,0,0,0.722233,0.861117,12,25*1*1,32*1*1
1430,287.654,395,1,0,0.748295,0.874147,20,25*2*1,64*1*1
1431,528.144,1056,1,0,0.791924,0.895962,42,25*4*1,64*4*1
1432,0,0,0,0,0,0,0,1*1*1,1*1*1
1433,512.231,1056,1,0,0.816526,0.908263,41,25*4*1,64*4*1
1434,0,0,0,0,0,0,0,1*1*1,1*1*1
1435,198.026,197,1,0,0.71228,0.85614,14,25*1*1,32*1*1
1436,367.489,527,0,0,0.696211,0.848106,33,25*2*1,64*2*1
1437,145.351,56,0,0,0.710349,0.855175,4,5*1*1,16*1*1
1438,299.787,527,0,0,0.853439,0.92672,23,25*2*1,64*2*1
1439,141.483,56,0,0,0.72977,0.864885,4,5*1*1,16*1*1
1440,471.944,1055,0,0,0.886228,0.943114,39,25*4*1,64*4*1
1441,433.542,789,1,0,0.777433,0.888717,36,25*4*1,64*2*1
1442,34.5325,0,0,0,0,0,0,1*1*1,1*1*1
1443,541.878,1056,1,0,0.771853,0.885926,43,25*4*1,64*4*1
1444,1378.08,3165,0,0,0.910506,0.955253,80,25*4*3,64*4*3
1445,661.479,1354,0,0,0.834418,0.917209,51,25*2*3,64*4*1
1446,70.2251,0,0,0,0,0,0,1*1*1,1*1*1
1447,1372.53,2709,1,0,0.697945,0.848972,79,25*4*3,64*8*1
1448,2763.21,6988,0,0,0.903496,0.951748,96,25*4*7,64*8*3
1449,1565.86,3457,0,0,0.819198,0.909599,82,25*4*3,64*16*1
1450,3412.79,7707,0,0,0.807008,0.903504,97,25*4*7,64*16*2
1451,15778.1,13322,0,0,0.291724,0.645862,107,25*4*13,64*16*3
1452,20407.9,13322,1,0,0.225543,0.612771,107,25*4*13,64*16*3
1453,16097.4,13322,1,0,0.285937,0.642969,107,25*4*13,64*16*3
1454,15842.8,13323,1,0,0.290533,0.645266,107,25*4*13,64*16*3
1455,20135.9,13322,1,0,0.228589,0.614295,107,25*4*13,64*16*3
1456,12913.9,13322,1,0,0.356426,0.678213,107,25*4*13,64*16*3
1457,16002,13323,1,0,0.287642,0.643821,107,25*4*13,64*16*3
1458,25152.1,13322,1,0,0.183001,0.5915,107,25*4*13,64*16*3
1459,20220.9,13322,1,0,0.227628,0.613814,107,25*4*13,64*16*3
1460,16137.7,13322,1,0,0.285223,0.642612,107,25*4*13,64*16*3
1461,16046.1,13323,1,0,0.286852,0.643426,107,25*4*13,64*16*3
1462,15309.3,13322,1,0,0.300657,0.650329,107,25*4*13,64*16*3
1463,20018.8,13323,1,0,0.229926,0.614963,107,25*4*13,64*16*3
1464,10464.9,13322,1,0,0.439837,0.719918,107,25*4*13,64*16*3
1465,20209.7,13322,1,0,0.227754,0.613877,107,25*4*13,64*16*3
1466,25351.4,13323,1,0,0.181562,0.590781,107,25*4*13,64*16*3
1467,16058.4,13322,1,0,0.286632,0.643316,107,25*4*13,64*16*3
1468,12734,13322,1,0,0.361461,0.680731,107,25*4*13,64*16*3
1469,16410.2,13322,1,0,0.280487,0.640244,107,25*4*13,64*16*3
1470,25758.4,13323,1,0,0.178693,0.589347,107,25*4*13,64*16*3
1471,20025.1,13322,1,0,0.229854,0.614927,107,25*4*13,64*16*3
1472,25345.6,13323,1,0,0.181604,0.590802,107,25*4*13,64*16*3
1473,13080.6,13322,1,0,0.351884,0.675942,107,25*4*13,64*16*3
1474,12908.2,13322,1,0,0.356583,0.678292,107,25*4*13,64*16*3
1475,12888.1,13322,1,0,0.35714,0.67857,107,25*4*13,64*16*3
1476,15714.6,13323,1,0,0.292903,0.646451,107,25*4*13,64*16*3
1477,12460.4,13322,1,0,0.369398,0.684699,107,25*4*13,64*16*3
1478,12863.5,13322,1,0,0.357823,0.678911,107,25*4*13,64*16*3
1479,16175.5,13323,1,0,0.284557,0.642278,107,25*4*13,64*16*3
1480,12478.1,13322,1,0,0.368874,0.684437,107,25*4*13,64*16*3
1481,10013,13322,1,0,0.459687,0.729844,107,25*4*13,64*16*3
1482,12825.4,13322,1,0,0.358885,0.679443,107,25*4*13,64*16*3
1483,16405.3,13323,1,0,0.280571,0.640285,107,25*4*13,64*16*3
1484,15700.7,13322,1,0,0.293162,0.646581,107,25*4*13,64*16*3
1485,5212.19,13322,1,0,0.883093,0.941547,107,25*4*13,64*16*3
1486,16065.2,13323,1,0,0.286511,0.643255,107,25*4*13,64*16*3
1487,3982.07,9721,0,0,0.833762,0.916881,101,25*4*10,64*16*2
1488,71.3969,0,0,0,0,0,0,1*1*1,1*1*1
1489,404.066,789,0,0,0.834146,0.917073,35,25*4*1,64*2*1
1490,483.953,1055,1,0,0.864237,0.932118,39,25*4*1,64*4*1
1491,484.355,1056,1,0,0.86352,0.93176,39,25*4*1,64*4*1
1492,423.791,789,1,0,0.795321,0.897661,35,25*4*1,64*2*1
1493,623.869,1056,1,0,0.670413,0.835207,45,25*4*1,64*4*1
1494,2267.57,4864,0,0,0.732083,0.866042,89,25*4*5,64*16*1
1495,774.219,1354,0,0,0.712912,0.856456,58,25*2*3,64*4*1
1496,10293.6,13322,0,0,0.447156,0.723578,107,25*4*13,64*16*3
1497,1729.51,4220,0,0,0.850761,0.925381,83,25*4*4,64*16*1
1498,20213.3,13322,0,0,0.227714,0.613857,107,25*4*13,64*16*3
1499,20175.6,13322,1,0,0.228139,0.61407,107,25*4*13,64*16*3
1500,12976.8,13322,1,0,0.354698,0.677349,107,25*4*13,64*16*3
1501,1531.85,3457,0,0,0.837386,0.918693,82,25*4*3,64*16*1
1502,7453.11,13322,0,0,0.617574,0.808787,107,25*4*13,64*16*3
1503,15652,13322,1,0,0.294074,0.647037,107,25*4*13,64*16*3
1504,15838.5,13322,1,0,0.290611,0.645306,107,25*4*13,64*16*3
1505,19061.9,13323,1,0,0.241469,0.620734,107,25*4*13,64*16*3
1506,12755.6,13322,1,0,0.360849,0.680425,107,25*4*13,64*16*3
1507,1574.17,4220,0,0,0.934715,0.967357,83,25*4*4,64*16*1
1508,0,0,0,0,0,0,0,1*1*1,1*1*1
1509,101.877,43,0,0,0.931025,0.965512,3,5*1*1,8*1*1
1510,238.555,394,0,0,0.902308,0.951154,17,25*2*1,64*1*1
1511,1738.6,4220,1,0,0.846313,0.923157,83,25*4*4,64*16*1
1512,372.136,528,1,0,0.687517,0.843759,33,25*2*1,64*2*1
1513,245.24,395,1,0,0.877712,0.938856,17,25*2*1,64*1*1
1514,683.274,1354,0,0,0.807802,0.903901,55,25*2*3,64*4*1
1515,0,0,0,0,0,0,0,1*1*1,1*1*1
1516,0,0,0,0,0,0,0,1*1*1,1*1*1
1517,1613.39,4220,0,0,0.911993,0.955996,83,25*4*4,64*16*1
1518,2021.13,4864,0,0,0.821347,0.910674,87,25*4*5,64*16*1
1519,1740.61,4220,0,0,0.845336,0.922668,83,25*4*4,64*16*1
1520,0,0,0,0,0,0,0,1*1*1,1*1*1
1521,116.768,56,0,0,0.884232,0.942116,4,5*1*1,16*1*1
1522,166.356,197,0,0,0.84788,0.92394,6,25*1*1,32*1*1
1523,0,0,0,0,0,0,0,1*1*1,1*1*1
1524,620.212,1056,1,0,0.674366,0.837183,45,25*4*1,64*4*1
1525,177.327,197,1,0,0.795423,0.897712,10,25*1*1,32*1*1
1526,253.856,394,0,0,0.847922,0.923961,18,25*2*1,64*1*1
1527,438.13,789,1,0,0.769292,0.884646,36,25*4*1,64*2*1
1528,0,0,0,0,0,0,0,1*1*1,1*1*1
1529,45.4251,0,0,0,0,0,0,1*1*1,1*1*1
1530,0,0,0,0,0,0,0,1*1*1,1*1*1
1531,0,0,0,0,0,0,0,1*1*1,1*1*1
1532,0,0,0,0,0,0,0,1*1*1,1*1*1
1533,150.62,197,0,0,0.936463,0.968231,5,25*1*1,32*1*1
1534,41.4484,0,0,0,0,0,0,1*1*1,1*1*1
1535,0,0,0,0,0,0,0,1*1*1,1*1*1
1536,0,0,0,0,0,0,0,1*1*1,1*1*1
1537,0,0,0,0,0,0,0,1*1*1,1*1*1
1538,0,0,0,0,0,0,0,1*1*1,1*1*1
1539,262.83,395,1,0,0.81897,0.909485,19,25*2*1,64*1*1
1540,667.122,1354,0,0,0.82736,0.91368,53,25*2*3,64*4*1
1541,144.978,56,0,0,0.712177,0.856089,4,5*1*1,16*1*1
1542,265.562,394,0,0,0.810545,0.905273,19,25*2*1,64*1*1
1543,410.506,789,1,0,0.82106,0.91053,35,25*4*1,64*2*1
1544,248.833,395,1,0,0.865038,0.932519,17,25*2*1,64*1*1
1545,681.083,1354,0,0,0.8104,0.9052,53,25*2*3,64*4*1
1546,117.126,56,0,0,0.881529,0.940765,4,5*1*1,16*1*1
1547,199.762,197,0,0,0.70609,0.853045,14,25*1*1,32*1*1
1548,119.357,56,0,0,0.865052,0.932526,4,5*1*1,16*1*1
1549,0,0,0,0,0,0,0,1*1*1,1*1*1
1550,0,0,0,0,0,0,0,1*1*1,1*1*1
1551,577.567,1055,0,0,0.724158,0.862079,43,25*4*1,64*4*1
1552,0,0,0,0,0,0,0,1*1*1,1*1*1
1553,556.684,1056,1,0,0.751324,0.875662,43,25*4*1,64*4*1
1554,0,0,0,0,0,0,0,1*1*1,1*1*1
1555,436.79,789,1,0,0.771652,0.885826,36,25*4*1,64*2*1
1556,0,0,0,0,0,0,0,1*1*1,1*1*1
1557,0,0,0,0,0,0,0,1*1*1,1*1*1
1558,624.484,1056,1,0,0.669753,0.834876,45,25*4*1,64*4*1
1559,1050.5,2110,0,0,0.732318,0.866159,66,25*4*2,64*8*1
1560,3103.54,7707,0,0,0.887422,0.943711,97,25*4*7,64*16*2
1561,4718.09,12644,0,0,0.93559,0.967795,106,25*4*12,64*16*3
1562,15259.5,13323,1,0,0.301638,0.650819,107,25*4*13,64*16*3
1563,6724.39,13322,1,0,0.684501,0.84225,107,25*4*13,64*16*3
1564,15977.7,13322,1,0,0.28808,0.64404,107,25*4*13,64*16*3
1565,1209,2708,0,0,0.792349,0.896175,68,25*4*3,64*8*1
1566,9686.95,13322,0,0,0.47516,0.73758,107,25*4*13,64*16*3
1567,8720.5,13322,1,0,0.52782,0.76391,107,25*4*13,64*16*3
1568,1935.59,4220,0,0,0.760182,0.880091,83,25*4*4,64*16*1
1569,15180,13322,0,0,0.303218,0.651609,107,25*4*13,64*16*3
1570,2816.13,6988,0,0,0.886518,0.943259,96,25*4*7,64*8*3
1571,20602.6,13323,1,0,0.223411,0.611706,107,25*4*13,64*16*3
1572,12179.6,13322,1,0,0.377915,0.688957,107,25*4*13,64*16*3
1573,3541.96,7707,0,0,0.777578,0.888789,97,25*4*7,64*16*2
1574,3363.31,7707,1,0,0.818881,0.90944,97,25*4*7,64*16*2
1575,3974.24,9721,0,0,0.835405,0.917703,101,25*4*10,64*16*2
1576,2473.81,6328,0,0,0.932933,0.966467,90,25*4*6,64*8*3
1577,3353.67,7707,0,0,0.821235,0.910617,97,25*4*7,64*16*2
1578,1980.91,4864,0,0,0.838024,0.919012,86,25*4*5,64*16*1
1579,1435.45,3457,0,0,0.893622,0.946811,82,25*4*3,64*16*1
1580,1884.18,4220,0,0,0.780923,0.890462,83,25*4*4,64*16*1
1581,3087.63,7707,0,0,0.891995,0.945997,97,25*4*7,64*16*2
1582,3378.55,7707,1,0,0.815187,0.907593,97,25*4*7,64*16*2
1583,4301.24,11928,0,0,0.982403,0.991201,105,25*4*11,64*16*3
1584,12049.5,13322,0,0,0.381995,0.690998,107,25*4*13,64*16*3
1585,625.071,1055,0,0,0.669124,0.834562,45,25*4*1,64*4*1
1586,2173.02,4864,0,0,0.763937,0.881968,89,25*4*5,64*16*1
1587,3307.09,7707,0,0,0.832802,0.916401,97,25*4*7,64*16*2
1588,6469.68,13322,0,0,0.711449,0.855725,107,25*4*13,64*16*3
1589,2152.94,4864,0,0,0.771062,0.885531,89,25*4*5,64*16*1
1590,1033.12,2110,0,0,0.744638,0.872319,66,25*4*2,64*8*1
1591,546.8,1056,1,0,0.764905,0.882452,43,25*4*1,64*4*1
1592,760.848,1354,0,0,0.725441,0.86272,58,25*2*3,64*4*1
1593,1150.71,2432,0,0,0.807545,0.903772,67,25*2*5,64*8*1
1594,1483.41,3458,1,0,0.864731,0.932365,82,25*4*3,64*16*1
1595,1846.34,4220,0,0,0.796928,0.898464,83,25*4*4,64*16*1
1596,792.485,2110,0,0,0.970744,0.985372,60,25*4*2,64*8*1
1597,43.7316,0,0,0,0,0,0,1*1*1,1*1*1
1598,2518.01,6328,0,0,0.916557,0.958279,90,25*4*6,64*8*3
1599,2244.93,4864,0,0,0.739466,0.869733,89,25*4*5,64*16*1
1600,2313.23,4864,1,0,0.717633,0.858816,89,25*4*5,64*16*1
1601,2978.58,7707,0,0,0.924652,0.962326,97,25*4*7,64*16*2
1602,3704.18,7707,1,0,0.743525,0.871762,97,25*4*7,64*16*2
1603,3842.7,7707,1,0,0.716723,0.858361,97,25*4*7,64*16*2
1604,1907.48,4220,0,0,0.771384,0.885692,83,25*4*4,64*16*1
1605,16435.6,13322,0,0,0.280054,0.640027,107,25*4*13,64*16*3
1606,16234.8,13322,1,0,0.283518,0.641759,107,25*4*13,64*16*3
1607,19615.5,13322,1,0,0.234654,0.617327,107,25*4*13,64*16*3
1608,4847.39,12645,1,0,0.910634,0.955317,106,25*4*12,64*16*3
1609,4579.71,12645,1,0,0.96386,0.98193,106,25*4*12,64*16*3
1610,15894.4,13322,0,0,0.289589,0.644795,107,25*4*13,64*16*3
1611,6120.98,13322,1,0,0.751979,0.87599,107,25*4*13,64*16*3
1612,6659.26,13322,1,0,0.691195,0.845598,107,25*4*13,64*16*3
1613,6120.95,13323,1,0,0.751983,0.875991,107,25*4*13,64*16*3
1614,15882.8,13322,1,0,0.289801,0.6449,107,25*4*13,64*16*3
1615,16472.4,13322,1,0,0.279428,0.639714,107,25*4*13,64*16*3
1616,10227.3,13323,1,0,0.450055,0.725028,107,25*4*13,64*16*3
1617,8120.05,13322,1,0,0.56685,0.783425,107,25*4*13,64*16*3
1618,16244.8,13322,1,0,0.283343,0.641671,107,25*4*13,64*16*3
1619,7789.32,13322,1,0,0.590918,0.795459,107,25*4*13,64*16*3
1620,12516.3,13323,1,0,0.367748,0.683874,107,25*4*13,64*16*3
1621,7930.32,13322,1,0,0.580412,0.790206,107,25*4*13,64*16*3
1622,8152.17,13323,1,0,0.564617,0.782308,107,25*4*13,64*16*3
1623,7957.25,13322,1,0,0.578447,0.789224,107,25*4*13,64*16*3
1624,7757.67,13322,1,0,0.593329,0.796664,107,25*4*13,64*16*3
1625,8241.72,13323,1,0,0.558482,0.779241,107,25*4*13,64*16*3
1626,9771.85,13322,1,0,0.471032,0.735516,107,25*4*13,64*16*3
1627,7142.14,13322,1,0,0.644464,0.822232,107,25*4*13,64*16*3
1628,7792.92,13322,1,0,0.590645,0.795323,107,25*4*13,64*16*3
1629,5741.6,13323,1,0,0.801667,0.900833,107,25*4*13,64*16*3
1630,4141.92,9721,0,0,0.801585,0.900792,103,25*4*10,64*16*2
1631,2887.05,7707,0,0,0.953967,0.976983,97,25*4*7,64*16*2
1632,1582.09,4220,0,0,0.930036,0.965018,83,25*4*4,64*16*1
1633,2635.4,6328,0,0,0.87573,0.937865,94,25*4*6,64*8*3
1634,2757.91,6988,0,0,0.905233,0.952616,96,25*4*7,64*8*3
1635,4802.37,12645,1,0,0.919171,0.959586,106,25*4*12,64*16*3
1636,5347.52,13322,1,0,0.860745,0.930372,107,25*4*13,64*16*3
1637,20385.6,13323,1,0,0.225789,0.612895,107,25*4*13,64*16*3
1638,3083.11,7707,0,0,0.893303,0.946651,97,25*4*7,64*16*2
1639,6336.67,13322,0,0,0.726383,0.863192,107,25*4*13,64*16*3
1640,19514.3,13322,1,0,0.235871,0.617935,107,25*4*13,64*16*3
1641,13003.9,13322,1,0,0.353959,0.67698,107,25*4*13,64*16*3
1642,12352.1,13323,1,0,0.372637,0.686319,107,25*4*13,64*16*3
1643,6289.46,13322,1,0,0.731835,0.865918,107,25*4*13,64*16*3
1644,12510.3,13322,1,0,0.367925,0.683962,107,25*4*13,64*16*3
1645,12352.9,13323,1,0,0.372613,0.686306,107,25*4*13,64*16*3
1646,8239.32,13322,1,0,0.558644,0.779322,107,25*4*13,64*16*3
1647,2231.93,4864,0,0,0.743773,0.871887,89,25*4*5,64*16*1
1648,921.417,2110,0,0,0.83491,0.917455,62,25*4*2,64*8*1
1649,765.947,1355,1,0,0.720611,0.860306,58,25*2*3,64*4*1
1650,720.232,1355,1,0,0.76635,0.883175,58,25*2*3,64*4*1
1651,73.5151,0,0,0,0,0,0,1*1*1,1*1*1
1652,958.976,2110,0,0,0.80221,0.901105,62,25*4*2,64*8*1
1653,0,0,0,0,0,0,0,1*1*1,1*1*1
1654,0,0,0,0,0,0,0,1*1*1,1*1*1
1655,222.894,395,1,0,0.965706,0.982853,15,25*2*1,64*1*1
1656,631.732,1056,1,0,0.662069,0.831034,45,25*4*1,64*4*1
1657,0,0,0,0,0,0,0,1*1*1,1*1*1
1658,1760.12,4220,0,0,0.835966,0.917983,83,25*4*4,64*16*1
1659,1175.46,2432,0,0,0.790542,0.895271,67,25*2*5,64*8*1
1660,1585.97,4221,1,0,0.92776,0.96388,83,25*4*4,64*16*1
1661,3581.65,7707,0,0,0.768961,0.884481,97,25*4*7,64*16*2
1662,6187.04,13322,0,0,0.74395,0.871975,107,25*4*13,64*16*3
1663,7019.61,13322,1,0,0.655713,0.827857,107,25*4*13,64*16*3
1664,4577.22,12645,1,0,0.964384,0.982192,106,25*4*12,64*16*3
1665,1295.19,2708,0,0,0.739621,0.869811,68,25*4*3,64*8*1
1666,1409.96,3166,1,0,0.889919,0.944959,80,25*4*3,64*4*3
1667,1044.02,2110,0,0,0.736863,0.868432,66,25*4*2,64*8*1
1668,1531.39,3458,1,0,0.837638,0.918819,82,25*4*3,64*16*1
1669,256.774,394,0,0,0.838286,0.919143,19,25*2*1,64*1*1
1670,482.945,1056,1,0,0.866041,0.93302,39,25*4*1,64*4*1
1671,578.295,1056,1,0,0.723247,0.861623,43,25*4*1,64*4*1
1672,51.7029,0,0,0,0,0,0,1*1*1,1*1*1
1673,0,0,0,0,0,0,0,1*1*1,1*1*1
1674,0,0,0,0,0,0,0,1*1*1,1*1*1
1675,0,0,0,0,0,0,0,1*1*1,1*1*1
1676,105.832,43,0,0,0.896232,0.948116,3,5*1*1,8*1*1
1677,8.59027,0,0,0,0,0,0,1*1*1,1*1*1
1678,493.265,1055,0,0,0.847922,0.923961,39,25*4*1,64*4*1
1679,409.315,789,1,0,0.823449,0.911724,35,25*4*1,64*2*1
1680,330.409,528,1,0,0.774343,0.887172,26,25*2*1,64*2*1
1681,0,0,0,0,0,0,0,1*1*1,1*1*1
1682,766.88,1355,1,0,0.719735,0.859867,58,25*2*3,64*4*1
1683,822.826,2110,0,0,0.934949,0.967474,60,25*4*2,64*8*1
1684,2671.81,6988,0,0,0.934404,0.967202,95,25*4*7,64*8*3
1685,6022.47,13323,1,0,0.764279,0.88214,107,25*4*13,64*16*3
1686,4226.78,9721,0,0,0.785492,0.892746,103,25*4*10,64*16*2
1687,1276.51,2708,0,0,0.750445,0.875222,68,25*4*3,64*8*1
1688,15514.2,13322,0,0,0.296686,0.648343,107,25*4*13,64*16*3
1689,2543.19,6328,0,0,0.907482,0.953741,90,25*4*6,64*8*3
1690,20169.8,13322,0,0,0.228205,0.614103,107,25*4*13,64*16*3
1691,2165.56,4864,0,0,0.766568,0.883284,89,25*4*5,64*16*1
1692,2361.7,6328,0,0,0.97722,0.98861,90,25*4*6,64*8*3
1693,3875.52,7707,0,0,0.710653,0.855327,97,25*4*7,64*16*2
1694,3898.64,7707,1,0,0.706439,0.853219,97,25*4*7,64*16*2
1695,3513.31,7707,1,0,0.783919,0.891959,97,25*4*7,64*16*2
1696,2378.39,6328,0,0,0.970362,0.985181,90,25*4*6,64*8*3
1697,2055.81,4864,0,0,0.807492,0.903746,88,25*4*5,64*16*1
1698,4116.2,9721,0,0,0.806593,0.903297,103,25*4*10,64*16*2
1699,4674.41,12644,0,0,0.944333,0.972167,106,25*4*12,64*16*3
1700,3014.58,7707,0,0,0.91361,0.956805,97,25*4*7,64*16*2
1701,2611.23,6328,0,0,0.883836,0.941918,92,25*4*6,64*8*3
1702,4819.27,12644,0,0,0.915948,0.957974,106,25*4*12,64*16*3
1703,4366.1,11929,1,0,0.967809,0.983904,105,25*4*11,64*16*3
1704,4510.11,11928,1,0,0.936906,0.968453,105,25*4*11,64*16*3
1705,3317.31,7707,0,0,0.830236,0.915118,97,25*4*7,64*16*2
1706,1554.08,3457,0,0,0.825408,0.912704,82,25*4*3,64*16*1
1707,2393.84,6328,0,0,0.9641,0.98205,90,25*4*6,64*8*3
1708,3734.29,7707,0,0,0.73753,0.868765,97,25*4*7,64*16*2
1709,4442.39,11928,0,0,0.951188,0.975594,105,25*4*11,64*16*3
1710,1848.69,4220,0,0,0.795915,0.897957,83,25*4*4,64*16*1
1711,3520.24,7707,0,0,0.782376,0.891188,97,25*4*7,64*16*2
1712,6800.41,13322,0,0,0.676849,0.838424,107,25*4*13,64*16*3
1713,5594.8,13322,1,0,0.822701,0.911351,107,25*4*13,64*16*3
1714,5400.78,13322,1,0,0.852257,0.926128,107,25*4*13,64*16*3
1715,2006.34,4864,0,0,0.827402,0.913701,87,25*4*5,64*16*1
1716,1131.81,2433,1,0,0.82103,0.910515,67,25*2*5,64*8*1
1717,975.545,2110,0,0,0.788585,0.894292,62,25*4*2,64*8*1
1718,1747.99,4221,1,0,0.841767,0.920883,83,25*4*4,64*16*1
1719,0,0,0,0,0,0,0,1*1*1,1*1*1
1720,0,0,0,0,0,0,0,1*1*1,1*1*1
1721,529.581,1055,0,0,0.789775,0.894888,42,25*4*1,64*4*1
1722,1090.02,2432,0,0,0.852507,0.926254,67,25*2*5,64*8*1
1723,1046.11,2111,1,0,0.735391,0.867696,66,25*4*2,64*8*1
1724,941.979,2111,1,0,0.816685,0.908342,62,25*4*2,64*8*1
1725,977.604,2111,1,0,0.786924,0.893462,62,25*4*2,64*8*1
1726,2358.43,6328,0,0,0.978575,0.989287,90,25*4*6,64*8*3
1727,1051.51,2110,0,0,0.731615,0.865807,66,25*4*2,64*8*1
1728,137.689,56,0,0,0.749878,0.874939,4,5*1*1,16*1*1
1729,462.848,1055,0,0,0.903644,0.951822,39,25*4*1,64*4*1
1730,533.268,1056,1,0,0.784315,0.892157,42,25*4*1,64*4*1
1731,1068.44,2110,0,0,0.720022,0.860011,66,25*4*2,64*8*1
1732,153.007,197,0,0,0.921853,0.960927,5,25*1*1,32*1*1
1733,398.196,789,1,0,0.846442,0.923221,35,25*4*1,64*2*1
1734,497.162,1056,1,0,0.841275,0.920638,40,25*4*1,64*4*1
1735,958.045,2110,0,0,0.802989,0.901495,62,25*4*2,64*8*1
1736,0,0,0,0,0,0,0,1*1*1,1*1*1
1737,0,0,0,0,0,0,0,1*1*1,1*1*1
1738,0,0,0,0,0,0,0,1*1*1,1*1*1
1739,0,0,0,0,0,0,0,1*1*1,1*1*1
1740,334.165,528,1,0,0.76564,0.88282,28,25*2*1,64*2*1
1741,1049.62,2110,0,0,0.732932,0.866466,66,25*4*2,64*8*1
1742,318.693,528,1,0,0.80281,0.901405,23,25*2*1,64*2*1
1743,768.928,1354,0,0,0.717818,0.858909,58,25*2*3,64*4*1
1744,1180.7,2709,1,0,0.811341,0.90567,68,25*4*3,64*8*1
1745,1124.7,2432,0,0,0.82622,0.91311,67,25*2*5,64*8*1
1746,0,0,0,0,0,0,0,1*1*1,1*1*1
1747,1001.89,2111,1,0,0.767849,0.883924,65,25*4*2,64*8*1
1748,2060.01,4864,1,0,0.805846,0.902923,88,25*4*5,64*16*1
1749,1685.63,4221,1,0,0.872908,0.936454,83,25*4*4,64*16*1
1750,2796.95,6988,0,0,0.892597,0.946299,96,25*4*7,64*8*3
1751,15838.1,13323,1,0,0.290619,0.645309,107,25*4*13,64*16*3
1752,20275.8,13322,1,0,0.227012,0.613506,107,25*4*13,64*16*3
1753,15508.9,13323,1,0,0.296788,0.648394,107,25*4*13,64*16*3
1754,16593.7,13322,1,0,0.277385,0.638693,107,25*4*13,64*16*3
1755,19486.7,13322,1,0,0.236205,0.618102,107,25*4*13,64*16*3
1756,12161.4,13323,1,0,0.37848,0.68924,107,25*4*13,64*16*3
1757,15271.9,13322,1,0,0.301393,0.650697,107,25*4*13,64*16*3
1758,25193.5,13322,1,0,0.1827,0.59135,107,25*4*13,64*16*3
1759,19616.1,13322,1,0,0.234647,0.617323,107,25*4*13,64*16*3
1760,15185,13323,1,0,0.303118,0.651559,107,25*4*13,64*16*3
1761,16321.9,13322,1,0,0.282005,0.641002,107,25*4*13,64*16*3
1762,15704.8,13323,1,0,0.293086,0.646543,107,25*4*13,64*16*3
1763,19740.3,13322,1,0,0.23317,0.616585,107,25*4*13,64*16*3
1764,10009.5,13322,1,0,0.459848,0.729924,107,25*4*13,64*16*3
1765,20506.9,13322,1,0,0.224454,0.612227,107,25*4*13,64*16*3
1766,25139.9,13323,1,0,0.183089,0.591545,107,25*4*13,64*16*3
1767,15834.1,13322,1,0,0.290692,0.645346,107,25*4*13,64*16*3
1768,12361.5,13322,1,0,0.372354,0.686177,107,25*4*13,64*16*3
1769,16285.1,13323,1,0,0.282642,0.641321,107,25*4*13,64*16*3
1770,25436.6,13322,1,0,0.180954,0.590477,107,25*4*13,64*16*3
1771,19915.9,13322,1,0,0.231114,0.615557,107,25*4*13,64*16*3
1772,24709.5,13322,1,0,0.186279,0.593139,107,25*4*13,64*16*3
1773,13508.4,13323,1,0,0.34074,0.67037,107,25*4*13,64*16*3
1774,13114.9,13322,1,0,0.350963,0.675482,107,25*4*13,64*16*3
1775,13001.4,13322,1,0,0.354027,0.677014,107,25*4*13,64*16*3
1776,15278.2,13323,1,0,0.301269,0.650635,107,25*4*13,64*16*3
1777,12030.9,13322,1,0,0.382586,0.691293,107,25*4*13,64*16*3
1778,13240.2,13322,1,0,0.347642,0.673821,107,25*4*13,64*16*3
1779,16112.6,13322,1,0,0.285668,0.642834,107,25*4*13,64*16*3
1780,12868.8,13323,1,0,0.357675,0.678838,107,25*4*13,64*16*3
1781,9997.93,13322,1,0,0.46038,0.73019,107,25*4*13,64*16*3
1782,13547.2,13322,1,0,0.339764,0.669882,107,25*4*13,64*16*3
1783,15422.9,13323,1,0,0.298443,0.649221,107,25*4*13,64*16*3
1784,15684.7,13322,1,0,0.293461,0.646731,107,25*4*13,64*16*3
1785,4670.52,12644,0,0,0.94512,0.97256,106,25*4*12,64*16*3
1786,15525.1,13323,1,0,0.296478,0.648239,107,25*4*13,64*16*3
1787,4052.45,9721,0,0,0.819282,0.909641,102,25*4*10,64*16*2
1788,597.703,1055,0,0,0.699762,0.849881,45,25*4*1,64*4*1
1789,345.714,528,1,0,0.740063,0.870031,31,25*2*1,64*2*1
1790,140.798,56,0,0,0.73332,0.86666,4,5*1*1,16*1*1
1791,128.156,57,1,0,0.805659,0.902829,4,5*1*1,16*1*1
1792,0,0,0,0,0,0,0,1*1*1,1*1*1
1793,293.243,394,0,0,0.734033,0.867016,20,25*2*1,64*1*1
1794,1587.39,4220,1,0,0.92693,0.963465,83,25*4*4,64*16*1
1795,1304.62,2709,1,0,0.734275,0.867138,71,25*4*3,64*8*1
1796,9835.32,13322,0,0,0.467992,0.733996,107,25*4*13,64*16*3
1797,1655.42,4220,0,0,0.888838,0.944419,83,25*4*4,64*16*1
1798,20195.9,13322,0,0,0.22791,0.613955,107,25*4*13,64*16*3
1799,20402.4,13322,1,0,0.225603,0.612802,107,25*4*13,64*16*3
1800,13189.4,13322,1,0,0.348981,0.67449,107,25*4*13,64*16*3
