1,2509,8435,0,0,0.751893,0.875947,25,25*6*4,150*16*1
2,2509,8436,1,0,0.751893,0.875947,25,25*6*4,150*16*1
3,2509,8435,1,0,0.751893,0.875947,25,25*6*4,150*16*1
4,2509,8436,1,0,0.751893,0.875947,25,25*6*4,150*16*1
5,2509,8436,1,0,0.751893,0.875947,25,25*6*4,150*16*1
6,2509,8435,1,0,0.751893,0.875947,25,25*6*4,150*16*1
7,2509,8436,1,0,0.751893,0.875947,25,25*6*4,150*16*1
8,2509,8436,1,0,0.751893,0.875947,25,25*6*4,150*16*1
9,2509,8435,1,0,0.751893,0.875947,25,25*6*4,150*16*1
10,2509,8436,1,0,0.751893,0.875947,25,25*6*4,150*16*1
11,2509,8436,1,0,0.751893,0.875947,25,25*6*4,150*16*1
12,2509,8435,1,0,0.751893,0.875947,25,25*6*4,150*16*1
13,2509,8436,1,0,0.751893,0.875947,25,25*6*4,150*16*1
14,2509,8436,1,0,0.751893,0.875947,25,25*6*4,150*16*1
15,2509,8435,1,0,0.751893,0.875947,25,25*6*4,150*16*1
16,2509,8436,1,0,0.751893,0.875947,25,25*6*4,150*16*1
17,2509,8436,1,0,0.751893,0.875947,25,25*6*4,150*16*1
18,2509,8435,1,0,0.751893,0.875947,25,25*6*4,150*16*1
19,2509,8436,1,0,0.751893,0.875947,25,25*6*4,150*16*1
20,2509,8436,1,0,0.751893,0.875947,25,25*6*4,150*16*1
21,2509,8435,1,0,0.751893,0.875947,25,25*6*4,150*16*1
22,2509,8436,1,0,0.751893,0.875947,25,25*6*4,150*16*1
23,2509,8436,1,0,0.751893,0.875947,25,25*6*4,150*16*1
24,2509,8435,1,0,0.751893,0.875947,25,25*6*4,150*16*1
25,2509,8436,1,0,0.751893,0.875947,25,25*6*4,150*16*1
26,2509,8436,1,0,0.751893,0.875947,25,25*6*4,150*16*1
27,2509,8435,1,0,0.751893,0.875947,25,25*6*4,150*16*1
28,2509,8436,1,0,0.751893,0.875947,25,25*6*4,150*16*1
29,2509,8436,1,0,0.751893,0.875947,25,25*6*4,150*16*1
30,2509,8435,1,0,0.751893,0.875947,25,25*6*4,150*16*1
31,2509,8436,1,0,0.751893,0.875947,25,25*6*4,150*16*1
32,2509,8436,1,0,0.751893,0.875947,25,25*6*4,150*16*1
33,2509,8435,1,0,0.751893,0.875947,25,25*6*4,150*16*1
34,2509,8436,1,0,0.751893,0.875947,25,25*6*4,150*16*1
35,2509,8436,1,0,0.751893,0.875947,25,25*6*4,150*16*1
36,2509,8435,1,0,0.751893,0.875947,25,25*6*4,150*16*1
37,2509,8436,1,0,0.751893,0.875947,25,25*6*4,150*16*1
38,2509,8436,1,0,0.751893,0.875947,25,25*6*4,150*16*1
39,2509,8435,1,0,0.751893,0.875947,25,25*6*4,150*16*1
40,2509,8436,1,0,0.751893,0.875947,25,25*6*4,150*16*1
41,2509,8436,1,0,0.751893,0.875947,25,25*6*4,150*16*1
42,2509,8435,1,0,0.751893,0.875947,25,25*6*4,150*16*1
43,2509,8436,1,0,0.751893,0.875947,25,25*6*4,150*16*1
44,2509,8436,1,0,0.751893,0.875947,25,25*6*4,150*16*1
45,2509,8435,1,0,0.751893,0.875947,25,25*6*4,150*16*1
46,2509,8436,1,0,0.751893,0.875947,25,25*6*4,150*16*1
47,2509.01,8436,1,0,0.751889,0.875944,25,25*6*4,150*16*1
48,2509.15,8435,1,0,0.751849,0.875925,25,25*6*4,150*16*1
49,2509.19,8436,1,0,0.751835,0.875917,25,25*6*4,150*16*1
50,2509.45,8436,1,0,0.751758,0.875879,25,25*6*4,150*16*1
51,2509.58,8435,1,0,0.75172,0.87586,25,25*6*4,150*16*1
52,2510.1,8436,1,0,0.751564,0.875782,25,25*6*4,150*16*1
53,2510.75,8436,1,0,0.75137,0.875685,25,25*6*4,150*16*1
54,2511.27,8435,1,0,0.751213,0.875606,25,25*6*4,150*16*1
55,2512.21,8436,1,0,0.750933,0.875467,25,25*6*4,150*16*1
56,2513.25,8436,1,0,0.750623,0.875311,25,25*6*4,150*16*1
57,2514.38,8435,1,0,0.750285,0.875143,25,25*6*4,150*16*1
58,2515.04,8436,1,0,0.750089,0.875044,25,25*6*4,150*16*1
59,2516.85,8436,1,0,0.749549,0.874775,25,25*6*4,150*16*1
60,2517,8435,1,0,0.749503,0.874751,25,25*6*4,150*16*1
61,2518.29,8436,1,0,0.749119,0.874559,25,25*6*4,150*16*1
62,2518.35,8436,1,0,0.749102,0.874551,25,25*6*4,150*16*1
63,2518.73,8435,1,0,0.74899,0.874495,25,25*6*4,150*16*1
64,2518.84,8436,1,0,0.748955,0.874477,25,25*6*4,150*16*1
65,2519.09,8436,1,0,0.748882,0.874441,25,25*6*4,150*16*1
66,2519.72,8435,1,0,0.748695,0.874348,25,25*6*4,150*16*1
67,2520.29,8436,1,0,0.748526,0.874263,25,25*6*4,150*16*1
68,2520.81,8436,1,0,0.74837,0.874185,25,25*6*4,150*16*1
69,2521.39,8435,1,0,0.748197,0.874099,25,25*6*4,150*16*1
70,2522.01,8436,1,0,0.748014,0.874007,25,25*6*4,150*16*1
71,2523,8436,1,0,0.74772,0.87386,25,25*6*4,150*16*1
72,2523.35,8435,1,0,0.747616,0.873808,25,25*6*4,150*16*1
73,2524.35,8436,1,0,0.747322,0.873661,25,25*6*4,150*16*1
74,2526.66,8436,1,0,0.746639,0.873319,25,25*6*4,150*16*1
75,2527.04,8435,1,0,0.746524,0.873262,25,25*6*4,150*16*1
76,2527.36,8436,1,0,0.746432,0.873216,25,25*6*4,150*16*1
77,2528.3,8436,1,0,0.746154,0.873077,25,25*6*4,150*16*1
78,2529.72,8435,1,0,0.745735,0.872868,25,25*6*4,150*16*1
79,2530.53,8436,1,0,0.745495,0.872748,25,25*6*4,150*16*1
80,2534.4,8436,1,0,0.744358,0.872179,25,25*6*4,150*16*1
81,2535.67,8435,1,0,0.743985,0.871992,25,25*6*4,150*16*1
82,2540.34,8436,1,0,0.742618,0.871309,25,25*6*4,150*16*1
83,2543.82,8436,1,0,0.741602,0.870801,25,25*6*4,150*16*1
84,2551.14,8435,1,0,0.739474,0.869737,25,25*6*4,150*16*1
85,2564.28,8436,1,0,0.735685,0.867843,25,25*6*4,150*16*1
86,2564.85,8436,1,0,0.73552,0.86776,25,25*6*4,150*16*1
87,2565.21,8435,1,0,0.735419,0.867709,25,25*6*4,150*16*1
88,2565.5,8436,1,0,0.735335,0.867667,25,25*6*4,150*16*1
89,2567.57,8436,1,0,0.734742,0.867371,25,25*6*4,150*16*1
90,2567.87,8435,1,0,0.734656,0.867328,25,25*6*4,150*16*1
91,2570.9,8436,1,0,0.733791,0.866895,25,25*6*4,150*16*1
92,2573.71,8436,1,0,0.732988,0.866494,25,25*6*4,150*16*1
93,2573.71,8435,1,0,0.732987,0.866494,25,25*6*4,150*16*1
94,2577.27,8436,1,0,0.731977,0.865988,25,25*6*4,150*16*1
95,2578.34,8436,1,0,0.731673,0.865837,25,25*6*4,150*16*1
96,2578.46,8435,1,0,0.731638,0.865819,25,25*6*4,150*16*1
97,2579.96,8436,1,0,0.731212,0.865606,25,25*6*4,150*16*1
98,2580.69,8436,1,0,0.731007,0.865504,25,25*6*4,150*16*1
99,2585.91,8435,1,0,0.729529,0.864765,25,25*6*4,150*16*1
100,2591.06,8436,1,0,0.728079,0.86404,25,25*6*4,150*16*1
101,2591.53,8436,1,0,0.727949,0.863975,25,25*6*4,150*16*1
102,2592.28,8435,1,0,0.727736,0.863868,25,25*6*4,150*16*1
103,2598.89,8436,1,0,0.725887,0.862944,25,25*6*4,150*16*1
104,2604.06,8436,1,0,0.724446,0.862223,25,25*6*4,150*16*1
105,2604.46,8435,1,0,0.724334,0.862167,25,25*6*4,150*16*1
106,2609.56,8436,1,0,0.722919,0.861459,25,25*6*4,150*16*1
107,2610.69,8436,1,0,0.722606,0.861303,25,25*6*4,150*16*1
108,2613.94,8435,1,0,0.721707,0.860854,25,25*6*4,150*16*1
109,2614.03,8436,1,0,0.721683,0.860842,25,25*6*4,150*16*1
110,2614.82,8436,1,0,0.721463,0.860732,25,25*6*4,150*16*1
111,2616.29,8435,1,0,0.72106,0.86053,25,25*6*4,150*16*1
112,2616.97,8436,1,0,0.720872,0.860436,25,25*6*4,150*16*1
113,2618.8,8436,1,0,0.720367,0.860184,25,25*6*4,150*16*1
114,2628.01,8435,1,0,0.717844,0.858922,25,25*6*4,150*16*1
115,2630.49,8436,1,0,0.717166,0.858583,25,25*6*4,150*16*1
116,2631.93,8436,1,0,0.716775,0.858387,25,25*6*4,150*16*1
117,2632.54,8435,1,0,0.716608,0.858304,25,25*6*4,150*16*1
118,2636.45,8436,1,0,0.715546,0.857773,25,25*6*4,150*16*1
119,2639.19,8436,1,0,0.714803,0.857401,25,25*6*4,150*16*1
120,2644.44,8435,1,0,0.713384,0.856692,25,25*6*4,150*16*1
121,2651.06,8436,1,0,0.711602,0.855801,25,25*6*4,150*16*1
122,2653.73,8436,1,0,0.710887,0.855443,25,25*6*4,150*16*1
123,2654.72,8435,1,0,0.710622,0.855311,25,25*6*4,150*16*1
124,2655.17,8436,1,0,0.710501,0.855251,25,25*6*4,150*16*1
125,2655.28,8436,1,0,0.710471,0.855235,25,25*6*4,150*16*1
126,2658.31,8435,1,0,0.709662,0.854831,25,25*6*4,150*16*1
127,2658.42,8436,1,0,0.709633,0.854816,25,25*6*4,150*16*1
128,2662.89,8436,1,0,0.708441,0.85422,25,25*6*4,150*16*1
129,2662.94,8435,1,0,0.708428,0.854214,25,25*6*4,150*16*1
130,2664.86,8436,1,0,0.707918,0.853959,25,25*6*4,150*16*1
131,2665.15,8436,1,0,0.707839,0.85392,25,25*6*4,150*16*1
132,2666.69,8435,1,0,0.707432,0.853716,25,25*6*4,150*16*1
133,2673.65,8436,1,0,0.705591,0.852795,25,25*6*4,150*16*1
134,2680.59,8436,1,0,0.703764,0.851882,25,25*6*4,150*16*1
135,2685.29,9104,0,0,0.796768,0.898384,26,25*3*9,150*16*1
136,2687.29,9105,1,0,0.796173,0.898086,26,25*3*9,150*16*1
137,2691.04,9105,1,0,0.795064,0.897532,26,25*3*9,150*16*1
138,2694.15,9104,1,0,0.794146,0.897073,26,25*3*9,150*16*1
139,2699.53,9105,1,0,0.792563,0.896282,26,25*3*9,150*16*1
140,2701.57,9105,1,0,0.791966,0.895983,26,25*3*9,150*16*1
141,2701.63,9104,1,0,0.791949,0.895974,26,25*3*9,150*16*1
142,2704.26,9722,1,0,0.79739,0.898695,27,25*6*5,150*16*1
143,2705.08,9721,1,0,0.797148,0.898574,27,25*6*5,150*16*1
144,2709.44,9722,1,0,0.795866,0.897933,27,25*6*5,150*16*1
145,2710.55,9721,1,0,0.79554,0.89777,27,25*6*5,150*16*1
146,2712.57,9721,1,0,0.794948,0.897474,27,25*6*5,150*16*1
147,2713.06,9722,1,0,0.794805,0.897402,27,25*6*5,150*16*1
148,2713.74,9721,1,0,0.794605,0.897303,27,25*6*5,150*16*1
149,2715.95,9722,1,0,0.793957,0.896979,27,25*6*5,150*16*1
150,2719.28,9721,1,0,0.792986,0.896493,27,25*6*5,150*16*1
151,2719.38,9722,1,0,0.792957,0.896479,27,25*6*5,150*16*1
152,2720.15,9721,1,0,0.792731,0.896365,27,25*6*5,150*16*1
153,2721.4,9722,1,0,0.792367,0.896183,27,25*6*5,150*16*1
154,2724.24,9721,1,0,0.791541,0.895771,27,25*6*5,150*16*1
155,2730.5,9721,1,0,0.789727,0.894864,27,25*6*5,150*16*1
156,2731.39,9722,1,0,0.789469,0.894734,27,25*6*5,150*16*1
157,2731.5,9721,1,0,0.789439,0.894719,27,25*6*5,150*16*1
158,2735.63,9722,1,0,0.788247,0.894123,27,25*6*5,150*16*1
159,2736.1,9721,1,0,0.788111,0.894055,27,25*6*5,150*16*1
160,2738.39,9722,1,0,0.78745,0.893725,27,25*6*5,150*16*1
161,2745.02,9721,1,0,0.78555,0.892775,27,25*6*5,150*16*1
162,2746.47,9721,1,0,0.785136,0.892568,27,25*6*5,150*16*1
163,2746.99,9722,1,0,0.784987,0.892494,27,25*6*5,150*16*1
164,2748.22,9721,1,0,0.784634,0.892317,27,25*6*5,150*16*1
165,2752.12,9722,1,0,0.783523,0.891761,27,25*6*5,150*16*1
166,2754.94,9721,1,0,0.78272,0.89136,27,25*6*5,150*16*1
167,2758.03,9721,1,0,0.781845,0.890922,27,25*6*5,150*16*1
168,2759.5,9722,1,0,0.781428,0.890714,27,25*6*5,150*16*1
169,2764.35,9721,1,0,0.780057,0.890029,27,25*6*5,150*16*1
170,2764.56,9722,1,0,0.779997,0.889999,27,25*6*5,150*16*1
171,2765.37,9721,1,0,0.779769,0.889885,27,25*6*5,150*16*1
172,2768.19,9721,1,0,0.778975,0.889487,27,25*6*5,150*16*1
173,2774.1,9722,1,0,0.777316,0.888658,27,25*6*5,150*16*1
174,2774.51,9721,1,0,0.7772,0.8886,27,25*6*5,150*16*1
175,2776.31,9722,1,0,0.776695,0.888348,27,25*6*5,150*16*1
176,2778.86,9721,1,0,0.775982,0.887991,27,25*6*5,150*16*1
177,2780.11,9721,1,0,0.775635,0.887818,27,25*6*5,150*16*1
178,2782.57,9722,1,0,0.774948,0.887474,27,25*6*5,150*16*1
179,2784.96,9721,1,0,0.774284,0.887142,27,25*6*5,150*16*1
180,2789.88,9721,1,0,0.772919,0.886459,27,25*6*5,150*16*1
181,2799.68,9722,1,0,0.770213,0.885107,27,25*6*5,150*16*1
182,2807.16,9721,1,0,0.768159,0.88408,27,25*6*5,150*16*1
183,2808.19,9722,1,0,0.767879,0.883939,27,25*6*5,150*16*1
184,2810.67,9721,1,0,0.767201,0.883601,27,25*6*5,150*16*1
185,2810.87,9721,1,0,0.767148,0.883574,27,25*6*5,150*16*1
186,2813.55,9722,1,0,0.766417,0.883209,27,25*6*5,150*16*1
187,2821.53,9721,1,0,0.764248,0.882124,27,25*6*5,150*16*1
188,2821.83,9722,1,0,0.764166,0.882083,27,25*6*5,150*16*1
189,2822.81,9721,1,0,0.763903,0.881952,27,25*6*5,150*16*1
190,2826.35,9721,1,0,0.762946,0.881473,27,25*6*5,150*16*1
191,2826.66,9722,1,0,0.76286,0.88143,27,25*6*5,150*16*1
192,2829.66,9721,1,0,0.762053,0.881027,27,25*6*5,150*16*1
193,2832.88,9722,1,0,0.761187,0.880594,27,25*6*5,150*16*1
194,2833.96,9721,1,0,0.760896,0.880448,27,25*6*5,150*16*1
195,2853.71,9721,1,0,0.755629,0.877815,27,25*6*5,150*16*1
196,2859.87,9722,1,0,0.754002,0.877001,27,25*6*5,150*16*1
197,2864.9,9721,1,0,0.752679,0.87634,27,25*6*5,150*16*1
198,2866.29,9722,1,0,0.752315,0.876157,27,25*6*5,150*16*1
199,2868.9,9721,1,0,0.75163,0.875815,27,25*6*5,150*16*1
200,2869.11,9721,1,0,0.751576,0.875788,27,25*6*5,150*16*1
201,2870.03,9722,1,0,0.751333,0.875667,27,25*6*5,150*16*1
202,2870.25,9721,1,0,0.751277,0.875639,27,25*6*5,150*16*1
203,2875.45,9722,1,0,0.749918,0.874959,27,25*6*5,150*16*1
204,2878.16,9721,1,0,0.749212,0.874606,27,25*6*5,150*16*1
205,2879.84,9721,1,0,0.748773,0.874386,27,25*6*5,150*16*1
206,2880.51,9722,1,0,0.748599,0.874299,27,25*6*5,150*16*1
207,2887.34,9721,1,0,0.746828,0.873414,27,25*6*5,150*16*1
208,2888.57,9722,1,0,0.746513,0.873256,27,25*6*5,150*16*1
209,2890.03,9721,1,0,0.746134,0.873067,27,25*6*5,150*16*1
210,2893.82,11168,0,0,0.96625,0.983125,28,25*6*5,150*8*3
211,2896.51,11169,1,0,0.965351,0.982676,28,25*6*5,150*8*3
212,2899.02,11169,1,0,0.964517,0.982258,28,25*6*5,150*8*3
213,2903.9,11169,1,0,0.962894,0.981447,28,25*6*5,150*8*3
214,2904.35,11169,1,0,0.962745,0.981372,28,25*6*5,150*8*3
215,2906.73,11169,1,0,0.961956,0.980978,28,25*6*5,150*8*3
216,2907.9,11169,1,0,0.961571,0.980785,28,25*6*5,150*8*3
217,2931.53,11169,1,0,0.953821,0.97691,28,25*6*5,150*8*3
218,2935.69,11169,1,0,0.952467,0.976234,28,25*6*5,150*8*3
219,2941.54,11169,1,0,0.950575,0.975287,28,25*6*5,150*8*3
220,2945.68,11169,1,0,0.949237,0.974618,28,25*6*5,150*8*3
221,2946.14,11169,1,0,0.94909,0.974545,28,25*6*5,150*8*3
222,2948.75,11169,1,0,0.948249,0.974124,28,25*6*5,150*8*3
223,2949.69,11169,1,0,0.947946,0.973973,28,25*6*5,150*8*3
224,2955.44,11169,1,0,0.946102,0.973051,28,25*6*5,150*8*3
225,2958.93,11169,1,0,0.944988,0.972494,28,25*6*5,150*8*3
226,2960.66,11169,1,0,0.944433,0.972217,28,25*6*5,150*8*3
227,2962.61,11169,1,0,0.943812,0.971906,28,25*6*5,150*8*3
228,2972.27,11169,1,0,0.940745,0.970372,28,25*6*5,150*8*3
229,2973.68,11169,1,0,0.940299,0.97015,28,25*6*5,150*8*3
230,2980.2,11169,1,0,0.938242,0.969121,28,25*6*5,150*8*3
231,2981.07,11169,1,0,0.93797,0.968985,28,25*6*5,150*8*3
232,2983.07,11169,1,0,0.937339,0.968669,28,25*6*5,150*8*3
233,2983.69,11169,1,0,0.937145,0.968572,28,25*6*5,150*8*3
234,2986.74,11169,1,0,0.936186,0.968093,28,25*6*5,150*8*3
235,2990.58,11169,1,0,0.934986,0.967493,28,25*6*5,150*8*3
236,2996.54,11169,1,0,0.933126,0.966563,28,25*6*5,150*8*3
237,2998.66,11169,1,0,0.932467,0.966233,28,25*6*5,150*8*3
238,3004.56,11169,1,0,0.930636,0.965318,28,25*6*5,150*8*3
239,3007.23,11169,1,0,0.929808,0.964904,28,25*6*5,150*8*3
240,3008.4,11169,1,0,0.929448,0.964724,28,25*6*5,150*8*3
241,3009.01,11169,1,0,0.929259,0.964629,28,25*6*5,150*8*3
242,3009.95,11169,1,0,0.928969,0.964484,28,25*6*5,150*8*3
243,3013.41,11169,1,0,0.927904,0.963952,28,25*6*5,150*8*3
244,3014.09,11169,1,0,0.927692,0.963846,28,25*6*5,150*8*3
245,3018.45,11169,1,0,0.926352,0.963176,28,25*6*5,150*8*3
246,3020.26,11169,1,0,0.925796,0.962898,28,25*6*5,150*8*3
247,3021.28,11169,1,0,0.925484,0.962742,28,25*6*5,150*8*3
248,3027.38,11169,1,0,0.92362,0.96181,28,25*6*5,150*8*3
249,3029.39,11169,1,0,0.923009,0.961504,28,25*6*5,150*8*3
250,3031.45,11169,1,0,0.92238,0.96119,28,25*6*5,150*8*3
251,3032.07,11169,1,0,0.922193,0.961096,28,25*6*5,150*8*3
252,3032.44,11169,1,0,0.92208,0.96104,28,25*6*5,150*8*3
253,3033.58,11169,1,0,0.921732,0.960866,28,25*6*5,150*8*3
254,3038.59,11169,1,0,0.920213,0.960107,28,25*6*5,150*8*3
255,3041.04,11169,1,0,0.919472,0.959736,28,25*6*5,150*8*3
256,3041.34,11169,1,0,0.91938,0.95969,28,25*6*5,150*8*3
257,3043.57,11169,1,0,0.918707,0.959353,28,25*6*5,150*8*3
258,3054.27,11169,1,0,0.91549,0.957745,28,25*6*5,150*8*3
259,3056.04,11169,1,0,0.914958,0.957479,28,25*6*5,150*8*3
260,3056.17,11169,1,0,0.914919,0.95746,28,25*6*5,150*8*3
261,3058.03,11169,1,0,0.914362,0.957181,28,25*6*5,150*8*3
262,3062.06,11169,1,0,0.91316,0.95658,28,25*6*5,150*8*3
263,3064.67,11169,1,0,0.912381,0.95619,28,25*6*5,150*8*3
264,3069.06,11169,1,0,0.911077,0.955539,28,25*6*5,150*8*3
265,3071.43,11169,1,0,0.910373,0.955187,28,25*6*5,150*8*3
266,3072.47,11169,1,0,0.910066,0.955033,28,25*6*5,150*8*3
267,3072.56,11169,1,0,0.910039,0.955019,28,25*6*5,150*8*3
268,3074.97,11169,1,0,0.909327,0.954664,28,25*6*5,150*8*3
269,3077.89,11169,1,0,0.908465,0.954232,28,25*6*5,150*8*3
270,3084.87,11169,1,0,0.906407,0.953204,28,25*6*5,150*8*3
271,3085.06,11169,1,0,0.906351,0.953176,28,25*6*5,150*8*3
272,3085.64,11169,1,0,0.906181,0.95309,28,25*6*5,150*8*3
273,3086.92,11169,1,0,0.905807,0.952903,28,25*6*5,150*8*3
274,3089.17,11169,1,0,0.905147,0.952573,28,25*6*5,150*8*3
275,3090.24,11169,1,0,0.904831,0.952416,28,25*6*5,150*8*3
276,3090.37,11169,1,0,0.904794,0.952397,28,25*6*5,150*8*3
277,3090.78,11169,1,0,0.904674,0.952337,28,25*6*5,150*8*3
278,3094.75,11169,1,0,0.903515,0.951758,28,25*6*5,150*8*3
279,3095.34,11169,1,0,0.903341,0.951671,28,25*6*5,150*8*3
280,3095.65,11169,1,0,0.903252,0.951626,28,25*6*5,150*8*3
281,3097.09,11169,1,0,0.902831,0.951416,28,25*6*5,150*8*3
282,3100.2,11169,1,0,0.901925,0.950962,28,25*6*5,150*8*3
283,3100.57,11169,1,0,0.901819,0.950909,28,25*6*5,150*8*3
284,3115.83,11169,1,0,0.8974,0.9487,28,25*6*5,150*8*3
285,3118.12,11169,1,0,0.896741,0.948371,28,25*6*5,150*8*3
286,3119.26,11169,1,0,0.896414,0.948207,28,25*6*5,150*8*3
287,3121.68,11169,1,0,0.895719,0.94786,28,25*6*5,150*8*3
288,3121.87,11169,1,0,0.895664,0.947832,28,25*6*5,150*8*3
289,3122.71,11169,1,0,0.895423,0.947712,28,25*6*5,150*8*3
290,3123.5,11169,1,0,0.895197,0.947598,28,25*6*5,150*8*3
291,3123.9,11169,1,0,0.895083,0.947541,28,25*6*5,150*8*3
292,3127.93,11169,1,0,0.893929,0.946964,28,25*6*5,150*8*3
293,3128.14,11169,1,0,0.893871,0.946935,28,25*6*5,150*8*3
294,3129.72,11169,1,0,0.893418,0.946709,28,25*6*5,150*8*3
295,3130.3,11169,1,0,0.893254,0.946627,28,25*6*5,150*8*3
296,3132.07,11169,1,0,0.892747,0.946374,28,25*6*5,150*8*3
297,3132.21,11169,1,0,0.892708,0.946354,28,25*6*5,150*8*3
298,3136.44,11169,1,0,0.891505,0.945752,28,25*6*5,150*8*3
299,3137.82,11169,1,0,0.891112,0.945556,28,25*6*5,150*8*3
300,3141.76,11169,1,0,0.889996,0.944998,28,25*6*5,150*8*3
301,3142,11169,1,0,0.889926,0.944963,28,25*6*5,150*8*3
302,3146.46,11169,1,0,0.888665,0.944332,28,25*6*5,150*8*3
303,3149.62,11169,1,0,0.887774,0.943887,28,25*6*5,150*8*3
304,3150.99,11169,1,0,0.887389,0.943694,28,25*6*5,150*8*3
305,3152.09,11169,1,0,0.887077,0.943539,28,25*6*5,150*8*3
306,3153.39,11169,1,0,0.886712,0.943356,28,25*6*5,150*8*3
307,3153.72,11169,1,0,0.886619,0.94331,28,25*6*5,150*8*3
308,3155.18,11169,1,0,0.886208,0.943104,28,25*6*5,150*8*3
309,3155.62,11169,1,0,0.886084,0.943042,28,25*6*5,150*8*3
310,3155.7,11169,1,0,0.886064,0.943032,28,25*6*5,150*8*3
311,3160.8,11169,1,0,0.884632,0.942316,28,25*6*5,150*8*3
312,3163.43,11169,1,0,0.883897,0.941949,28,25*6*5,150*8*3
313,3168.22,11169,1,0,0.88256,0.94128,28,25*6*5,150*8*3
314,3168.9,11169,1,0,0.882373,0.941186,28,25*6*5,150*8*3
315,3170.24,11169,1,0,0.881998,0.940999,28,25*6*5,150*8*3
316,3170.62,11169,1,0,0.881892,0.940946,28,25*6*5,150*8*3
317,3173.49,11169,1,0,0.881096,0.940548,28,25*6*5,150*8*3
318,3178.28,11169,1,0,0.879769,0.939885,28,25*6*5,150*8*3
319,3178.56,11169,1,0,0.879691,0.939846,28,25*6*5,150*8*3
320,3178.56,11169,1,0,0.879691,0.939845,28,25*6*5,150*8*3
321,3179.75,11169,1,0,0.879363,0.939681,28,25*6*5,150*8*3
322,3179.88,11169,1,0,0.879326,0.939663,28,25*6*5,150*8*3
323,3181.21,11169,1,0,0.878959,0.93948,28,25*6*5,150*8*3
324,3181.44,11169,1,0,0.878894,0.939447,28,25*6*5,150*8*3
325,3184.95,11169,1,0,0.877927,0.938964,28,25*6*5,150*8*3
326,3184.99,11169,1,0,0.877916,0.938958,28,25*6*5,150*8*3
327,3186.39,11169,1,0,0.87753,0.938765,28,25*6*5,150*8*3
328,3189.44,11169,1,0,0.87669,0.938345,28,25*6*5,150*8*3
329,3190.96,11169,1,0,0.876272,0.938136,28,25*6*5,150*8*3
330,3195.45,11169,1,0,0.875042,0.937521,28,25*6*5,150*8*3
331,3195.61,11169,1,0,0.874997,0.937498,28,25*6*5,150*8*3
332,3197.02,11169,1,0,0.874612,0.937306,28,25*6*5,150*8*3
333,3197.04,11169,1,0,0.874606,0.937303,28,25*6*5,150*8*3
334,3197.96,11169,1,0,0.874355,0.937178,28,25*6*5,150*8*3
335,3198.05,11169,1,0,0.874329,0.937165,28,25*6*5,150*8*3
336,3198.72,11169,1,0,0.874145,0.937073,28,25*6*5,150*8*3
337,3199.87,11169,1,0,0.873833,0.936917,28,25*6*5,150*8*3
338,3202.9,11169,1,0,0.873005,0.936502,28,25*6*5,150*8*3
339,3202.92,11169,1,0,0.873001,0.9365,28,25*6*5,150*8*3
340,3208.09,11169,1,0,0.871594,0.935797,28,25*6*5,150*8*3
341,3210.89,11169,1,0,0.870833,0.935417,28,25*6*5,150*8*3
342,3211.03,11169,1,0,0.870794,0.935397,28,25*6*5,150*8*3
343,3212.67,11169,1,0,0.87035,0.935175,28,25*6*5,150*8*3
344,3213.25,11169,1,0,0.870195,0.935097,28,25*6*5,150*8*3
345,3226.77,11169,1,0,0.866547,0.933274,28,25*6*5,150*8*3
346,3234.51,12067,0,0,0.916197,0.958099,29,25*6*5,150*16*2
347,3235.85,12068,1,0,0.915817,0.957908,29,25*6*5,150*16*2
348,3237.93,12067,1,0,0.915229,0.957614,29,25*6*5,150*16*2
349,3241.96,12068,1,0,0.914091,0.957045,29,25*6*5,150*16*2
350,3242.54,12068,1,0,0.913929,0.956964,29,25*6*5,150*16*2
351,3242.99,12067,1,0,0.913801,0.9569,29,25*6*5,150*16*2
352,3244.64,12068,1,0,0.913337,0.956668,29,25*6*5,150*16*2
353,3245.35,12067,1,0,0.913137,0.956568,29,25*6*5,150*16*2
354,3245.93,12068,1,0,0.912974,0.956487,29,25*6*5,150*16*2
355,3245.93,12068,1,0,0.912974,0.956487,29,25*6*5,150*16*2
356,3246.19,12067,1,0,0.9129,0.95645,29,25*6*5,150*16*2
357,3246.23,12068,1,0,0.912891,0.956445,29,25*6*5,150*16*2
358,3248.34,12067,1,0,0.912298,0.956149,29,25*6*5,150*16*2
359,3250.35,12068,1,0,0.911732,0.955866,29,25*6*5,150*16*2
360,3257.4,12068,1,0,0.90976,0.95488,29,25*6*5,150*16*2
361,3259.75,12067,1,0,0.909103,0.954551,29,25*6*5,150*16*2
362,3261.63,12068,1,0,0.90858,0.95429,29,25*6*5,150*16*2
363,3262.35,12067,1,0,0.908379,0.954189,29,25*6*5,150*16*2
364,3266.47,12068,1,0,0.907233,0.953617,29,25*6*5,150*16*2
365,3269.84,12068,1,0,0.906299,0.953149,29,25*6*5,150*16*2
366,3269.99,12067,1,0,0.906257,0.953128,29,25*6*5,150*16*2
367,3274.74,12068,1,0,0.904943,0.952471,29,25*6*5,150*16*2
368,3276.88,12067,1,0,0.90435,0.952175,29,25*6*5,150*16*2
369,3278.22,12068,1,0,0.90398,0.95199,29,25*6*5,150*16*2
370,3279.64,12068,1,0,0.903591,0.951796,29,25*6*5,150*16*2
371,3286.03,12067,1,0,0.901834,0.950917,29,25*6*5,150*16*2
372,3287.3,12068,1,0,0.901483,0.950742,29,25*6*5,150*16*2
373,3288.25,12068,1,0,0.901224,0.950612,29,25*6*5,150*16*2
374,3289.54,12067,1,0,0.90087,0.950435,29,25*6*5,150*16*2
375,3291.15,12068,1,0,0.900431,0.950215,29,25*6*5,150*16*2
376,3291.21,12067,1,0,0.900414,0.950207,29,25*6*5,150*16*2
377,3291.93,12068,1,0,0.900217,0.950109,29,25*6*5,150*16*2
378,3293.92,12068,1,0,0.899674,0.949837,29,25*6*5,150*16*2
379,3294.15,12067,1,0,0.899609,0.949805,29,25*6*5,150*16*2
380,3294.27,12068,1,0,0.899578,0.949789,29,25*6*5,150*16*2
381,3296.82,12068,1,0,0.898883,0.949441,29,25*6*5,150*16*2
382,3297.77,12067,1,0,0.898623,0.949312,29,25*6*5,150*16*2
383,3298.11,12068,1,0,0.898531,0.949265,29,25*6*5,150*16*2
384,3298.54,12067,1,0,0.898412,0.949206,29,25*6*5,150*16*2
385,3299.3,12068,1,0,0.898204,0.949102,29,25*6*5,150*16*2
386,3300.44,12068,1,0,0.897896,0.948948,29,25*6*5,150*16*2
387,3301.64,12067,1,0,0.897568,0.948784,29,25*6*5,150*16*2
388,3301.81,12068,1,0,0.897523,0.948762,29,25*6*5,150*16*2
389,3304.34,12068,1,0,0.896836,0.948418,29,25*6*5,150*16*2
390,3304.54,12067,1,0,0.896781,0.948391,29,25*6*5,150*16*2
391,3304.9,12068,1,0,0.896683,0.948342,29,25*6*5,150*16*2
392,3306.03,12067,1,0,0.896378,0.948189,29,25*6*5,150*16*2
393,3308.73,12068,1,0,0.895647,0.947823,29,25*6*5,150*16*2
394,3312,12068,1,0,0.894762,0.947381,29,25*6*5,150*16*2
395,3315.65,12067,1,0,0.893778,0.946889,29,25*6*5,150*16*2
396,3315.84,12068,1,0,0.893724,0.946862,29,25*6*5,150*16*2
397,3315.88,12068,1,0,0.893715,0.946858,29,25*6*5,150*16*2
398,3316.78,12067,1,0,0.893471,0.946735,29,25*6*5,150*16*2
399,3318.9,12068,1,0,0.892901,0.946451,29,25*6*5,150*16*2
400,3319.76,12067,1,0,0.892669,0.946334,29,25*6*5,150*16*2
401,3320.21,12068,1,0,0.892548,0.946274,29,25*6*5,150*16*2
402,3321.91,12068,1,0,0.892093,0.946047,29,25*6*5,150*16*2
403,3322.23,12067,1,0,0.892005,0.946003,29,25*6*5,150*16*2
404,3322.38,12068,1,0,0.891965,0.945982,29,25*6*5,150*16*2
405,3322.81,12068,1,0,0.891852,0.945926,29,25*6*5,150*16*2
406,3322.82,12067,1,0,0.891849,0.945924,29,25*6*5,150*16*2
407,3323.39,12068,1,0,0.891694,0.945847,29,25*6*5,150*16*2
408,3323.74,12067,1,0,0.891601,0.945801,29,25*6*5,150*16*2
409,3323.95,12068,1,0,0.891545,0.945772,29,25*6*5,150*16*2
410,3324.17,12068,1,0,0.891485,0.945742,29,25*6*5,150*16*2
411,3325.21,12067,1,0,0.891207,0.945604,29,25*6*5,150*16*2
412,3326.2,12068,1,0,0.890942,0.945471,29,25*6*5,150*16*2
413,3326.32,12068,1,0,0.89091,0.945455,29,25*6*5,150*16*2
414,3326.62,12067,1,0,0.890829,0.945415,29,25*6*5,150*16*2
415,3326.64,12068,1,0,0.890824,0.945412,29,25*6*5,150*16*2
416,3327.2,12067,1,0,0.890673,0.945337,29,25*6*5,150*16*2
417,3329,12068,1,0,0.890192,0.945096,29,25*6*5,150*16*2
418,3330.45,12068,1,0,0.889805,0.944902,29,25*6*5,150*16*2
419,3330.46,12067,1,0,0.889801,0.944901,29,25*6*5,150*16*2
420,3331.56,12068,1,0,0.889509,0.944755,29,25*6*5,150*16*2
421,3331.95,12068,1,0,0.889404,0.944702,29,25*6*5,150*16*2
422,3332.81,12067,1,0,0.889174,0.944587,29,25*6*5,150*16*2
423,3334.31,12068,1,0,0.888775,0.944388,29,25*6*5,150*16*2
424,3334.41,12067,1,0,0.888748,0.944374,29,25*6*5,150*16*2
425,3335.33,12068,1,0,0.888502,0.944251,29,25*6*5,150*16*2
426,3337.76,12068,1,0,0.887855,0.943927,29,25*6*5,150*16*2
427,3339.93,12067,1,0,0.887278,0.943639,29,25*6*5,150*16*2
428,3340.81,12068,1,0,0.887046,0.943523,29,25*6*5,150*16*2
429,3341.2,12068,1,0,0.886942,0.943471,29,25*6*5,150*16*2
430,3341.2,12067,1,0,0.886941,0.94347,29,25*6*5,150*16*2
431,3341.24,12068,1,0,0.886931,0.943466,29,25*6*5,150*16*2
432,3342.61,12067,1,0,0.886568,0.943284,29,25*6*5,150*16*2
433,3343.03,12068,1,0,0.886455,0.943228,29,25*6*5,150*16*2
434,3343.17,12068,1,0,0.886419,0.943209,29,25*6*5,150*16*2
435,3343.34,12067,1,0,0.886375,0.943187,29,25*6*5,150*16*2
436,3343.67,12068,1,0,0.886286,0.943143,29,25*6*5,150*16*2
437,3343.77,12068,1,0,0.886261,0.943131,29,25*6*5,150*16*2
438,3343.91,12067,1,0,0.886223,0.943111,29,25*6*5,150*16*2
439,3343.92,12068,1,0,0.886221,0.943111,29,25*6*5,150*16*2
440,3344.55,12067,1,0,0.886054,0.943027,29,25*6*5,150*16*2
441,3345.61,12068,1,0,0.885773,0.942887,29,25*6*5,150*16*2
442,3346.17,12068,1,0,0.885625,0.942813,29,25*6*5,150*16*2
443,3346.7,12067,1,0,0.885483,0.942742,29,25*6*5,150*16*2
444,3346.85,12068,1,0,0.885444,0.942722,29,25*6*5,150*16*2
445,3347.17,12068,1,0,0.885359,0.94268,29,25*6*5,150*16*2
446,3348.67,12067,1,0,0.884964,0.942482,29,25*6*5,150*16*2
447,3349.54,12068,1,0,0.884733,0.942366,29,25*6*5,150*16*2
448,3351.26,12067,1,0,0.884278,0.942139,29,25*6*5,150*16*2
449,3352,12068,1,0,0.884084,0.942042,29,25*6*5,150*16*2
450,3353.02,12068,1,0,0.883816,0.941908,29,25*6*5,150*16*2
451,3353.98,12067,1,0,0.883563,0.941782,29,25*6*5,150*16*2
452,3355.7,12068,1,0,0.883108,0.941554,29,25*6*5,150*16*2
453,3355.8,12068,1,0,0.883084,0.941542,29,25*6*5,150*16*2
454,3356.17,12067,1,0,0.882986,0.941493,29,25*6*5,150*16*2
455,3356.9,12068,1,0,0.882794,0.941397,29,25*6*5,150*16*2
456,3357.01,12067,1,0,0.882764,0.941382,29,25*6*5,150*16*2
457,3357.36,12068,1,0,0.882672,0.941336,29,25*6*5,150*16*2
458,3357.42,12068,1,0,0.882657,0.941329,29,25*6*5,150*16*2
459,3358.01,12067,1,0,0.882503,0.941251,29,25*6*5,150*16*2
460,3358.32,12068,1,0,0.88242,0.94121,29,25*6*5,150*16*2
461,3358.34,12068,1,0,0.882415,0.941208,29,25*6*5,150*16*2
462,3358.54,12067,1,0,0.882363,0.941182,29,25*6*5,150*16*2
463,3358.58,12068,1,0,0.882352,0.941176,29,25*6*5,150*16*2
464,3359.57,12067,1,0,0.882091,0.941046,29,25*6*5,150*16*2
465,3359.95,12068,1,0,0.881993,0.940997,29,25*6*5,150*16*2
466,3360.49,12068,1,0,0.88185,0.940925,29,25*6*5,150*16*2
467,3360.78,12067,1,0,0.881773,0.940887,29,25*6*5,150*16*2
468,3360.92,12068,1,0,0.881739,0.940869,29,25*6*5,150*16*2
469,3361.75,12068,1,0,0.881521,0.940761,29,25*6*5,150*16*2
470,3361.89,12067,1,0,0.881482,0.940741,29,25*6*5,150*16*2
471,3362.39,12068,1,0,0.881352,0.940676,29,25*6*5,150*16*2
472,3362.41,12067,1,0,0.881346,0.940673,29,25*6*5,150*16*2
473,3363.24,12068,1,0,0.881128,0.940564,29,25*6*5,150*16*2
474,3363.41,12068,1,0,0.881086,0.940543,29,25*6*5,150*16*2
475,3363.45,12067,1,0,0.881075,0.940537,29,25*6*5,150*16*2
476,3363.88,12068,1,0,0.880962,0.940481,29,25*6*5,150*16*2
477,3363.91,12068,1,0,0.880955,0.940478,29,25*6*5,150*16*2
478,3364.15,12067,1,0,0.880891,0.940445,29,25*6*5,150*16*2
479,3364.45,12068,1,0,0.880811,0.940406,29,25*6*5,150*16*2
480,3364.61,12067,1,0,0.880772,0.940386,29,25*6*5,150*16*2
481,3364.66,12068,1,0,0.880759,0.940379,29,25*6*5,150*16*2
482,3364.75,12068,1,0,0.880734,0.940367,29,25*6*5,150*16*2
483,3364.84,12067,1,0,0.88071,0.940355,29,25*6*5,150*16*2
484,3364.85,12068,1,0,0.880707,0.940353,29,25*6*5,150*16*2
485,3365.53,12068,1,0,0.880531,0.940266,29,25*6*5,150*16*2
486,3365.6,12067,1,0,0.880512,0.940256,29,25*6*5,150*16*2
487,3365.9,12068,1,0,0.880433,0.940217,29,25*6*5,150*16*2
488,3365.94,12067,1,0,0.880422,0.940211,29,25*6*5,150*16*2
489,3366.26,12068,1,0,0.880339,0.940169,29,25*6*5,150*16*2
490,3366.73,12068,1,0,0.880217,0.940108,29,25*6*5,150*16*2
491,3366.78,12067,1,0,0.880203,0.940101,29,25*6*5,150*16*2
492,3366.84,12068,1,0,0.880188,0.940094,29,25*6*5,150*16*2
493,3367.13,12068,1,0,0.880111,0.940055,29,25*6*5,150*16*2
494,3367.28,12067,1,0,0.880073,0.940036,29,25*6*5,150*16*2
495,3367.31,12068,1,0,0.880065,0.940033,29,25*6*5,150*16*2
496,3367.32,12067,1,0,0.880061,0.940031,29,25*6*5,150*16*2
497,3367.56,12068,1,0,0.879999,0.939999,29,25*6*5,150*16*2
498,3367.78,12068,1,0,0.879943,0.939971,29,25*6*5,150*16*2
499,3367.83,12067,1,0,0.879929,0.939965,29,25*6*5,150*16*2
500,3367.84,12068,1,0,0.879926,0.939963,29,25*6*5,150*16*2
501,3367.84,12068,1,0,0.879926,0.939963,29,25*6*5,150*16*2
502,3368.1,12067,1,0,0.879858,0.939929,29,25*6*5,150*16*2
503,3368.17,12068,1,0,0.879839,0.93992,29,25*6*5,150*16*2
504,3368.22,12067,1,0,0.879826,0.939913,29,25*6*5,150*16*2
505,3368.26,12068,1,0,0.879815,0.939908,29,25*6*5,150*16*2
506,3368.28,12068,1,0,0.87981,0.939905,29,25*6*5,150*16*2
507,3368.6,12067,1,0,0.879728,0.939864,29,25*6*5,150*16*2
508,3368.73,12068,1,0,0.879695,0.939847,29,25*6*5,150*16*2
509,3368.8,12068,1,0,0.879675,0.939837,29,25*6*5,150*16*2
510,3369.07,12067,1,0,0.879603,0.939802,29,25*6*5,150*16*2
511,3369.1,12068,1,0,0.879597,0.939798,29,25*6*5,150*16*2
512,3369.39,12067,1,0,0.879522,0.939761,29,25*6*5,150*16*2
513,3369.39,12068,1,0,0.879522,0.939761,29,25*6*5,150*16*2
514,3369.45,12068,1,0,0.879505,0.939753,29,25*6*5,150*16*2
515,3369.49,12067,1,0,0.879495,0.939747,29,25*6*5,150*16*2
516,3369.76,12068,1,0,0.879425,0.939713,29,25*6*5,150*16*2
517,3369.81,12068,1,0,0.879411,0.939705,29,25*6*5,150*16*2
518,3369.93,12067,1,0,0.879379,0.939689,29,25*6*5,150*16*2
519,3370.08,12068,1,0,0.87934,0.93967,29,25*6*5,150*16*2
520,3370.11,12067,1,0,0.879333,0.939666,29,25*6*5,150*16*2
521,3370.42,12068,1,0,0.879253,0.939627,29,25*6*5,150*16*2
522,3370.64,12068,1,0,0.879195,0.939597,29,25*6*5,150*16*2
523,3371.22,12067,1,0,0.879044,0.939522,29,25*6*5,150*16*2
524,3371.26,12068,1,0,0.879032,0.939516,29,25*6*5,150*16*2
525,3371.34,12068,1,0,0.879012,0.939506,29,25*6*5,150*16*2
526,3371.43,12067,1,0,0.878988,0.939494,29,25*6*5,150*16*2
527,3371.64,12068,1,0,0.878933,0.939467,29,25*6*5,150*16*2
528,3371.75,12067,1,0,0.878905,0.939452,29,25*6*5,150*16*2
529,3371.82,12068,1,0,0.878888,0.939444,29,25*6*5,150*16*2
530,3371.88,12068,1,0,0.878873,0.939436,29,25*6*5,150*16*2
531,3372.09,12067,1,0,0.878818,0.939409,29,25*6*5,150*16*2
532,3372.28,12068,1,0,0.878767,0.939384,29,25*6*5,150*16*2
533,3372.39,12068,1,0,0.878738,0.939369,29,25*6*5,150*16*2
534,3372.42,12067,1,0,0.878731,0.939365,29,25*6*5,150*16*2
535,3372.55,12068,1,0,0.878697,0.939348,29,25*6*5,150*16*2
536,3372.8,12067,1,0,0.878633,0.939317,29,25*6*5,150*16*2
537,3372.82,12068,1,0,0.878628,0.939314,29,25*6*5,150*16*2
538,3373.01,12068,1,0,0.878579,0.939289,29,25*6*5,150*16*2
539,3373.02,12067,1,0,0.878575,0.939288,29,25*6*5,150*16*2
540,3374.2,12068,1,0,0.878267,0.939133,29,25*6*5,150*16*2
541,3374.66,12068,1,0,0.878148,0.939074,29,25*6*5,150*16*2
542,3374.78,12067,1,0,0.878116,0.939058,29,25*6*5,150*16*2
543,3375.01,12068,1,0,0.878056,0.939028,29,25*6*5,150*16*2
544,3376.59,12067,1,0,0.877646,0.938823,29,25*6*5,150*16*2
545,3377.48,12068,1,0,0.877415,0.938708,29,25*6*5,150*16*2
546,3377.48,12068,1,0,0.877415,0.938708,29,25*6*5,150*16*2
547,3377.48,12067,1,0,0.877415,0.938708,29,25*6*5,150*16*2
548,3377.48,12068,1,0,0.877415,0.938708,29,25*6*5,150*16*2
549,3377.48,12068,1,0,0.877415,0.938708,29,25*6*5,150*16*2
550,3377.48,12067,1,0,0.877415,0.938708,29,25*6*5,150*16*2
551,3377.48,12068,1,0,0.877415,0.938708,29,25*6*5,150*16*2
552,3377.48,12067,1,0,0.877415,0.938708,29,25*6*5,150*16*2
553,3377.48,12068,1,0,0.877415,0.938708,29,25*6*5,150*16*2
554,3377.48,12068,1,0,0.877415,0.938708,29,25*6*5,150*16*2
555,3377.48,12067,1,0,0.877415,0.938708,29,25*6*5,150*16*2
556,3377.48,12068,1,0,0.877415,0.938708,29,25*6*5,150*16*2
557,3377.48,12068,1,0,0.877415,0.938708,29,25*6*5,150*16*2
558,3377.48,12067,1,0,0.877415,0.938708,29,25*6*5,150*16*2
559,3377.48,12068,1,0,0.877415,0.938708,29,25*6*5,150*16*2
560,3377.48,12067,1,0,0.877415,0.938708,29,25*6*5,150*16*2
561,3377.48,12068,1,0,0.877415,0.938708,29,25*6*5,150*16*2
562,3377.48,12068,1,0,0.877415,0.938708,29,25*6*5,150*16*2
563,3377.48,12067,1,0,0.877415,0.938708,29,25*6*5,150*16*2
564,3377.48,12068,1,0,0.877415,0.938708,29,25*6*5,150*16*2
565,3377.48,12068,1,0,0.877415,0.938708,29,25*6*5,150*16*2
566,3377.48,12067,1,0,0.877415,0.938708,29,25*6*5,150*16*2
567,3377.48,12068,1,0,0.877415,0.938708,29,25*6*5,150*16*2
568,3377.48,12067,1,0,0.877415,0.938708,29,25*6*5,150*16*2
569,3377.48,12068,1,0,0.877415,0.938708,29,25*6*5,150*16*2
570,3377.48,12068,1,0,0.877415,0.938708,29,25*6*5,150*16*2
571,3377.48,12067,1,0,0.877415,0.938708,29,25*6*5,150*16*2
572,3377.48,12068,1,0,0.877415,0.938708,29,25*6*5,150*16*2
573,3377.48,12068,1,0,0.877415,0.938708,29,25*6*5,150*16*2
574,3377.48,12067,1,0,0.877415,0.938708,29,25*6*5,150*16*2
575,3377.48,12068,1,0,0.877415,0.938708,29,25*6*5,150*16*2
576,3377.48,12067,1,0,0.877415,0.938708,29,25*6*5,150*16*2
577,3377.48,12068,1,0,0.877415,0.938708,29,25*6*5,150*16*2
578,3377.48,12068,1,0,0.877415,0.938708,29,25*6*5,150*16*2
579,3377.48,12067,1,0,0.877415,0.938708,29,25*6*5,150*16*2
580,3377.48,12068,1,0,0.877415,0.938708,29,25*6*5,150*16*2
581,3377.48,12068,1,0,0.877415,0.938708,29,25*6*5,150*16*2
582,3377.48,12067,1,0,0.877415,0.938708,29,25*6*5,150*16*2
583,3377.48,12068,1,0,0.877415,0.938708,29,25*6*5,150*16*2
584,3377.48,12067,1,0,0.877415,0.938708,29,25*6*5,150*16*2
585,3377.48,12068,1,0,0.877415,0.938708,29,25*6*5,150*16*2
586,3377.48,12068,1,0,0.877415,0.938708,29,25*6*5,150*16*2
587,3377.48,12067,1,0,0.877415,0.938708,29,25*6*5,150*16*2
588,3377.48,12068,1,0,0.877415,0.938708,29,25*6*5,150*16*2
589,3377.48,12068,1,0,0.877415,0.938708,29,25*6*5,150*16*2
590,3377.48,12067,1,0,0.877415,0.938708,29,25*6*5,150*16*2
591,3377.48,12068,1,0,0.877415,0.938708,29,25*6*5,150*16*2
592,3377.48,12067,1,0,0.877415,0.938708,29,25*6*5,150*16*2
593,3377.48,12068,1,0,0.877415,0.938708,29,25*6*5,150*16*2
594,3377.48,12068,1,0,0.877415,0.938708,29,25*6*5,150*16*2
595,3378,12067,1,0,0.877279,0.93864,29,25*6*5,150*16*2
596,3377.99,12068,1,0,0.877283,0.938642,29,25*6*5,150*16*2
597,3377.85,12068,1,0,0.877317,0.938659,29,25*6*5,150*16*2
598,3377.81,12067,1,0,0.87733,0.938665,29,25*6*5,150*16*2
599,3377.55,12068,1,0,0.877397,0.938698,29,25*6*5,150*16*2
600,3377.42,12067,1,0,0.877429,0.938715,29,25*6*5,150*16*2
601,3376.9,12068,1,0,0.877565,0.938782,29,25*6*5,150*16*2
602,3376.25,12068,1,0,0.877733,0.938867,29,25*6*5,150*16*2
603,3375.73,12067,1,0,0.87787,0.938935,29,25*6*5,150*16*2
604,3374.79,12068,1,0,0.878113,0.939057,29,25*6*5,150*16*2
605,3373.75,12068,1,0,0.878384,0.939192,29,25*6*5,150*16*2
606,3372.62,12067,1,0,0.878678,0.939339,29,25*6*5,150*16*2
607,3371.96,12068,1,0,0.87885,0.939425,29,25*6*5,150*16*2
608,3370.15,12067,1,0,0.879322,0.939661,29,25*6*5,150*16*2
609,3370,12068,1,0,0.879362,0.939681,29,25*6*5,150*16*2
610,3368.71,12068,1,0,0.879699,0.93985,29,25*6*5,150*16*2
611,3368.65,12067,1,0,0.879714,0.939857,29,25*6*5,150*16*2
612,3368.27,12068,1,0,0.879813,0.939906,29,25*6*5,150*16*2
613,3368.16,12068,1,0,0.879843,0.939922,29,25*6*5,150*16*2
614,3367.91,12067,1,0,0.879907,0.939954,29,25*6*5,150*16*2
615,3367.28,12068,1,0,0.880072,0.940036,29,25*6*5,150*16*2
616,3366.71,12067,1,0,0.88022,0.94011,29,25*6*5,150*16*2
617,3366.19,12068,1,0,0.880358,0.940179,29,25*6*5,150*16*2
618,3365.61,12068,1,0,0.88051,0.940255,29,25*6*5,150*16*2
619,3364.99,12067,1,0,0.880672,0.940336,29,25*6*5,150*16*2
620,3364,12068,1,0,0.880931,0.940466,29,25*6*5,150*16*2
621,3363.65,12068,1,0,0.881023,0.940511,29,25*6*5,150*16*2
622,3362.65,12067,1,0,0.881283,0.940642,29,25*6*5,150*16*2
623,3360.34,12068,1,0,0.881889,0.940945,29,25*6*5,150*16*2
624,3359.96,12067,1,0,0.881991,0.940995,29,25*6*5,150*16*2
625,3359.64,12068,1,0,0.882073,0.941036,29,25*6*5,150*16*2
626,3358.7,12068,1,0,0.88232,0.94116,29,25*6*5,150*16*2
627,3357.28,12067,1,0,0.882693,0.941347,29,25*6*5,150*16*2
628,3356.47,12068,1,0,0.882908,0.941454,29,25*6*5,150*16*2
629,3352.6,12068,1,0,0.883926,0.941963,29,25*6*5,150*16*2
630,3351.33,12067,1,0,0.884261,0.94213,29,25*6*5,150*16*2
631,3346.66,12068,1,0,0.885494,0.942747,29,25*6*5,150*16*2
632,3343.18,12067,1,0,0.886416,0.943208,29,25*6*5,150*16*2
633,3335.86,12068,1,0,0.888361,0.94418,29,25*6*5,150*16*2
634,3322.72,12068,1,0,0.891874,0.945937,29,25*6*5,150*16*2
635,3322.15,12067,1,0,0.892029,0.946014,29,25*6*5,150*16*2
636,3321.79,12068,1,0,0.892123,0.946062,29,25*6*5,150*16*2
637,3321.5,12068,1,0,0.892202,0.946101,29,25*6*5,150*16*2
638,3319.43,12067,1,0,0.892758,0.946379,29,25*6*5,150*16*2
639,3319.13,12068,1,0,0.892839,0.94642,29,25*6*5,150*16*2
640,3316.1,12067,1,0,0.893654,0.946827,29,25*6*5,150*16*2
641,3313.29,12068,1,0,0.894414,0.947207,29,25*6*5,150*16*2
642,3313.29,12068,1,0,0.894414,0.947207,29,25*6*5,150*16*2
643,3309.73,12067,1,0,0.895375,0.947687,29,25*6*5,150*16*2
644,3308.66,12068,1,0,0.895664,0.947832,29,25*6*5,150*16*2
645,3308.54,12068,1,0,0.895697,0.947849,29,25*6*5,150*16*2
646,3307.04,12067,1,0,0.896104,0.948052,29,25*6*5,150*16*2
647,3306.31,12068,1,0,0.8963,0.94815,29,25*6*5,150*16*2
648,3301.09,12067,1,0,0.89772,0.94886,29,25*6*5,150*16*2
649,3295.94,12068,1,0,0.899123,0.949561,29,25*6*5,150*16*2
650,3295.47,12068,1,0,0.899249,0.949624,29,25*6*5,150*16*2
651,3294.72,12067,1,0,0.899456,0.949728,29,25*6*5,150*16*2
652,3288.11,12068,1,0,0.901262,0.950631,29,25*6*5,150*16*2
653,3282.94,12068,1,0,0.902681,0.951341,29,25*6*5,150*16*2
654,3282.54,12067,1,0,0.902792,0.951396,29,25*6*5,150*16*2
655,3277.44,12068,1,0,0.904197,0.952098,29,25*6*5,150*16*2
656,3276.31,12067,1,0,0.904508,0.952254,29,25*6*5,150*16*2
657,3273.06,12068,1,0,0.905407,0.952703,29,25*6*5,150*16*2
658,3272.97,12068,1,0,0.905431,0.952715,29,25*6*5,150*16*2
659,3272.18,12067,1,0,0.905651,0.952826,29,25*6*5,150*16*2
660,3270.71,12068,1,0,0.906056,0.953028,29,25*6*5,150*16*2
661,3270.03,12068,1,0,0.906246,0.953123,29,25*6*5,150*16*2
662,3268.2,12067,1,0,0.906754,0.953377,29,25*6*5,150*16*2
663,3258.99,12068,1,0,0.909315,0.954657,29,25*6*5,150*16*2
664,3256.51,12067,1,0,0.910009,0.955004,29,25*6*5,150*16*2
665,3255.07,12068,1,0,0.91041,0.955205,29,25*6*5,150*16*2
666,3254.46,12068,1,0,0.910581,0.955291,29,25*6*5,150*16*2
667,3250.55,12067,1,0,0.911676,0.955838,29,25*6*5,150*16*2
668,3247.81,12068,1,0,0.912446,0.956223,29,25*6*5,150*16*2
669,3242.56,12068,1,0,0.913923,0.956961,29,25*6*5,150*16*2
670,3235.94,12067,1,0,0.915792,0.957896,29,25*6*5,150*16*2
671,3233.27,12068,1,0,0.916548,0.958274,29,25*6*5,150*16*2
672,3232.28,12067,1,0,0.916828,0.958414,29,25*6*5,150*16*2
673,3231.83,12068,1,0,0.916957,0.958478,29,25*6*5,150*16*2
674,3231.72,12068,1,0,0.916989,0.958494,29,25*6*5,150*16*2
675,3228.69,12067,1,0,0.917848,0.958924,29,25*6*5,150*16*2
676,3228.58,12068,1,0,0.917879,0.95894,29,25*6*5,150*16*2
677,3224.11,11170,1,1,0.867263,0.933631,28,25*6*5,150*8*3
678,3224.06,11169,1,0,0.867276,0.933638,28,25*6*5,150*8*3
679,3222.14,11169,1,0,0.867791,0.933896,28,25*6*5,150*8*3
680,3221.85,11169,1,0,0.867872,0.933936,28,25*6*5,150*8*3
681,3220.31,11169,1,0,0.868285,0.934143,28,25*6*5,150*8*3
682,3213.35,11169,1,0,0.870166,0.935083,28,25*6*5,150*8*3
683,3206.41,11169,1,0,0.872049,0.936025,28,25*6*5,150*8*3
684,3201.71,11169,1,0,0.873329,0.936665,28,25*6*5,150*8*3
685,3199.71,11169,1,0,0.873877,0.936939,28,25*6*5,150*8*3
686,3195.96,11169,1,0,0.874902,0.937451,28,25*6*5,150*8*3
687,3192.85,11169,1,0,0.875754,0.937877,28,25*6*5,150*8*3
688,3187.47,11169,1,0,0.877233,0.938616,28,25*6*5,150*8*3
689,3185.43,11169,1,0,0.877793,0.938897,28,25*6*5,150*8*3
690,3185.37,11169,1,0,0.877809,0.938905,28,25*6*5,150*8*3
691,3182.74,11169,1,0,0.878536,0.939268,28,25*6*5,150*8*3
692,3181.92,11169,1,0,0.878762,0.939381,28,25*6*5,150*8*3
693,3177.56,11169,1,0,0.879967,0.939983,28,25*6*5,150*8*3
694,3176.45,11169,1,0,0.880275,0.940137,28,25*6*5,150*8*3
695,3174.43,11169,1,0,0.880834,0.940417,28,25*6*5,150*8*3
696,3173.94,11169,1,0,0.88097,0.940485,28,25*6*5,150*8*3
697,3173.26,11169,1,0,0.88116,0.94058,28,25*6*5,150*8*3
698,3171.05,11169,1,0,0.881775,0.940888,28,25*6*5,150*8*3
699,3167.72,11169,1,0,0.882701,0.94135,28,25*6*5,150*8*3
700,3167.62,11169,1,0,0.882728,0.941364,28,25*6*5,150*8*3
701,3166.85,11169,1,0,0.882945,0.941472,28,25*6*5,150*8*3
702,3165.6,11169,1,0,0.883293,0.941647,28,25*6*5,150*8*3
703,3162.76,11169,1,0,0.884086,0.942043,28,25*6*5,150*8*3
704,3156.5,11169,1,0,0.885838,0.942919,28,25*6*5,150*8*3
705,3155.61,11169,1,0,0.88609,0.943045,28,25*6*5,150*8*3
706,3155.5,11169,1,0,0.886119,0.943059,28,25*6*5,150*8*3
707,3151.37,11169,1,0,0.88728,0.94364,28,25*6*5,150*8*3
708,3150.9,11169,1,0,0.887413,0.943707,28,25*6*5,150*8*3
709,3148.61,11169,1,0,0.88806,0.94403,28,25*6*5,150*8*3
710,3141.98,11169,1,0,0.889932,0.944966,28,25*6*5,150*8*3
711,3140.53,11169,1,0,0.890342,0.945171,28,25*6*5,150*8*3
712,3140.01,11169,1,0,0.89049,0.945245,28,25*6*5,150*8*3
713,3138.78,11169,1,0,0.890841,0.945421,28,25*6*5,150*8*3
714,3134.88,11169,1,0,0.891949,0.945974,28,25*6*5,150*8*3
715,3132.06,11169,1,0,0.892752,0.946376,28,25*6*5,150*8*3
716,3128.97,11169,1,0,0.893632,0.946816,28,25*6*5,150*8*3
717,3127.5,11169,1,0,0.894053,0.947027,28,25*6*5,150*8*3
718,3122.65,11169,1,0,0.895441,0.94772,28,25*6*5,150*8*3
719,3122.44,11169,1,0,0.895502,0.947751,28,25*6*5,150*8*3
720,3121.63,11169,1,0,0.895734,0.947867,28,25*6*5,150*8*3
721,3118.81,11169,1,0,0.896544,0.948272,28,25*6*5,150*8*3
722,3112.9,11169,1,0,0.898245,0.949123,28,25*6*5,150*8*3
723,3112.49,11169,1,0,0.898365,0.949182,28,25*6*5,150*8*3
724,3110.69,11169,1,0,0.898885,0.949443,28,25*6*5,150*8*3
725,3108.14,11169,1,0,0.899623,0.949812,28,25*6*5,150*8*3
726,3106.89,11169,1,0,0.899983,0.949992,28,25*6*5,150*8*3
727,3104.43,11169,1,0,0.900698,0.950349,28,25*6*5,150*8*3
728,3102.04,11169,1,0,0.901391,0.950695,28,25*6*5,150*8*3
729,3097.12,11169,1,0,0.902823,0.951411,28,25*6*5,150*8*3
730,3087.32,11169,1,0,0.905688,0.952844,28,25*6*5,150*8*3
731,3079.84,11169,1,0,0.90789,0.953945,28,25*6*5,150*8*3
732,3078.81,11169,1,0,0.908192,0.954096,28,25*6*5,150*8*3
733,3076.33,11169,1,0,0.908924,0.954462,28,25*6*5,150*8*3
734,3076.13,11169,1,0,0.908982,0.954491,28,25*6*5,150*8*3
735,3073.45,11169,1,0,0.909774,0.954887,28,25*6*5,150*8*3
736,3065.47,11169,1,0,0.912145,0.956072,28,25*6*5,150*8*3
737,3065.17,11169,1,0,0.912234,0.956117,28,25*6*5,150*8*3
738,3064.19,11169,1,0,0.912524,0.956262,28,25*6*5,150*8*3
739,3060.65,11169,1,0,0.913579,0.95679,28,25*6*5,150*8*3
740,3060.34,11169,1,0,0.913674,0.956837,28,25*6*5,150*8*3
741,3057.34,11169,1,0,0.914569,0.957284,28,25*6*5,150*8*3
742,3054.12,11169,1,0,0.915533,0.957767,28,25*6*5,150*8*3
743,3053.04,11169,1,0,0.915859,0.957929,28,25*6*5,150*8*3
744,3033.29,11169,1,0,0.921822,0.960911,28,25*6*5,150*8*3
745,3027.13,11169,1,0,0.923697,0.961849,28,25*6*5,150*8*3
746,3022.1,11169,1,0,0.925234,0.962617,28,25*6*5,150*8*3
747,3020.71,11169,1,0,0.925659,0.962829,28,25*6*5,150*8*3
748,3018.1,11169,1,0,0.92646,0.96323,28,25*6*5,150*8*3
749,3017.89,11169,1,0,0.926524,0.963262,28,25*6*5,150*8*3
750,3016.97,11169,1,0,0.926808,0.963404,28,25*6*5,150*8*3
751,3016.75,11169,1,0,0.926874,0.963437,28,25*6*5,150*8*3
752,3011.55,11169,1,0,0.928475,0.964237,28,25*6*5,150*8*3
753,3008.84,11169,1,0,0.929311,0.964656,28,25*6*5,150*8*3
754,3007.16,11169,1,0,0.929832,0.964916,28,25*6*5,150*8*3
755,3006.49,11169,1,0,0.93004,0.96502,28,25*6*5,150*8*3
756,2999.66,11169,1,0,0.932157,0.966078,28,25*6*5,150*8*3
757,2998.43,11169,1,0,0.932536,0.966268,28,25*6*5,150*8*3
758,2996.97,11169,1,0,0.932992,0.966496,28,25*6*5,150*8*3
759,2993.18,11169,1,0,0.934172,0.967086,28,25*6*5,150*8*3
760,2990.49,11169,1,0,0.935014,0.967507,28,25*6*5,150*8*3
761,2987.98,11169,1,0,0.935798,0.967899,28,25*6*5,150*8*3
762,2983.1,11169,1,0,0.937331,0.968665,28,25*6*5,150*8*3
763,2982.65,11169,1,0,0.937473,0.968736,28,25*6*5,150*8*3
764,2980.27,11169,1,0,0.938221,0.969111,28,25*6*5,150*8*3
765,2979.1,11169,1,0,0.938588,0.969294,28,25*6*5,150*8*3
766,2955.47,11169,1,0,0.946092,0.973046,28,25*6*5,150*8*3
767,2951.31,11169,1,0,0.947427,0.973714,28,25*6*5,150*8*3
768,2945.46,11169,1,0,0.949307,0.974654,28,25*6*5,150*8*3
769,2941.32,11169,1,0,0.950646,0.975323,28,25*6*5,150*8*3
770,2940.86,11169,1,0,0.950793,0.975396,28,25*6*5,150*8*3
771,2938.25,11169,1,0,0.951638,0.975819,28,25*6*5,150*8*3
772,2937.31,11169,1,0,0.951944,0.975972,28,25*6*5,150*8*3
773,2931.56,11169,1,0,0.95381,0.976905,28,25*6*5,150*8*3
774,2928.07,11169,1,0,0.954945,0.977473,28,25*6*5,150*8*3
775,2926.34,11169,1,0,0.955512,0.977756,28,25*6*5,150*8*3
776,2924.39,11169,1,0,0.956149,0.978075,28,25*6*5,150*8*3
777,2914.73,11169,1,0,0.959318,0.979659,28,25*6*5,150*8*3
778,2913.32,11169,1,0,0.959782,0.979891,28,25*6*5,150*8*3
779,2906.8,11169,1,0,0.961934,0.980967,28,25*6*5,150*8*3
780,2905.93,11169,1,0,0.962221,0.981111,28,25*6*5,150*8*3
781,2903.93,11169,1,0,0.962886,0.981443,28,25*6*5,150*8*3
782,2903.31,11169,1,0,0.963091,0.981545,28,25*6*5,150*8*3
783,2900.26,11169,1,0,0.964105,0.982052,28,25*6*5,150*8*3
784,2896.42,11169,1,0,0.965381,0.982691,28,25*6*5,150*8*3
785,2890.46,9722,0,1,0.746023,0.873012,27,25*6*5,150*16*1
786,2888.34,9721,1,0,0.74657,0.873285,27,25*6*5,150*16*1
787,2882.44,9722,1,0,0.748099,0.874049,27,25*6*5,150*16*1
788,2879.77,9721,1,0,0.748793,0.874397,27,25*6*5,150*16*1
789,2878.6,9721,1,0,0.749096,0.874548,27,25*6*5,150*16*1
790,2877.99,9722,1,0,0.749256,0.874628,27,25*6*5,150*16*1
791,2877.05,9721,1,0,0.7495,0.87475,27,25*6*5,150*16*1
792,2873.59,9722,1,0,0.750402,0.875201,27,25*6*5,150*16*1
793,2872.91,9721,1,0,0.750581,0.87529,27,25*6*5,150*16*1
794,2868.55,9721,1,0,0.751722,0.875861,27,25*6*5,150*16*1
795,2866.74,9722,1,0,0.752197,0.876099,27,25*6*5,150*16*1
796,2865.72,9721,1,0,0.752465,0.876232,27,25*6*5,150*16*1
797,2859.62,9722,1,0,0.754069,0.877034,27,25*6*5,150*16*1
798,2857.61,9721,1,0,0.754598,0.877299,27,25*6*5,150*16*1
799,2855.55,9721,1,0,0.755144,0.877572,27,25*6*5,150*16*1
800,2854.93,9722,1,0,0.755307,0.877653,27,25*6*5,150*16*1
801,2854.56,9721,1,0,0.755404,0.877702,27,25*6*5,150*16*1
802,2853.42,9722,1,0,0.755708,0.877854,27,25*6*5,150*16*1
803,2848.41,9721,1,0,0.757036,0.878518,27,25*6*5,150*16*1
804,2845.96,9721,1,0,0.757688,0.878844,27,25*6*5,150*16*1
805,2845.66,9722,1,0,0.757769,0.878884,27,25*6*5,150*16*1
806,2843.43,9721,1,0,0.758363,0.879181,27,25*6*5,150*16*1
807,2832.73,9722,1,0,0.761226,0.880613,27,25*6*5,150*16*1
808,2830.96,9721,1,0,0.761703,0.880852,27,25*6*5,150*16*1
809,2830.83,9721,1,0,0.761738,0.880869,27,25*6*5,150*16*1
810,2828.97,9722,1,0,0.762239,0.88112,27,25*6*5,150*16*1
811,2824.94,9721,1,0,0.763325,0.881663,27,25*6*5,150*16*1
812,2822.33,9722,1,0,0.764033,0.882016,27,25*6*5,150*16*1
813,2817.94,9721,1,0,0.765222,0.882611,27,25*6*5,150*16*1
814,2815.57,9721,1,0,0.765867,0.882933,27,25*6*5,150*16*1
815,2814.53,9722,1,0,0.766149,0.883074,27,25*6*5,150*16*1
816,2814.44,9721,1,0,0.766174,0.883087,27,25*6*5,150*16*1
817,2812.03,9722,1,0,0.766829,0.883415,27,25*6*5,150*16*1
818,2809.11,9721,1,0,0.767626,0.883813,27,25*6*5,150*16*1
819,2802.13,9721,1,0,0.76954,0.88477,27,25*6*5,150*16*1
820,2801.94,9722,1,0,0.769593,0.884796,27,25*6*5,150*16*1
821,2801.36,9721,1,0,0.769752,0.884876,27,25*6*5,150*16*1
822,2800.08,9722,1,0,0.770102,0.885051,27,25*6*5,150*16*1
823,2797.83,9721,1,0,0.770721,0.885361,27,25*6*5,150*16*1
824,2796.76,9721,1,0,0.771018,0.885509,27,25*6*5,150*16*1
825,2796.63,9722,1,0,0.771053,0.885527,27,25*6*5,150*16*1
826,2796.22,9721,1,0,0.771166,0.885583,27,25*6*5,150*16*1
827,2792.25,9722,1,0,0.772261,0.886131,27,25*6*5,150*16*1
828,2791.66,9721,1,0,0.772426,0.886213,27,25*6*5,150*16*1
829,2791.35,9721,1,0,0.772511,0.886255,27,25*6*5,150*16*1
830,2789.91,9722,1,0,0.77291,0.886455,27,25*6*5,150*16*1
831,2786.8,9721,1,0,0.773774,0.886887,27,25*6*5,150*16*1
832,2786.43,9722,1,0,0.773875,0.886937,27,25*6*5,150*16*1
833,2771.17,9721,1,0,0.778138,0.889069,27,25*6*5,150*16*1
834,2768.88,9721,1,0,0.778781,0.889391,27,25*6*5,150*16*1
835,2767.74,9722,1,0,0.779102,0.889551,27,25*6*5,150*16*1
836,2765.32,9721,1,0,0.779784,0.889892,27,25*6*5,150*16*1
837,2765.13,9722,1,0,0.779838,0.889919,27,25*6*5,150*16*1
838,2764.29,9721,1,0,0.780075,0.890037,27,25*6*5,150*16*1
839,2763.5,9721,1,0,0.780298,0.890149,27,25*6*5,150*16*1
840,2763.1,9722,1,0,0.78041,0.890205,27,25*6*5,150*16*1
841,2759.07,9721,1,0,0.781551,0.890775,27,25*6*5,150*16*1
842,2758.86,9722,1,0,0.781608,0.890804,27,25*6*5,150*16*1
843,2757.28,9721,1,0,0.782058,0.891029,27,25*6*5,150*16*1
844,2756.7,9721,1,0,0.78222,0.89111,27,25*6*5,150*16*1
845,2754.93,9722,1,0,0.782725,0.891362,27,25*6*5,150*16*1
846,2754.79,9721,1,0,0.782764,0.891382,27,25*6*5,150*16*1
847,2750.56,9722,1,0,0.783967,0.891984,27,25*6*5,150*16*1
848,2749.18,9721,1,0,0.784361,0.892181,27,25*6*5,150*16*1
849,2745.24,9721,1,0,0.785485,0.892743,27,25*6*5,150*16*1
850,2745,9722,1,0,0.785556,0.892778,27,25*6*5,150*16*1
851,2740.54,9721,1,0,0.786835,0.893417,27,25*6*5,150*16*1
852,2737.38,9722,1,0,0.787742,0.893871,27,25*6*5,150*16*1
853,2736.01,9721,1,0,0.788136,0.894068,27,25*6*5,150*16*1
854,2734.91,9721,1,0,0.788455,0.894227,27,25*6*5,150*16*1
855,2733.61,9722,1,0,0.788829,0.894415,27,25*6*5,150*16*1
856,2733.28,9721,1,0,0.788925,0.894462,27,25*6*5,150*16*1
857,2731.82,9722,1,0,0.789347,0.894674,27,25*6*5,150*16*1
858,2731.38,9721,1,0,0.789474,0.894737,27,25*6*5,150*16*1
859,2731.3,9721,1,0,0.789496,0.894748,27,25*6*5,150*16*1
860,2726.2,9722,1,0,0.790974,0.895487,27,25*6*5,150*16*1
861,2723.57,9721,1,0,0.791738,0.895869,27,25*6*5,150*16*1
862,2718.78,9722,1,0,0.793133,0.896566,27,25*6*5,150*16*1
863,2718.1,9721,1,0,0.79333,0.896665,27,25*6*5,150*16*1
864,2716.76,9721,1,0,0.793723,0.896861,27,25*6*5,150*16*1
865,2716.38,9722,1,0,0.793834,0.896917,27,25*6*5,150*16*1
866,2713.51,9721,1,0,0.794672,0.897336,27,25*6*5,150*16*1
867,2708.72,9722,1,0,0.796076,0.898038,27,25*6*5,150*16*1
868,2708.44,9721,1,0,0.796159,0.89808,27,25*6*5,150*16*1
869,2708.44,9721,1,0,0.796159,0.89808,27,25*6*5,150*16*1
870,2707.25,9722,1,0,0.796508,0.898254,27,25*6*5,150*16*1
871,2707.12,9721,1,0,0.796547,0.898274,27,25*6*5,150*16*1
872,2705.79,9722,1,0,0.796938,0.898469,27,25*6*5,150*16*1
873,2705.56,9721,1,0,0.797007,0.898503,27,25*6*5,150*16*1
874,2702.05,9105,1,0,0.791823,0.895912,26,25*3*9,150*16*1
875,2702.01,9105,1,0,0.791835,0.895917,26,25*3*9,150*16*1
876,2700.61,9104,1,0,0.792245,0.896123,26,25*3*9,150*16*1
877,2697.56,9105,1,0,0.793143,0.896571,26,25*3*9,150*16*1
878,2696.04,9105,1,0,0.79359,0.896795,26,25*3*9,150*16*1
879,2691.55,9105,1,0,0.794913,0.897456,26,25*3*9,150*16*1
880,2691.39,9104,1,0,0.794961,0.897481,26,25*3*9,150*16*1
881,2689.98,9105,1,0,0.795377,0.897689,26,25*3*9,150*16*1
882,2689.96,9105,1,0,0.795383,0.897692,26,25*3*9,150*16*1
883,2689.04,9104,1,0,0.795655,0.897827,26,25*3*9,150*16*1
884,2688.95,9105,1,0,0.795683,0.897841,26,25*3*9,150*16*1
885,2688.28,9105,1,0,0.795882,0.897941,26,25*3*9,150*16*1
886,2687.13,9105,1,0,0.79622,0.89811,26,25*3*9,150*16*1
887,2684.1,9104,1,0,0.797121,0.898561,26,25*3*9,150*16*1
888,2684.08,9105,1,0,0.797125,0.898563,26,25*3*9,150*16*1
889,2678.91,8435,0,0,0.704204,0.852102,25,25*6*4,150*16*1
890,2676.11,8436,1,0,0.704941,0.852471,25,25*6*4,150*16*1
891,2675.97,8435,1,0,0.704979,0.85249,25,25*6*4,150*16*1
892,2674.33,8436,1,0,0.705411,0.852705,25,25*6*4,150*16*1
893,2673.75,8436,1,0,0.705563,0.852781,25,25*6*4,150*16*1
894,2660.23,8435,1,0,0.70915,0.854575,25,25*6*4,150*16*1
895,2652.49,8436,1,0,0.711219,0.855609,25,25*6*4,150*16*1
896,2651.15,8436,1,0,0.711579,0.85579,25,25*6*4,150*16*1
897,2649.07,8435,1,0,0.712138,0.856069,25,25*6*4,150*16*1
898,2645.04,8436,1,0,0.713223,0.856611,25,25*6*4,150*16*1
899,2644.46,8436,1,0,0.713378,0.856689,25,25*6*4,150*16*1
900,2644.01,8435,1,0,0.7135,0.85675,25,25*6*4,150*16*1
901,2642.36,8436,1,0,0.713946,0.856973,25,25*6*4,150*16*1
902,2641.65,8436,1,0,0.714138,0.857069,25,25*6*4,150*16*1
903,2641.07,8435,1,0,0.714294,0.857147,25,25*6*4,150*16*1
904,2641.07,8436,1,0,0.714294,0.857147,25,25*6*4,150*16*1
905,2640.81,8436,1,0,0.714365,0.857183,25,25*6*4,150*16*1
906,2640.77,8435,1,0,0.714374,0.857187,25,25*6*4,150*16*1
907,2638.66,8436,1,0,0.714945,0.857473,25,25*6*4,150*16*1
908,2636.65,8436,1,0,0.715492,0.857746,25,25*6*4,150*16*1
909,2629.6,8435,1,0,0.717408,0.858704,25,25*6*4,150*16*1
910,2627.25,8436,1,0,0.718052,0.859026,25,25*6*4,150*16*1
911,2625.37,8436,1,0,0.718565,0.859282,25,25*6*4,150*16*1
912,2624.65,8435,1,0,0.718763,0.859381,25,25*6*4,150*16*1
913,2620.53,8436,1,0,0.719892,0.859946,25,25*6*4,150*16*1
914,2617.16,8436,1,0,0.720819,0.860409,25,25*6*4,150*16*1
915,2617.01,8435,1,0,0.720861,0.86043,25,25*6*4,150*16*1
916,2612.26,8436,1,0,0.722171,0.861085,25,25*6*4,150*16*1
917,2610.12,8436,1,0,0.722765,0.861382,25,25*6*4,150*16*1
918,2608.78,8435,1,0,0.723136,0.861568,25,25*6*4,150*16*1
919,2607.36,8436,1,0,0.723527,0.861764,25,25*6*4,150*16*1
920,2600.97,8436,1,0,0.725305,0.862653,25,25*6*4,150*16*1
921,2599.7,8435,1,0,0.725662,0.862831,25,25*6*4,150*16*1
922,2598.75,8436,1,0,0.725926,0.862963,25,25*6*4,150*16*1
923,2597.46,8436,1,0,0.726288,0.863144,25,25*6*4,150*16*1
924,2595.85,8435,1,0,0.726736,0.863368,25,25*6*4,150*16*1
925,2595.79,8436,1,0,0.726753,0.863377,25,25*6*4,150*16*1
926,2595.07,8436,1,0,0.726955,0.863477,25,25*6*4,150*16*1
927,2593.08,8435,1,0,0.727512,0.863756,25,25*6*4,150*16*1
928,2592.85,8436,1,0,0.727578,0.863789,25,25*6*4,150*16*1
929,2592.73,8436,1,0,0.727611,0.863805,25,25*6*4,150*16*1
930,2590.18,8435,1,0,0.728326,0.864163,25,25*6*4,150*16*1
931,2589.23,8436,1,0,0.728594,0.864297,25,25*6*4,150*16*1
932,2588.89,8436,1,0,0.72869,0.864345,25,25*6*4,150*16*1
933,2588.46,8435,1,0,0.728813,0.864406,25,25*6*4,150*16*1
934,2587.7,8436,1,0,0.729027,0.864514,25,25*6*4,150*16*1
935,2586.56,8436,1,0,0.729346,0.864673,25,25*6*4,150*16*1
936,2585.36,8435,1,0,0.729686,0.864843,25,25*6*4,150*16*1
937,2585.19,8436,1,0,0.729733,0.864867,25,25*6*4,150*16*1
938,2582.66,8436,1,0,0.730448,0.865224,25,25*6*4,150*16*1
939,2582.46,8435,1,0,0.730505,0.865253,25,25*6*4,150*16*1
940,2582.1,8436,1,0,0.730607,0.865304,25,25*6*4,150*16*1
941,2580.97,8436,1,0,0.730926,0.865463,25,25*6*4,150*16*1
942,2578.27,8435,1,0,0.731691,0.865846,25,25*6*4,150*16*1
943,2575,8436,1,0,0.732621,0.86631,25,25*6*4,150*16*1
944,2571.35,8436,1,0,0.73366,0.86683,25,25*6*4,150*16*1
945,2571.16,8435,1,0,0.733717,0.866858,25,25*6*4,150*16*1
946,2571.12,8436,1,0,0.733726,0.866863,25,25*6*4,150*16*1
947,2570.22,8436,1,0,0.733985,0.866993,25,25*6*4,150*16*1
948,2568.1,8435,1,0,0.73459,0.867295,25,25*6*4,150*16*1
949,2567.24,8436,1,0,0.734837,0.867419,25,25*6*4,150*16*1
950,2566.79,8436,1,0,0.734966,0.867483,25,25*6*4,150*16*1
951,2565.09,8435,1,0,0.735451,0.867725,25,25*6*4,150*16*1
952,2564.77,8436,1,0,0.735545,0.867772,25,25*6*4,150*16*1
953,2564.62,8436,1,0,0.735588,0.867794,25,25*6*4,150*16*1
954,2564.19,8435,1,0,0.735709,0.867854,25,25*6*4,150*16*1
955,2564.18,8436,1,0,0.735712,0.867856,25,25*6*4,150*16*1
956,2563.61,8436,1,0,0.735877,0.867939,25,25*6*4,150*16*1
957,2563.26,8435,1,0,0.735977,0.867988,25,25*6*4,150*16*1
958,2563.05,8436,1,0,0.736037,0.868019,25,25*6*4,150*16*1
959,2562.83,8436,1,0,0.736101,0.868051,25,25*6*4,150*16*1
960,2561.79,8435,1,0,0.736399,0.868199,25,25*6*4,150*16*1
961,2560.8,8436,1,0,0.736684,0.868342,25,25*6*4,150*16*1
962,2560.68,8436,1,0,0.736718,0.868359,25,25*6*4,150*16*1
963,2560.38,8435,1,0,0.736805,0.868402,25,25*6*4,150*16*1
964,2560.36,8436,1,0,0.73681,0.868405,25,25*6*4,150*16*1
965,2559.8,8436,1,0,0.736972,0.868486,25,25*6*4,150*16*1
966,2558,8435,1,0,0.737491,0.868745,25,25*6*4,150*16*1
967,2556.55,8436,1,0,0.737908,0.868954,25,25*6*4,150*16*1
968,2556.54,8436,1,0,0.737912,0.868956,25,25*6*4,150*16*1
969,2555.44,8435,1,0,0.738228,0.869114,25,25*6*4,150*16*1
970,2555.05,8436,1,0,0.738341,0.869171,25,25*6*4,150*16*1
971,2554.19,8436,1,0,0.738591,0.869296,25,25*6*4,150*16*1
972,2552.69,8435,1,0,0.739023,0.869512,25,25*6*4,150*16*1
973,2552.59,8436,1,0,0.739054,0.869527,25,25*6*4,150*16*1
974,2551.67,8436,1,0,0.739321,0.86966,25,25*6*4,150*16*1
975,2549.24,8435,1,0,0.740026,0.870013,25,25*6*4,150*16*1
976,2547.07,8436,1,0,0.740656,0.870328,25,25*6*4,150*16*1
977,2546.19,8436,1,0,0.74091,0.870455,25,25*6*4,150*16*1
978,2545.8,8435,1,0,0.741024,0.870512,25,25*6*4,150*16*1
979,2545.8,8436,1,0,0.741026,0.870513,25,25*6*4,150*16*1
980,2545.76,8436,1,0,0.741036,0.870518,25,25*6*4,150*16*1
981,2544.39,8435,1,0,0.741434,0.870717,25,25*6*4,150*16*1
982,2543.97,8436,1,0,0.741559,0.870779,25,25*6*4,150*16*1
983,2543.83,8436,1,0,0.741599,0.870799,25,25*6*4,150*16*1
984,2543.66,8435,1,0,0.741647,0.870823,25,25*6*4,150*16*1
985,2543.33,8436,1,0,0.741745,0.870873,25,25*6*4,150*16*1
986,2543.23,8436,1,0,0.741772,0.870886,25,25*6*4,150*16*1
987,2543.09,8435,1,0,0.741814,0.870907,25,25*6*4,150*16*1
988,2543.08,8436,1,0,0.741816,0.870908,25,25*6*4,150*16*1
989,2542.45,8436,1,0,0.742,0.871,25,25*6*4,150*16*1
990,2541.39,8435,1,0,0.742309,0.871155,25,25*6*4,150*16*1
991,2540.83,8436,1,0,0.742473,0.871237,25,25*6*4,150*16*1
992,2540.3,8436,1,0,0.74263,0.871315,25,25*6*4,150*16*1
993,2540.15,8435,1,0,0.742673,0.871336,25,25*6*4,150*16*1
994,2539.83,8436,1,0,0.742767,0.871383,25,25*6*4,150*16*1
995,2538.33,8436,1,0,0.743204,0.871602,25,25*6*4,150*16*1
996,2537.46,8435,1,0,0.743461,0.87173,25,25*6*4,150*16*1
997,2535.74,8436,1,0,0.743965,0.871983,25,25*6*4,150*16*1
998,2535,8436,1,0,0.744181,0.872091,25,25*6*4,150*16*1
999,2533.98,8435,1,0,0.74448,0.87224,25,25*6*4,150*16*1
1000,2533.02,8436,1,0,0.744762,0.872381,25,25*6*4,150*16*1
1001,2531.3,8436,1,0,0.745271,0.872635,25,25*6*4,150*16*1
1002,2531.2,8435,1,0,0.745297,0.872649,25,25*6*4,150*16*1
1003,2530.83,8436,1,0,0.745408,0.872704,25,25*6*4,150*16*1
1004,2530.1,8436,1,0,0.745623,0.872811,25,25*6*4,150*16*1
1005,2529.99,8435,1,0,0.745656,0.872828,25,25*6*4,150*16*1
1006,2529.64,8436,1,0,0.745759,0.87288,25,25*6*4,150*16*1
1007,2529.58,8436,1,0,0.745775,0.872888,25,25*6*4,150*16*1
1008,2528.99,8435,1,0,0.745949,0.872974,25,25*6*4,150*16*1
1009,2528.68,8436,1,0,0.746042,0.873021,25,25*6*4,150*16*1
1010,2528.66,8436,1,0,0.746047,0.873024,25,25*6*4,150*16*1
1011,2528.46,8435,1,0,0.746105,0.873053,25,25*6*4,150*16*1
1012,2528.42,8436,1,0,0.746119,0.873059,25,25*6*4,150*16*1
1013,2527.43,8436,1,0,0.746412,0.873206,25,25*6*4,150*16*1
1014,2527.05,8435,1,0,0.746521,0.873261,25,25*6*4,150*16*1
1015,2526.51,8436,1,0,0.746682,0.873341,25,25*6*4,150*16*1
1016,2526.22,8436,1,0,0.746769,0.873385,25,25*6*4,150*16*1
1017,2526.08,8435,1,0,0.746808,0.873404,25,25*6*4,150*16*1
1018,2525.25,8436,1,0,0.747054,0.873527,25,25*6*4,150*16*1
1019,2525.11,8436,1,0,0.747097,0.873549,25,25*6*4,150*16*1
1020,2524.61,8435,1,0,0.747244,0.873622,25,25*6*4,150*16*1
1021,2524.59,8436,1,0,0.747251,0.873625,25,25*6*4,150*16*1
1022,2523.76,8436,1,0,0.747497,0.873748,25,25*6*4,150*16*1
1023,2523.59,8435,1,0,0.747545,0.873773,25,25*6*4,150*16*1
1024,2523.55,8436,1,0,0.747558,0.873779,25,25*6*4,150*16*1
1025,2523.12,8436,1,0,0.747685,0.873843,25,25*6*4,150*16*1
1026,2523.09,8435,1,0,0.747693,0.873847,25,25*6*4,150*16*1
1027,2522.85,8436,1,0,0.747766,0.873883,25,25*6*4,150*16*1
1028,2522.55,8436,1,0,0.747856,0.873928,25,25*6*4,150*16*1
1029,2522.39,8435,1,0,0.747901,0.87395,25,25*6*4,150*16*1
1030,2522.34,8436,1,0,0.747915,0.873958,25,25*6*4,150*16*1
1031,2522.25,8436,1,0,0.747943,0.873972,25,25*6*4,150*16*1
1032,2522.16,8435,1,0,0.74797,0.873985,25,25*6*4,150*16*1
1033,2522.15,8436,1,0,0.747974,0.873987,25,25*6*4,150*16*1
1034,2521.47,8436,1,0,0.748173,0.874087,25,25*6*4,150*16*1
1035,2521.4,8435,1,0,0.748195,0.874097,25,25*6*4,150*16*1
1036,2521.1,8436,1,0,0.748284,0.874142,25,25*6*4,150*16*1
1037,2521.06,8436,1,0,0.748297,0.874149,25,25*6*4,150*16*1
1038,2520.74,8435,1,0,0.748392,0.874196,25,25*6*4,150*16*1
1039,2520.27,8436,1,0,0.74853,0.874265,25,25*6*4,150*16*1
1040,2520.22,8436,1,0,0.748546,0.874273,25,25*6*4,150*16*1
1041,2520.16,8435,1,0,0.748562,0.874281,25,25*6*4,150*16*1
1042,2519.87,8436,1,0,0.748651,0.874325,25,25*6*4,150*16*1
1043,2519.72,8436,1,0,0.748694,0.874347,25,25*6*4,150*16*1
1044,2519.69,8435,1,0,0.748703,0.874351,25,25*6*4,150*16*1
1045,2519.68,8436,1,0,0.748707,0.874353,25,25*6*4,150*16*1
1046,2519.44,8436,1,0,0.748778,0.874389,25,25*6*4,150*16*1
1047,2519.22,8435,1,0,0.748841,0.874421,25,25*6*4,150*16*1
1048,2519.17,8436,1,0,0.748857,0.874429,25,25*6*4,150*16*1
1049,2519.16,8436,1,0,0.74886,0.87443,25,25*6*4,150*16*1
1050,2519.16,8435,1,0,0.748861,0.874431,25,25*6*4,150*16*1
1051,2518.9,8436,1,0,0.748939,0.874469,25,25*6*4,150*16*1
1052,2518.83,8436,1,0,0.748959,0.87448,25,25*6*4,150*16*1
1053,2518.78,8435,1,0,0.748974,0.874487,25,25*6*4,150*16*1
1054,2518.74,8436,1,0,0.748987,0.874493,25,25*6*4,150*16*1
1055,2518.72,8436,1,0,0.748993,0.874496,25,25*6*4,150*16*1
1056,2518.4,8435,1,0,0.749086,0.874543,25,25*6*4,150*16*1
1057,2518.27,8436,1,0,0.749124,0.874562,25,25*6*4,150*16*1
1058,2518.2,8436,1,0,0.749147,0.874573,25,25*6*4,150*16*1
1059,2517.93,8435,1,0,0.749228,0.874614,25,25*6*4,150*16*1
1060,2517.9,8436,1,0,0.749235,0.874618,25,25*6*4,150*16*1
1061,2517.61,8436,1,0,0.749321,0.87466,25,25*6*4,150*16*1
1062,2517.61,8435,1,0,0.749321,0.874661,25,25*6*4,150*16*1
1063,2517.55,8436,1,0,0.74934,0.87467,25,25*6*4,150*16*1
1064,2517.51,8436,1,0,0.749352,0.874676,25,25*6*4,150*16*1
1065,2517.24,8435,1,0,0.749431,0.874716,25,25*6*4,150*16*1
1066,2517.19,8436,1,0,0.749448,0.874724,25,25*6*4,150*16*1
1067,2517.07,8436,1,0,0.749484,0.874742,25,25*6*4,150*16*1
1068,2516.92,8435,1,0,0.749528,0.874764,25,25*6*4,150*16*1
1069,2516.89,8436,1,0,0.749537,0.874769,25,25*6*4,150*16*1
1070,2516.58,8436,1,0,0.749628,0.874814,25,25*6*4,150*16*1
1071,2516.36,8435,1,0,0.749694,0.874847,25,25*6*4,150*16*1
1072,2515.78,8436,1,0,0.749867,0.874933,25,25*6*4,150*16*1
1073,2515.74,8436,1,0,0.74988,0.87494,25,25*6*4,150*16*1
1074,2515.66,8435,1,0,0.749903,0.874951,25,25*6*4,150*16*1
1075,2515.57,8436,1,0,0.749931,0.874965,25,25*6*4,150*16*1
1076,2515.36,8436,1,0,0.749993,0.874997,25,25*6*4,150*16*1
1077,2515.25,8435,1,0,0.750026,0.875013,25,25*6*4,150*16*1
1078,2515.18,8436,1,0,0.750045,0.875022,25,25*6*4,150*16*1
1079,2515.12,8436,1,0,0.750062,0.875031,25,25*6*4,150*16*1
1080,2514.91,8435,1,0,0.750125,0.875063,25,25*6*4,150*16*1
1081,2514.72,8436,1,0,0.750183,0.875091,25,25*6*4,150*16*1
1082,2514.61,8436,1,0,0.750216,0.875108,25,25*6*4,150*16*1
1083,2514.58,8435,1,0,0.750225,0.875112,25,25*6*4,150*16*1
1084,2514.45,8436,1,0,0.750264,0.875132,25,25*6*4,150*16*1
1085,2514.2,8436,1,0,0.750337,0.875168,25,25*6*4,150*16*1
1086,2514.18,8435,1,0,0.750343,0.875171,25,25*6*4,150*16*1
1087,2513.99,8436,1,0,0.750399,0.8752,25,25*6*4,150*16*1
1088,2513.98,8436,1,0,0.750403,0.875201,25,25*6*4,150*16*1
1089,2512.8,8435,1,0,0.750757,0.875379,25,25*6*4,150*16*1
1090,2512.34,8436,1,0,0.750893,0.875446,25,25*6*4,150*16*1
1091,2512.22,8436,1,0,0.75093,0.875465,25,25*6*4,150*16*1
1092,2511.99,8435,1,0,0.750999,0.8755,25,25*6*4,150*16*1
1093,2510.41,8436,1,0,0.75147,0.875735,25,25*6*4,150*16*1
